2015-09-10 09:30:11,110.0200,110.3100,109.9400,110.2500,1398100
2015-09-10 09:31:00,110.2600,110.3500,110.0100,110.0100,350700
2015-09-10 09:32:00,110.4400,110.4600,110.1800,110.2900,300700
2015-09-10 09:33:00,110.6500,110.7000,110.4200,110.4372,446900
2015-09-10 09:34:59,110.2200,110.6700,110.2100,110.6360,347800
2015-09-10 09:35:59,109.9400,110.3600,109.9000,110.2410,454200
2015-09-10 09:36:59,110.1500,110.1500,109.9000,109.9500,377900
2015-09-10 09:37:00,110.3000,110.3614,110.0700,110.1500,251000
2015-09-10 09:38:59,111.0100,111.0200,110.3100,110.3100,621300
2015-09-10 09:39:59,111.1399,111.1600,110.8400,111.0100,487300
2015-09-10 09:40:59,111.3800,111.4300,111.1300,111.1400,537600
2015-09-10 09:41:59,111.5180,111.6800,111.2900,111.3800,525900
2015-09-10 09:42:01,111.4599,111.6200,111.3800,111.5614,450100
2015-09-10 09:43:00,111.3600,111.5264,111.3100,111.4500,315600
2015-09-10 09:44:59,111.2100,111.4500,111.2000,111.3700,287000
2015-09-10 09:45:59,111.4200,111.5900,111.1800,111.1900,278900
2015-09-10 09:46:00,111.3900,111.5600,111.3800,111.4350,247300
2015-09-10 09:47:59,111.3100,111.4500,111.2600,111.3900,149100
2015-09-10 09:48:00,111.3400,111.4300,111.2600,111.2900,167100
2015-09-10 09:49:00,111.3900,111.4800,111.3100,111.3400,233500
2015-09-10 09:50:59,111.2000,111.3590,111.1800,111.3500,280600
2015-09-10 09:51:00,111.1000,111.3000,111.0000,111.2000,521800
2015-09-10 09:52:00,111.2600,111.3600,111.1100,111.1100,283400
2015-09-10 09:53:00,111.1300,111.3000,111.0600,111.2900,196900
2015-09-10 09:54:59,111.3236,111.3300,111.0800,111.1300,242100
2015-09-10 09:55:00,111.1850,111.4500,111.1800,111.3200,307800
2015-09-10 09:56:59,111.2900,111.3399,111.1400,111.1700,237100
2015-09-10 09:57:00,111.2250,111.3500,111.2100,111.2900,185000
2015-09-10 09:58:02,111.3340,111.4100,111.2100,111.2100,199700
2015-09-10 09:59:59,111.1800,111.3550,111.1400,111.3500,263500
2015-09-10 10:00:00,111.2190,111.3398,111.1900,111.1900,175500
2015-09-10 10:01:59,111.1500,111.2300,111.1000,111.1500,147900
2015-09-10 10:02:59,111.2800,111.3000,111.0800,111.1400,283800
2015-09-10 10:03:59,110.9110,111.3100,110.8800,111.2800,307000
2015-09-10 10:04:00,110.9499,110.9590,110.8100,110.9100,197200
2015-09-10 10:05:00,111.0000,111.1200,110.9518,110.9900,216000
2015-09-10 10:06:00,111.0500,111.1300,110.9600,111.0100,152700
2015-09-10 10:07:59,111.0800,111.1000,110.9300,111.0416,142000
2015-09-10 10:08:00,110.9000,111.1900,110.9000,111.0700,193700
2015-09-10 10:09:00,111.0600,111.1000,110.9000,110.9200,124800
2015-09-10 10:10:01,110.7400,111.0700,110.7000,111.0650,354800
2015-09-10 10:11:59,110.7800,110.8400,110.7000,110.7350,205600
2015-09-10 10:12:00,110.8300,110.8699,110.7400,110.7750,135900
2015-09-10 10:13:59,110.9400,110.9900,110.7900,110.8370,149500
2015-09-10 10:14:58,110.8200,110.9390,110.8200,110.9300,98700
2015-09-10 10:15:59,110.8500,111.0300,110.8065,110.8300,203500
2015-09-10 10:16:00,110.9740,111.0700,110.8500,110.8600,188800
2015-09-10 10:17:59,111.0200,111.1200,110.9400,110.9800,188600
2015-09-10 10:18:00,111.1400,111.1600,110.9700,111.0100,178000
2015-09-10 10:19:59,111.3140,111.3400,111.1450,111.1600,258000
2015-09-10 10:20:00,111.3700,111.4499,111.2800,111.3100,286800
2015-09-10 10:21:01,111.2700,111.4100,111.2100,111.3999,169900
2015-09-10 10:22:59,111.4420,111.4800,111.2700,111.2701,199800
2015-09-10 10:23:59,111.3950,111.4700,111.3200,111.4400,157400
2015-09-10 10:24:00,111.2550,111.3950,111.2100,111.3900,131700
2015-09-10 10:25:01,111.2300,111.3100,111.2000,111.2600,71100
2015-09-10 10:26:00,111.2700,111.3100,111.1500,111.2100,187900
2015-09-10 10:27:59,111.3250,111.3400,111.1700,111.2700,150100
2015-09-10 10:28:00,111.2750,111.3800,111.2500,111.3200,139100
2015-09-10 10:29:58,111.4500,111.4500,111.2900,111.2900,156100
2015-09-10 10:30:02,111.4700,111.5500,111.4300,111.4698,226900
2015-09-10 10:31:59,111.7500,111.7600,111.4600,111.4800,407000
2015-09-10 10:32:49,111.7299,111.8400,111.6710,111.7511,327100
2015-09-10 10:33:59,111.7299,111.7800,111.6600,111.7600,134900
2015-09-10 10:34:00,111.7300,111.7800,111.6000,111.7350,276900
2015-09-10 10:35:31,111.7700,111.9200,111.7300,111.8900,301800
2015-09-10 10:36:59,111.8500,111.9300,111.7700,111.7700,197200
2015-09-10 10:37:59,111.8900,111.9200,111.8500,111.8550,171100
2015-09-10 10:38:00,111.9100,111.9200,111.8300,111.8730,156600
2015-09-10 10:39:00,111.9750,111.9900,111.9010,111.9033,251700
2015-09-10 10:40:00,112.0600,112.1300,111.9700,111.9700,491800
2015-09-10 10:41:59,112.0800,112.1000,111.9700,112.0600,196800
2015-09-10 10:42:00,112.1299,112.1300,111.9900,112.0800,244000
2015-09-10 10:43:00,112.1000,112.1800,112.0900,112.1200,159000
2015-09-10 10:44:32,112.1330,112.1900,112.0900,112.1050,80000
2015-09-10 10:45:11,112.1400,112.1700,112.0900,112.1400,201200
2015-09-10 10:46:00,112.2999,112.3200,112.1350,112.1390,284700
2015-09-10 10:47:00,112.4600,112.4700,112.2860,112.2911,323000
2015-09-10 10:48:00,112.2600,112.4772,112.2300,112.4500,236300
2015-09-10 10:49:00,112.3900,112.4300,112.2700,112.2700,133800
2015-09-10 10:50:51,112.6150,112.6200,112.3900,112.4100,305800
2015-09-10 10:51:51,112.5500,112.7100,112.5100,112.6000,385000
2015-09-10 10:52:59,112.4700,112.5800,112.4100,112.5800,204400
2015-09-10 10:53:00,112.4700,112.5200,112.4100,112.4700,194000
2015-09-10 10:54:52,112.4350,112.5100,112.4300,112.4800,100600
2015-09-10 10:55:09,112.3700,112.4900,112.3600,112.4600,203300
2015-09-10 10:56:59,112.3450,112.4800,112.3200,112.3900,141800
2015-09-10 10:57:00,112.3100,112.4050,112.3100,112.3499,198000
2015-09-10 10:58:01,112.2570,112.3500,112.2500,112.3300,203800
2015-09-10 10:59:00,112.3350,112.3900,112.2600,112.2800,267600
2015-09-10 11:00:59,112.3600,112.4600,112.3000,112.3300,198600
2015-09-10 11:01:00,112.3150,112.4200,112.2900,112.3700,123000
2015-09-10 11:02:59,112.3100,112.3500,112.2900,112.3190,102600
2015-09-10 11:03:00,112.3700,112.3800,112.2500,112.3000,252800
2015-09-10 11:04:01,112.2600,112.3400,112.2550,112.3400,129500
2015-09-10 11:05:33,112.2800,112.3000,112.2300,112.2849,83500
2015-09-10 11:06:00,112.2700,112.3300,112.2500,112.2850,137400
2015-09-10 11:07:00,112.4100,112.4500,112.2650,112.2700,204600
2015-09-10 11:08:59,112.3950,112.4500,112.3650,112.4100,109300
2015-09-10 11:09:59,112.2900,112.4100,112.2700,112.4000,148400
2015-09-10 11:10:59,112.2600,112.3200,112.2200,112.2900,163900
2015-09-10 11:11:59,112.1699,112.2700,112.1200,112.2600,169800
2015-09-10 11:12:59,112.2300,112.3012,112.1650,112.1650,129900
2015-09-10 11:13:58,112.2710,112.2850,112.1900,112.2350,103000
2015-09-10 11:14:59,112.1030,112.2950,112.1000,112.2750,168200
2015-09-10 11:15:59,112.0450,112.1600,112.0200,112.1100,146400
2015-09-10 11:16:59,112.0890,112.0900,111.9700,112.0410,191200
2015-09-10 11:17:00,111.9800,112.1400,111.9700,112.0900,177700
2015-09-10 11:18:00,112.0500,112.1000,111.9310,112.0000,157000
2015-09-10 11:19:00,111.9600,112.0900,111.9300,112.0600,104700
2015-09-10 11:20:58,111.8640,112.0400,111.8600,111.9600,179600
2015-09-10 11:21:09,111.9000,111.9500,111.8200,111.9420,148400
2015-09-10 11:22:59,111.9900,112.0200,111.8800,111.9114,184600
2015-09-10 11:23:01,111.9562,112.0300,111.9200,112.0000,250700
2015-09-10 11:24:58,111.9000,111.9299,111.8700,111.8820,59800
2015-09-10 11:25:59,111.8100,111.8900,111.7710,111.8900,126900
2015-09-10 11:26:59,111.9520,111.9770,111.7600,111.8000,191800
2015-09-10 11:27:00,111.9610,112.0100,111.9100,111.9600,136400
2015-09-10 11:28:59,111.9100,112.0000,111.9100,111.9887,76500
2015-09-10 11:29:59,112.1086,112.1200,111.9100,111.9100,176700
2015-09-10 11:30:59,112.1100,112.1601,112.0400,112.1100,212700
2015-09-10 11:31:59,112.0900,112.1600,112.0500,112.1200,96500
2015-09-10 11:32:00,112.0800,112.1200,112.0200,112.0800,86300
2015-09-10 11:33:02,112.2700,112.2700,112.0900,112.0900,124300
2015-09-10 11:34:59,112.1490,112.2800,112.1400,112.2600,152800
2015-09-10 11:35:59,112.2000,112.2499,112.1500,112.1500,76300
2015-09-10 11:36:59,112.3190,112.3290,112.1900,112.2000,81800
2015-09-10 11:37:03,112.5500,112.5550,112.3300,112.3400,280400
2015-09-10 11:38:00,112.5600,112.6600,112.4800,112.5450,834100
2015-09-10 11:39:59,112.4899,112.5800,112.4600,112.5800,129100
2015-09-10 11:40:05,112.4200,112.5100,112.3800,112.4900,132200
2015-09-10 11:41:59,112.3901,112.4400,112.3600,112.4200,99900
2015-09-10 11:42:00,112.4500,112.4600,112.3500,112.4000,106000
2015-09-10 11:43:29,112.5400,112.5500,112.4900,112.4975,80600
2015-09-10 11:44:43,112.5000,112.5700,112.4900,112.5700,167400
2015-09-10 11:45:59,112.4690,112.5400,112.4600,112.5100,55400
2015-09-10 11:46:00,112.4600,112.5000,112.4300,112.4630,90700
2015-09-10 11:47:00,112.4600,112.5200,112.4400,112.4700,91400
2015-09-10 11:48:59,112.3799,112.5200,112.3600,112.4700,122900
2015-09-10 11:49:59,112.2200,112.3800,112.1950,112.3700,155600
2015-09-10 11:50:00,112.2800,112.3190,112.2300,112.2300,79200
2015-09-10 11:51:00,112.2300,112.2900,112.1501,112.2800,92200
2015-09-10 11:52:02,112.2799,112.3000,112.2250,112.2400,97800
2015-09-10 11:53:01,112.2500,112.3500,112.2450,112.2800,76700
2015-09-10 11:54:11,112.4400,112.4700,112.3000,112.3100,103100
2015-09-10 11:55:00,112.4000,112.5400,112.3900,112.4500,111300
2015-09-10 11:56:00,112.3000,112.4400,112.2500,112.4050,87100
2015-09-10 11:57:57,112.4500,112.4900,112.2900,112.2900,101000
2015-09-10 11:58:00,112.4550,112.4950,112.4300,112.4651,76500
2015-09-10 11:59:59,112.4200,112.5300,112.4100,112.4600,87600
2015-09-10 12:00:00,112.4740,112.5400,112.4300,112.4400,99800
2015-09-10 12:01:01,112.4900,112.5300,112.4200,112.4700,59200
2015-09-10 12:02:00,112.4800,112.5600,112.4700,112.4950,106900
2015-09-10 12:03:59,112.4445,112.5300,112.4368,112.5000,65000
2015-09-10 12:04:00,112.5360,112.5600,112.4300,112.4490,101600
2015-09-10 12:05:00,112.4300,112.5800,112.4300,112.5400,113400
2015-09-10 12:06:59,112.4600,112.4700,112.3800,112.4300,81100
2015-09-10 12:07:00,112.5600,112.5800,112.4550,112.4600,79500
2015-09-10 12:08:59,112.7470,112.7500,112.5350,112.5400,230000
2015-09-10 12:09:01,112.7186,112.7700,112.6500,112.7500,213600
2015-09-10 12:10:59,112.6940,112.7400,112.6300,112.7150,115900
2015-09-10 12:11:00,112.6599,112.7099,112.6100,112.6950,97600
2015-09-10 12:12:00,112.5960,112.6800,112.5700,112.6550,184200
2015-09-10 12:13:01,112.6301,112.6500,112.5300,112.5900,99100
2015-09-10 12:14:59,112.6100,112.6850,112.5550,112.6300,111500
2015-09-10 12:15:59,112.7050,112.7201,112.5800,112.6000,116200
2015-09-10 12:16:58,112.6100,112.7000,112.5751,112.6900,95200
2015-09-10 12:17:58,112.4400,112.6200,112.4200,112.6200,150900
2015-09-10 12:18:01,112.4900,112.5330,112.4400,112.4600,71900
2015-09-10 12:19:00,112.4000,112.5000,112.3200,112.4800,125700
2015-09-10 12:20:00,112.4800,112.4900,112.3800,112.4000,205500
2015-09-10 12:21:00,112.4500,112.5000,112.4500,112.4800,24600
2015-09-10 12:22:59,112.3700,112.4863,112.3400,112.4700,143900
2015-09-10 12:23:00,112.3200,112.3800,112.2650,112.3600,152900
2015-09-10 12:24:56,112.3400,112.4000,112.3010,112.3030,46400
2015-09-10 12:25:00,112.3800,112.4200,112.3400,112.3400,90000
2015-09-10 12:26:00,112.4450,112.5100,112.4000,112.4000,106400
2015-09-10 12:27:59,112.3600,112.4500,112.3200,112.4500,129400
2015-09-10 12:28:59,112.3600,112.4100,112.2700,112.3600,72800
2015-09-10 12:29:00,112.3400,112.3900,112.2900,112.3430,78400
2015-09-10 12:30:45,112.2700,112.3600,112.1900,112.3500,95500
2015-09-10 12:31:01,112.3200,112.3300,112.2400,112.2500,72400
2015-09-10 12:32:59,112.2600,112.3430,112.2300,112.3101,90100
2015-09-10 12:33:00,112.4400,112.4500,112.2550,112.2550,77600
2015-09-10 12:34:02,112.4000,112.4500,112.3850,112.4400,56400
2015-09-10 12:35:54,112.4820,112.5200,112.3600,112.3868,123600
2015-09-10 12:36:59,112.5300,112.5700,112.4600,112.4800,106400
2015-09-10 12:37:00,112.5000,112.5300,112.4650,112.5300,120300
2015-09-10 12:38:00,112.5000,112.5200,112.4450,112.5000,69900
2015-09-10 12:39:58,112.5300,112.5500,112.4500,112.4771,36400
2015-09-10 12:40:00,112.5100,112.5400,112.4200,112.5400,76700
2015-09-10 12:41:01,112.4800,112.5400,112.4400,112.5100,61000
2015-09-10 12:42:59,112.3899,112.4800,112.3700,112.4700,63900
2015-09-10 12:43:01,112.4210,112.4840,112.3800,112.3800,59900
2015-09-10 12:44:01,112.4471,112.5100,112.4300,112.4300,89900
2015-09-10 12:45:01,112.4350,112.4700,112.4000,112.4400,36500
2015-09-10 12:46:00,112.4300,112.4700,112.3800,112.4350,70200
2015-09-10 12:47:03,112.3900,112.4700,112.3750,112.4350,38400
2015-09-10 12:48:05,112.4760,112.4800,112.3900,112.3900,113500
2015-09-10 12:49:59,112.6100,112.6200,112.5030,112.5500,135300
2015-09-10 12:50:00,112.5762,112.6200,112.5450,112.6000,91600
2015-09-10 12:51:21,112.5700,112.5750,112.5300,112.5600,18700
2015-09-10 12:52:00,112.5650,112.5900,112.5200,112.5600,36900
2015-09-10 12:53:01,112.5759,112.5759,112.5000,112.5599,45000
2015-09-10 12:54:00,112.6000,112.6300,112.5500,112.5800,132700
2015-09-10 12:55:59,112.5900,112.6225,112.5400,112.5900,61200
2015-09-10 12:56:00,112.5872,112.6300,112.5800,112.5950,101900
2015-09-10 12:57:55,112.6300,112.6300,112.5800,112.5900,36300
2015-09-10 12:58:39,112.4350,112.4400,112.3889,112.4300,176400
2015-09-10 12:59:02,112.4750,112.4900,112.4300,112.4500,49400
2015-09-10 13:00:59,112.4300,112.4599,112.4000,112.4300,55900
2015-09-10 13:01:02,112.3600,112.4700,112.3600,112.4400,43400
2015-09-10 13:02:00,112.3951,112.4001,112.3200,112.3600,89300
2015-09-10 13:03:00,112.3894,112.4499,112.3800,112.3900,52200
2015-09-10 13:04:59,112.3994,112.4100,112.3253,112.3900,42400
2015-09-10 13:05:59,112.4700,112.5100,112.3800,112.3900,81100
2015-09-10 13:06:00,112.4700,112.5000,112.4500,112.4760,39200
2015-09-10 13:07:59,112.4950,112.5000,112.4500,112.4800,34000
2015-09-10 13:08:02,112.4490,112.5400,112.4400,112.4910,56800
2015-09-10 13:09:56,112.4100,112.4800,112.4000,112.4500,49300
2015-09-10 13:10:59,112.5200,112.5400,112.4100,112.4100,70800
2015-09-10 13:11:00,112.4500,112.5300,112.4500,112.5200,38700
2015-09-10 13:12:59,112.4040,112.4601,112.3300,112.4500,121900
2015-09-10 13:13:57,112.3700,112.4100,112.3550,112.4000,44400
2015-09-10 13:14:00,112.2500,112.3900,112.2400,112.3601,109100
2015-09-10 13:15:00,112.3000,112.3500,112.2500,112.2560,36800
2015-09-10 13:16:00,112.4300,112.4500,112.2700,112.2800,69000
2015-09-10 13:17:00,112.3800,112.4400,112.3600,112.4300,64400
2015-09-10 13:18:59,112.3200,112.4000,112.3200,112.3800,23400
2015-09-10 13:19:00,112.4200,112.4500,112.3000,112.3200,75900
2015-09-10 13:20:00,112.3900,112.4400,112.3700,112.4200,39500
2015-09-10 13:21:00,112.4600,112.4600,112.3500,112.3700,56600
2015-09-10 13:22:30,112.4300,112.4740,112.4200,112.4400,102300
2015-09-10 13:23:00,112.5900,112.6500,112.4290,112.4400,146600
2015-09-10 13:24:00,112.6750,112.6900,112.5700,112.5900,133900
2015-09-10 13:25:00,112.6600,112.7200,112.6600,112.6700,97000
2015-09-10 13:26:00,112.6166,112.6790,112.5600,112.6700,72400
2015-09-10 13:27:59,112.7190,112.7200,112.6100,112.6200,39800
2015-09-10 13:28:59,112.9000,112.9200,112.7150,112.7200,386900
2015-09-10 13:29:59,112.9100,112.9300,112.8301,112.9050,155000
2015-09-10 13:30:01,112.8800,112.9400,112.8600,112.9001,134100
2015-09-10 13:31:23,112.8300,112.8500,112.8130,112.8500,64300
2015-09-10 13:32:00,112.9700,112.9700,112.7900,112.8200,185000
2015-09-10 13:33:59,112.9700,113.0100,112.9400,112.9600,340100
2015-09-10 13:34:05,113.0400,113.0400,112.9200,112.9500,105400
2015-09-10 13:35:59,112.9950,113.0500,112.9700,113.0350,129800
2015-09-10 13:36:00,113.1100,113.1400,112.9800,113.0100,205700
2015-09-10 13:37:59,113.1800,113.2800,113.0800,113.1100,344600
2015-09-10 13:38:00,113.1500,113.2250,113.1399,113.1800,136900
2015-09-10 13:39:00,113.0688,113.1600,113.0410,113.1600,187400
2015-09-10 13:40:00,113.0550,113.1000,113.0500,113.0700,129800
2015-09-10 13:41:00,112.9800,113.0700,112.9600,113.0550,186800
2015-09-10 13:42:00,112.9700,113.0200,112.8500,112.9900,193000
2015-09-10 13:43:00,112.9700,112.9800,112.9100,112.9800,104300
2015-09-10 13:44:24,112.9600,112.9720,112.9300,112.9700,22100
2015-09-10 13:45:12,112.9300,113.0001,112.9200,112.9640,160400
2015-09-10 13:46:00,112.8700,112.9500,112.8475,112.9400,155100
2015-09-10 13:47:57,112.9100,112.9400,112.8600,112.8700,149100
2015-09-10 13:48:33,112.8700,112.9500,112.8690,112.9200,69300
2015-09-10 13:49:59,112.8800,112.9100,112.8200,112.8450,157800
2015-09-10 13:50:00,112.9300,112.9500,112.8660,112.8800,207900
2015-09-10 13:51:20,113.0000,113.0701,112.9800,113.0530,55900
2015-09-10 13:52:00,112.8600,113.0000,112.8600,113.0000,76900
2015-09-10 13:53:59,112.8600,112.9200,112.8300,112.8650,147700
2015-09-10 13:54:59,112.8000,112.8850,112.7300,112.8690,159300
2015-09-10 13:55:59,112.7600,112.8300,112.7510,112.8000,82200
2015-09-10 13:56:00,112.8100,112.8300,112.7000,112.7500,92300
2015-09-10 13:57:52,112.7950,112.8300,112.7400,112.8101,47300
2015-09-10 13:58:07,112.7600,112.7900,112.7000,112.7700,107500
2015-09-10 13:59:00,112.8200,112.8500,112.7550,112.7600,336600
2015-09-10 14:00:20,112.8199,112.8850,112.7750,112.8750,77600
2015-09-10 14:01:00,112.7950,112.8500,112.7900,112.8200,132600
2015-09-10 14:02:34,112.6290,112.7600,112.6150,112.7425,72900
2015-09-10 14:03:59,112.6550,112.6799,112.5750,112.6290,104600
2015-09-10 14:04:00,112.6650,112.7031,112.6401,112.6500,85300
2015-09-10 14:05:59,112.7300,112.7800,112.6200,112.6600,91800
2015-09-10 14:06:00,112.7100,112.7500,112.7000,112.7200,31000
2015-09-10 14:07:00,112.6964,112.7200,112.6600,112.7000,83100
2015-09-10 14:08:00,112.6600,112.6998,112.6150,112.6900,67000
2015-09-10 14:09:59,112.6600,112.7000,112.6200,112.6700,41100
2015-09-10 14:10:59,112.7000,112.7100,112.6400,112.6400,87300
2015-09-10 14:11:00,112.8050,112.8200,112.6900,112.7000,81400
2015-09-10 14:12:59,112.8100,112.8100,112.7275,112.8000,79200
2015-09-10 14:13:59,112.8400,112.8700,112.7840,112.8186,77300
2015-09-10 14:14:58,112.7400,112.8570,112.7200,112.8300,83000
2015-09-10 14:15:58,112.5700,112.7699,112.5600,112.7440,137700
2015-09-10 14:16:59,112.5800,112.6100,112.5350,112.5700,119600
2015-09-10 14:17:00,112.5563,112.6400,112.5100,112.5784,150000
2015-09-10 14:18:59,112.4100,112.5800,112.3110,112.5501,224600
2015-09-10 14:19:00,112.4300,112.4720,112.3600,112.4000,135000
2015-09-10 14:20:00,112.4200,112.4600,112.3700,112.4350,60400
2015-09-10 14:21:59,112.4000,112.4800,112.3700,112.4153,59100
2015-09-10 14:22:00,112.5020,112.5220,112.3800,112.4000,77200
2015-09-10 14:23:00,112.5100,112.5500,112.4400,112.5001,61700
2015-09-10 14:24:01,112.5400,112.6000,112.5200,112.5300,103100
2015-09-10 14:25:00,112.5800,112.6200,112.5200,112.5400,96200
2015-09-10 14:26:58,112.5800,112.6000,112.5400,112.5820,60600
2015-09-10 14:27:00,112.6050,112.6200,112.5500,112.5850,84500
2015-09-10 14:28:59,112.6200,112.6700,112.5800,112.6000,80600
2015-09-10 14:29:00,112.6699,112.6700,112.5800,112.6200,48900
2015-09-10 14:30:01,112.8500,112.8800,112.6400,112.6700,130200
2015-09-10 14:31:00,112.8400,112.9000,112.7900,112.8500,116900
2015-09-10 14:32:05,112.9450,112.9698,112.8499,112.8499,87100
2015-09-10 14:33:43,112.8999,112.8999,112.8400,112.8400,131200
2015-09-10 14:34:59,112.8400,112.9100,112.8400,112.8801,78800
2015-09-10 14:35:00,112.8600,112.8800,112.8300,112.8400,70200
2015-09-10 14:36:01,112.7700,112.8900,112.7600,112.8600,82900
2015-09-10 14:37:00,112.8300,112.8500,112.7410,112.7800,66600
2015-09-10 14:38:00,112.8827,112.8899,112.8000,112.8400,86400
2015-09-10 14:39:01,112.8700,112.9000,112.8400,112.8900,60800
2015-09-10 14:40:02,112.9600,112.9600,112.8500,112.8500,74600
2015-09-10 14:41:00,113.0400,113.0400,112.9550,112.9634,167900
2015-09-10 14:42:00,113.0900,113.1200,113.0300,113.0400,147400
2015-09-10 14:43:59,112.9900,113.1000,112.9800,113.0900,97800
2015-09-10 14:44:59,112.9800,112.9931,112.9300,112.9900,118800
2015-09-10 14:45:00,113.0300,113.0400,112.9500,112.9800,103100
2015-09-10 14:46:00,113.0100,113.0450,113.0000,113.0300,58800
2015-09-10 14:47:04,112.8851,112.9900,112.8100,112.9900,118100
2015-09-10 14:48:31,112.9005,112.9200,112.8600,112.8900,38400
2015-09-10 14:49:59,112.9460,112.9499,112.8700,112.9300,120400
2015-09-10 14:50:02,112.9401,113.0100,112.9400,112.9410,68900
2015-09-10 14:51:02,112.9400,113.0000,112.9110,112.9500,90700
2015-09-10 14:52:59,112.8400,112.9470,112.8150,112.9470,114000
2015-09-10 14:53:00,112.8200,112.8900,112.8200,112.8380,70100
2015-09-10 14:54:01,112.8600,112.9000,112.7800,112.8200,123900
2015-09-10 14:55:02,112.7100,112.8470,112.7000,112.8470,119800
2015-09-10 14:56:02,112.7100,112.7500,112.6400,112.7343,84100
2015-09-10 14:57:00,112.6550,112.7400,112.6300,112.7100,119500
2015-09-10 14:58:59,112.5100,112.6800,112.5000,112.6400,149700
2015-09-10 14:59:00,112.5300,112.5600,112.4900,112.5200,66800
2015-09-10 15:00:59,112.5801,112.5900,112.4700,112.5060,136300
2015-09-10 15:01:00,112.5800,112.5800,112.5800,112.5800,100
2015-09-10 15:01:59,112.6000,112.6510,112.5100,112.5800,179500
2015-09-10 15:02:59,112.4400,112.5925,112.4400,112.5900,131500
2015-09-10 15:03:59,112.3000,112.4700,112.2900,112.4300,214300
2015-09-10 15:04:59,112.2500,112.2501,112.1110,112.2400,289800
2015-09-10 15:05:59,112.3200,112.3700,112.2300,112.2320,185300
2015-09-10 15:06:59,112.4400,112.4800,112.2800,112.3100,179500
2015-09-10 15:07:59,112.3910,112.4763,112.3600,112.4300,70100
2015-09-10 15:08:57,112.4355,112.4600,112.3800,112.3900,76700
2015-09-10 15:09:59,112.5200,112.5200,112.4100,112.4400,83200
2015-09-10 15:10:59,112.6000,112.6298,112.5100,112.5100,137800
2015-09-10 15:11:59,112.5984,112.6100,112.5400,112.6000,100500
2015-09-10 15:12:59,112.5200,112.6800,112.5087,112.5940,125600
2015-09-10 15:13:59,112.5200,112.5900,112.4700,112.5246,105000
2015-09-10 15:14:59,112.6500,112.6700,112.4077,112.5200,75400
2015-09-10 15:15:59,112.7700,112.8200,112.6500,112.6600,205300
2015-09-10 15:16:00,112.7700,112.7700,112.7700,112.7700,700
2015-09-10 15:16:59,112.7700,112.8300,112.7500,112.7700,100200
2015-09-10 15:17:02,112.7700,112.7700,112.7700,112.7700,5400
2015-09-10 15:17:59,112.7700,112.7999,112.7200,112.7600,155700
2015-09-10 15:18:59,112.6500,112.7700,112.6200,112.7600,124000
2015-09-10 15:19:59,112.6660,112.6660,112.5900,112.6400,82700
2015-09-10 15:20:47,112.6100,112.7000,112.6000,112.6600,91400
2015-09-10 15:21:59,112.5799,112.5900,112.4700,112.5500,200900
2015-09-10 15:22:59,112.6100,112.7389,112.5800,112.5800,246800
2015-09-10 15:23:59,112.6050,112.6300,112.5600,112.6100,81900
2015-09-10 15:24:59,112.5200,112.6737,112.4600,112.6737,129900
2015-09-10 15:25:52,112.5700,112.5900,112.4850,112.5200,98800
2015-09-10 15:26:59,112.3690,112.5600,112.3100,112.5600,194200
2015-09-10 15:27:59,112.4050,112.4400,112.3100,112.3600,164800
2015-09-10 15:28:58,112.4800,112.5036,112.4200,112.4200,111800
2015-09-10 15:29:59,112.4800,112.5600,112.4600,112.4800,143900
2015-09-10 15:30:59,112.3901,112.4700,112.2950,112.4700,163300
2015-09-10 15:31:59,112.3200,112.4300,112.3200,112.4000,80800
2015-09-10 15:32:00,112.3280,112.3280,112.3280,112.3280,400
2015-09-10 15:32:26,112.2600,112.3400,112.2500,112.3280,54400
2015-09-10 15:33:59,112.2300,112.3260,112.2100,112.2500,270000
2015-09-10 15:34:59,112.3300,112.4037,112.1599,112.2400,134200
2015-09-10 15:35:59,112.3900,112.4200,112.3250,112.3400,163600
2015-09-10 15:36:59,112.2646,112.3950,112.1800,112.3950,162000
2015-09-10 15:37:58,112.1950,112.2700,112.1800,112.2656,89800
2015-09-10 15:38:59,112.1900,112.2100,112.1000,112.2000,226300
2015-09-10 15:39:00,112.1901,112.1901,112.1901,112.1901,100
2015-09-10 15:39:59,112.2210,112.2650,112.1815,112.1901,172100
2015-09-10 15:40:59,112.1700,112.2726,112.0700,112.2300,208800
2015-09-10 15:41:59,111.9700,112.2100,111.9500,112.1550,240500
2015-09-10 15:42:59,112.1000,112.1250,111.9600,111.9600,228300
2015-09-10 15:43:00,112.1000,112.1000,112.1000,112.1000,100
2015-09-10 15:43:35,112.0972,112.1000,112.0210,112.1000,78300
2015-09-10 15:44:59,112.2800,112.2900,112.1100,112.1800,276500
2015-09-10 15:45:59,112.2600,112.3400,112.2100,112.2450,161700
2015-09-10 15:46:59,112.1750,112.2800,112.1200,112.2700,161700
2015-09-10 15:47:56,112.2600,112.3150,112.1400,112.1800,172700
2015-09-10 15:48:34,112.2499,112.2499,112.2499,112.2499,86800
2015-09-10 15:48:59,112.1500,112.2500,112.1500,112.2499,180100
2015-09-10 15:49:58,112.2400,112.3200,112.1450,112.1500,153900
2015-09-10 15:50:59,112.4000,112.4500,112.2500,112.2700,223100
2015-09-10 15:51:59,112.2900,112.4000,112.2600,112.4000,145800
2015-09-10 15:52:59,112.3000,112.3100,112.1900,112.2900,158500
2015-09-10 15:53:59,112.3499,112.3700,112.2637,112.3099,132600
2015-09-10 15:54:00,112.3500,112.3500,112.3500,112.3500,100
2015-09-10 15:54:56,112.4100,112.4298,112.3100,112.3500,152600
2015-09-10 15:55:57,112.4850,112.4900,112.2955,112.3900,229100
2015-09-10 15:56:09,112.5500,112.5500,112.5500,112.5500,70500
2015-09-10 15:56:59,112.6350,112.6800,112.5400,112.5500,318000
2015-09-10 15:57:59,112.4700,112.6400,112.4650,112.6350,259200
2015-09-10 15:58:56,112.5199,112.5800,112.4500,112.4600,241700
2015-09-10 15:59:00,112.4600,112.4600,112.4600,112.4600,41500
2015-09-10 15:59:59,112.5900,112.6000,112.4300,112.4600,616100
2015-09-10 16:00:00,112.5700,112.5700,112.5700,112.5700,600
2015-09-11 09:30:07,112.0550,112.0800,111.8000,111.8900,846900
2015-09-11 09:31:05,111.9200,112.0499,111.8000,112.0000,257300
2015-09-11 09:32:00,112.0050,112.1000,111.8800,111.8900,254800
2015-09-11 09:33:59,112.0400,112.0700,111.8400,111.9800,225200
2015-09-11 09:34:00,111.9900,112.0500,111.9200,112.0500,178900
2015-09-11 09:35:02,112.2400,112.2500,111.7700,111.9200,271800
2015-09-11 09:36:59,112.2500,112.3600,112.0900,112.2599,292400
2015-09-11 09:37:00,112.3900,112.3900,112.2092,112.2092,212000
2015-09-11 09:38:59,112.2800,112.4600,112.2500,112.3867,260600
2015-09-11 09:39:59,112.2600,112.3700,112.2600,112.2850,143000
2015-09-11 09:40:59,112.2801,112.3300,112.2400,112.2600,177100
2015-09-11 09:41:59,112.2600,112.3000,112.1700,112.2500,272300
2015-09-11 09:42:00,112.1300,112.2600,112.1000,112.2550,252300
2015-09-11 09:43:00,112.1000,112.1550,112.0200,112.1500,217200
2015-09-11 09:44:00,112.0000,112.1350,111.9700,112.1000,261600
2015-09-11 09:45:59,112.0200,112.0600,111.9800,112.0300,197100
2015-09-11 09:46:00,112.0000,112.0900,112.0000,112.0200,167200
2015-09-11 09:47:59,112.0300,112.0500,111.9900,112.0000,150100
2015-09-11 09:48:59,112.1400,112.1600,111.9700,112.0200,232100
2015-09-11 09:49:00,112.0100,112.1510,112.0000,112.1400,98400
2015-09-11 09:50:00,111.9600,112.1088,111.9400,112.0100,176200
2015-09-11 09:51:59,111.9100,111.9900,111.9000,111.9500,138100
2015-09-11 09:52:00,111.8900,112.0200,111.8691,111.9157,149000
2015-09-11 09:53:59,111.9200,111.9900,111.8600,111.8980,145700
2015-09-11 09:54:59,111.8900,111.9700,111.8600,111.9200,136800
2015-09-11 09:55:59,112.0900,112.1000,111.8800,111.8900,206900
2015-09-11 09:56:00,112.2400,112.2780,112.0800,112.0900,255400
2015-09-11 09:57:00,112.1200,112.2199,112.0900,112.2097,140200
2015-09-11 09:58:59,112.1000,112.1700,111.9500,112.1700,168800
2015-09-11 09:59:00,112.0000,112.1000,111.9700,112.0700,127600
2015-09-11 10:00:59,111.8700,112.0174,111.8500,111.9699,200100
2015-09-11 10:01:00,111.9900,112.0150,111.8600,111.8700,209100
2015-09-11 10:02:11,111.9968,112.0100,111.9400,111.9600,55400
2015-09-11 10:03:00,112.0200,112.1100,111.9300,111.9900,175300
2015-09-11 10:04:02,111.9200,112.0000,111.8700,112.0000,88000
2015-09-11 10:05:00,111.9100,111.9500,111.8700,111.9240,99900
2015-09-11 10:06:59,111.8950,111.9600,111.8850,111.9300,93500
2015-09-11 10:07:00,111.8600,111.9400,111.8300,111.8950,140000
2015-09-11 10:08:00,112.0500,112.0900,111.8500,111.8550,240700
2015-09-11 10:09:00,112.0800,112.1500,112.0250,112.0600,143600
2015-09-11 10:10:03,112.0800,112.1400,112.0100,112.0400,129100
2015-09-11 10:11:01,112.0200,112.0800,111.9800,112.0800,132900
2015-09-11 10:12:59,112.0401,112.1500,112.0195,112.0250,129400
2015-09-11 10:13:59,111.9757,112.0700,111.9300,112.0450,127500
2015-09-11 10:14:59,111.9630,112.0000,111.9100,111.9700,91800
2015-09-11 10:15:00,111.9600,111.9900,111.9300,111.9700,92400
2015-09-11 10:16:00,112.0200,112.0900,111.9600,111.9600,105300
2015-09-11 10:17:01,112.1300,112.1500,111.9800,112.0100,124700
2015-09-11 10:18:01,112.1170,112.1200,112.0600,112.1100,71300
2015-09-11 10:19:01,112.1200,112.1800,112.1000,112.1197,114300
2015-09-11 10:20:59,112.2210,112.2250,112.1100,112.1300,139100
2015-09-11 10:21:59,112.2150,112.2900,112.1800,112.2300,130000
2015-09-11 10:22:59,112.1780,112.2250,112.1500,112.2100,74600
2015-09-11 10:23:59,112.1910,112.2100,112.1300,112.1600,63300
2015-09-11 10:24:01,112.1800,112.2000,112.1300,112.2000,52100
2015-09-11 10:25:00,112.1900,112.2400,112.1750,112.1772,95400
2015-09-11 10:26:59,112.1400,112.1900,112.0800,112.1800,94900
2015-09-11 10:27:00,112.1200,112.1900,112.0900,112.1450,68800
2015-09-11 10:28:00,112.1500,112.1557,112.0700,112.1100,130900
2015-09-11 10:29:00,112.0100,112.1628,112.0000,112.1599,71200
2015-09-11 10:30:59,111.9800,112.0300,111.9700,112.0000,69400
2015-09-11 10:31:00,112.0300,112.0900,111.9800,111.9900,67300
2015-09-11 10:32:00,111.9800,112.0500,111.9800,112.0300,30600
2015-09-11 10:33:56,112.0400,112.0501,111.9300,111.9800,112300
2015-09-11 10:34:59,112.0460,112.0800,111.9800,112.0000,86900
2015-09-11 10:35:59,111.9800,112.0550,111.9400,112.0550,126100
2015-09-11 10:36:00,111.9900,112.0760,111.9700,111.9900,92700
2015-09-11 10:37:00,112.0500,112.0570,111.9800,112.0100,65300
2015-09-11 10:38:59,112.0400,112.0800,112.0100,112.0500,59600
2015-09-11 10:39:59,112.1500,112.1500,112.0294,112.0404,78200
2015-09-11 10:40:59,112.2000,112.2200,112.1100,112.1500,102800
2015-09-11 10:41:59,112.2400,112.2900,112.2000,112.2000,112300
2015-09-11 10:42:58,112.3400,112.3400,112.2300,112.2500,132200
2015-09-11 10:43:59,112.4300,112.4300,112.3128,112.3300,132600
2015-09-11 10:44:03,112.5000,112.5360,112.3800,112.4300,195800
2015-09-11 10:45:00,112.5260,112.6000,112.5000,112.5001,132100
2015-09-11 10:46:59,112.4100,112.5300,112.4100,112.5290,152000
2015-09-11 10:47:00,112.4900,112.5200,112.4100,112.4100,95200
2015-09-11 10:48:59,112.4710,112.5100,112.4500,112.4950,74900
2015-09-11 10:49:00,112.5100,112.5300,112.4700,112.4800,71900
2015-09-11 10:50:59,112.4500,112.5200,112.4412,112.5150,81800
2015-09-11 10:51:00,112.4200,112.4600,112.4100,112.4600,98100
2015-09-11 10:52:59,112.4297,112.4400,112.3700,112.4110,97500
2015-09-11 10:53:00,112.4676,112.5000,112.4100,112.4250,119400
2015-09-11 10:54:02,112.4100,112.4900,112.3800,112.4600,136000
2015-09-11 10:55:59,112.3500,112.4200,112.3300,112.4100,101300
2015-09-11 10:56:00,112.2705,112.3630,112.2700,112.3400,155600
2015-09-11 10:57:59,112.3500,112.3900,112.2799,112.2800,110300
2015-09-11 10:58:02,112.3200,112.3500,112.2900,112.3300,56100
2015-09-11 10:59:00,112.3200,112.3690,112.3000,112.3100,57300
2015-09-11 11:00:59,112.2800,112.3600,112.2300,112.3200,81400
2015-09-11 11:01:58,112.2970,112.3610,112.2500,112.2800,84100
2015-09-11 11:02:59,112.1700,112.3000,112.1600,112.2900,138500
2015-09-11 11:03:00,112.1400,112.1840,112.1300,112.1700,77400
2015-09-11 11:04:01,112.1600,112.2200,112.0800,112.1370,132600
2015-09-11 11:05:59,112.2100,112.2300,112.1600,112.1700,67000
2015-09-11 11:06:58,112.2700,112.3300,112.1500,112.2043,105200
2015-09-11 11:07:45,112.2600,112.3000,112.2500,112.2800,44200
2015-09-11 11:08:49,112.2800,112.3200,112.2400,112.2742,87200
2015-09-11 11:09:59,112.1600,112.2300,112.1500,112.2200,116600
2015-09-11 11:10:59,112.1800,112.2506,112.1540,112.1540,60900
2015-09-11 11:11:00,112.1500,112.1900,112.1100,112.1800,117500
2015-09-11 11:12:59,112.1530,112.1700,112.1100,112.1401,31800
2015-09-11 11:13:59,112.0657,112.1500,112.0657,112.1400,104800
2015-09-11 11:14:59,112.0950,112.1200,112.0500,112.0600,74500
2015-09-11 11:15:01,112.0800,112.1100,112.0600,112.0900,49700
2015-09-11 11:16:00,112.0900,112.1100,112.0500,112.0800,54000
2015-09-11 11:17:02,112.0650,112.1100,112.0100,112.0800,87200
2015-09-11 11:18:59,112.0700,112.0800,111.9900,112.0600,79000
2015-09-11 11:19:00,112.2200,112.2200,112.0795,112.0795,128700
2015-09-11 11:20:59,112.1800,112.2400,112.1500,112.2100,74500
2015-09-11 11:21:59,112.1600,112.1800,112.1200,112.1800,31400
2015-09-11 11:22:00,112.1000,112.2000,112.0800,112.1450,57100
2015-09-11 11:23:00,112.0900,112.0900,112.0900,112.0900,100
2015-09-11 11:23:58,112.1700,112.2200,112.0800,112.0800,256200
2015-09-11 11:24:59,112.1800,112.2200,112.1200,112.1600,65400
2015-09-11 11:25:55,112.1300,112.2000,112.1200,112.1740,45600
2015-09-11 11:26:59,112.1900,112.1900,112.0900,112.1299,53700
2015-09-11 11:27:59,112.1200,112.2100,112.1138,112.2000,38900
2015-09-11 11:28:58,112.1640,112.1700,112.1170,112.1300,53300
2015-09-11 11:29:59,112.2100,112.2100,112.1300,112.1700,60000
2015-09-11 11:30:58,112.1700,112.2900,112.1609,112.2000,107800
2015-09-11 11:31:59,112.2270,112.2300,112.1301,112.1800,61000
2015-09-11 11:32:59,112.1600,112.2200,112.1100,112.2200,80200
2015-09-11 11:33:56,112.0740,112.1700,112.0740,112.1400,42600
2015-09-11 11:34:58,112.0500,112.1150,112.0500,112.1000,78000
2015-09-11 11:35:59,112.0590,112.0700,111.9900,112.0550,155500
2015-09-11 11:36:59,112.1100,112.1201,112.0600,112.0600,71300
2015-09-11 11:37:59,112.1780,112.1800,112.0700,112.1100,82700
2015-09-11 11:38:00,112.1600,112.1600,112.1600,112.1600,500
2015-09-11 11:38:59,112.1600,112.1800,112.1100,112.1600,57400
2015-09-11 11:39:59,112.2900,112.3200,112.1500,112.1700,128300
2015-09-11 11:40:00,112.2700,112.3800,112.2600,112.3000,159200
2015-09-11 11:41:00,112.2200,112.3260,112.2000,112.2700,83900
2015-09-11 11:42:58,112.2747,112.2800,112.1900,112.2400,38900
2015-09-11 11:43:59,112.2443,112.3000,112.2000,112.2700,55900
2015-09-11 11:44:59,112.2500,112.2900,112.2300,112.2550,29700
2015-09-11 11:45:00,112.2400,112.2900,112.2300,112.2500,49900
2015-09-11 11:46:59,112.2200,112.2732,112.2000,112.2543,33200
2015-09-11 11:47:57,112.2199,112.2490,112.1800,112.2200,60600
2015-09-11 11:48:59,112.2400,112.2800,112.2000,112.2600,61900
2015-09-11 11:49:00,112.2700,112.3500,112.2400,112.2499,79400
2015-09-11 11:50:59,112.3100,112.3450,112.2511,112.2700,54200
2015-09-11 11:51:00,112.4900,112.5300,112.3150,112.3200,183800
2015-09-11 11:52:02,112.4750,112.5400,112.4300,112.5000,104100
2015-09-11 11:53:00,112.4100,112.4800,112.3900,112.4650,84300
2015-09-11 11:54:59,112.4900,112.5200,112.4100,112.4100,65000
2015-09-11 11:55:04,112.5700,112.5900,112.5000,112.5160,120800
2015-09-11 11:56:56,112.5400,112.5900,112.4700,112.5650,86400
2015-09-11 11:57:58,112.5698,112.5700,112.4900,112.5450,111300
2015-09-11 11:58:00,112.5100,112.6000,112.5000,112.5690,138800
2015-09-11 11:59:01,112.5400,112.5800,112.5100,112.5200,41000
2015-09-11 12:00:00,112.5500,112.5900,112.5100,112.5300,50300
2015-09-11 12:01:58,112.5890,112.6100,112.5230,112.5400,109200
2015-09-11 12:02:59,112.6753,112.6790,112.5500,112.5800,147700
2015-09-11 12:03:59,112.8000,112.8300,112.6700,112.6700,271200
2015-09-11 12:04:59,112.7900,112.8299,112.7100,112.8000,211900
2015-09-11 12:05:00,112.8700,112.9098,112.7900,112.7965,191700
2015-09-11 12:06:01,112.7500,112.8900,112.7300,112.8700,126300
2015-09-11 12:07:00,112.7000,112.7500,112.6800,112.7400,107200
2015-09-11 12:08:00,112.7300,112.7400,112.6700,112.7099,183900
2015-09-11 12:09:26,112.7500,112.7500,112.7200,112.7300,26300
2015-09-11 12:10:00,112.8600,112.8800,112.7400,112.7443,95800
2015-09-11 12:11:59,112.8800,112.9000,112.8450,112.8600,65200
2015-09-11 12:12:59,112.8308,112.9050,112.8289,112.8770,84300
2015-09-11 12:13:00,112.8937,112.9150,112.8200,112.8250,113200
2015-09-11 12:14:59,112.9000,112.9000,112.8800,112.9000,48200
2015-09-11 12:15:02,112.8400,112.9100,112.8400,112.8900,80000
2015-09-11 12:16:00,112.7590,112.8538,112.7500,112.8500,69000
2015-09-11 12:17:57,112.7105,112.7800,112.7105,112.7650,87500
2015-09-11 12:18:01,112.7310,112.7800,112.7200,112.7200,42600
2015-09-11 12:19:59,112.7100,112.7600,112.6900,112.7437,112900
2015-09-11 12:20:00,112.7500,112.7500,112.7000,112.7000,35300
2015-09-11 12:21:00,112.7789,112.7950,112.7500,112.7500,60900
2015-09-11 12:22:40,112.7400,112.7690,112.7300,112.7650,110100
2015-09-11 12:23:53,112.7700,112.7700,112.7350,112.7350,6600
2015-09-11 12:24:00,112.7950,112.8000,112.7600,112.7700,32800
2015-09-11 12:25:54,112.8600,112.8735,112.7900,112.7900,97200
2015-09-11 12:26:00,112.8000,112.8700,112.7736,112.8600,60200
2015-09-11 12:27:59,112.8550,112.8550,112.7900,112.7949,37100
2015-09-11 12:28:04,112.9100,112.9500,112.8500,112.8568,127300
2015-09-11 12:29:00,112.9500,112.9500,112.8500,112.9170,80300
2015-09-11 12:30:59,113.1100,113.1400,112.9200,112.9300,361500
2015-09-11 12:31:00,113.0850,113.1284,113.0700,113.1170,202700
2015-09-11 12:32:59,113.0801,113.1100,113.0700,113.0800,133400
2015-09-11 12:33:59,113.0743,113.1300,113.0200,113.0850,334700
2015-09-11 12:34:01,113.0628,113.0900,113.0050,113.0800,72200
2015-09-11 12:35:58,113.0400,113.0650,113.0000,113.0600,80100
2015-09-11 12:36:59,112.9857,113.0700,112.9700,113.0450,93900
2015-09-11 12:37:49,112.9800,113.0100,112.9600,112.9700,35500
2015-09-11 12:38:21,112.9543,112.9690,112.9400,112.9600,120400
2015-09-11 12:39:59,112.9200,112.9700,112.9000,112.9300,65100
2015-09-11 12:40:58,112.9500,112.9800,112.9200,112.9200,52900
2015-09-11 12:41:59,112.9200,112.9600,112.9200,112.9600,36400
2015-09-11 12:42:00,112.9400,112.9600,112.9049,112.9200,61800
2015-09-11 12:43:58,112.9800,112.9901,112.9400,112.9400,33900
2015-09-11 12:44:00,113.0700,113.1000,112.9829,112.9829,116600
2015-09-11 12:45:50,113.0200,113.0798,113.0050,113.0750,65400
2015-09-11 12:46:02,113.0800,113.0900,113.0400,113.0400,45700
2015-09-11 12:47:01,113.1500,113.1500,113.0600,113.0800,128500
2015-09-11 12:48:13,113.1800,113.1800,113.0860,113.1500,98800
2015-09-11 12:49:58,113.1843,113.1900,113.1100,113.1700,120100
2015-09-11 12:50:00,113.1900,113.2100,113.1400,113.1800,98800
2015-09-11 12:51:59,113.2632,113.3000,113.2000,113.2000,168400
2015-09-11 12:52:00,113.2800,113.3000,113.2300,113.2700,228300
2015-09-11 12:53:32,113.2000,113.2400,113.1800,113.2400,44300
2015-09-11 12:54:00,113.1910,113.2300,113.1800,113.2100,51500
2015-09-11 12:55:59,113.2200,113.2928,113.1900,113.1994,114800
2015-09-11 12:56:59,113.2001,113.2250,113.1300,113.2100,108900
2015-09-11 12:57:59,113.2111,113.2600,113.2000,113.2000,56500
2015-09-11 12:58:59,113.1950,113.2428,113.1900,113.2200,55900
2015-09-11 12:59:01,113.2400,113.2700,113.1900,113.1966,98300
2015-09-11 13:00:00,113.2400,113.2400,113.2400,113.2400,300
2015-09-11 13:00:59,113.2800,113.3000,113.2324,113.2400,64400
2015-09-11 13:01:59,113.1999,113.2855,113.1899,113.2710,83000
2015-09-11 13:02:58,113.2200,113.2651,113.1900,113.1999,99400
2015-09-11 13:03:57,113.2179,113.2800,113.2000,113.2300,93100
2015-09-11 13:04:41,113.2350,113.2400,113.2200,113.2200,29800
2015-09-11 13:05:59,113.2600,113.2700,113.2100,113.2500,52200
2015-09-11 13:06:59,113.2600,113.3100,113.2300,113.2700,117700
2015-09-11 13:07:59,113.2099,113.2546,113.1950,113.2500,64700
2015-09-11 13:08:59,113.1950,113.2099,113.1561,113.2039,95100
2015-09-11 13:09:59,113.2300,113.2400,113.1500,113.2000,107300
2015-09-11 13:10:59,113.2300,113.2700,113.2000,113.2200,49300
2015-09-11 13:11:53,113.2000,113.2500,113.1700,113.2399,42600
2015-09-11 13:12:59,113.2200,113.2310,113.1901,113.2000,37900
2015-09-11 13:13:56,113.2200,113.2500,113.2090,113.2370,47100
2015-09-11 13:14:59,113.1700,113.2356,113.1700,113.2285,88700
2015-09-11 13:15:03,113.1700,113.1700,113.1700,113.1700,100
2015-09-11 13:16:00,113.1200,113.1500,113.0900,113.1300,72200
2015-09-11 13:17:00,113.1100,113.1200,113.0700,113.1200,75700
2015-09-11 13:18:56,113.0900,113.1200,113.0900,113.1028,43100
2015-09-11 13:19:59,113.0400,113.0800,113.0300,113.0770,75000
2015-09-11 13:20:00,112.9637,113.0600,112.9400,113.0400,160200
2015-09-11 13:21:00,112.9800,113.0000,112.9500,112.9700,99200
2015-09-11 13:22:00,112.9001,112.9800,112.9000,112.9800,88100
2015-09-11 13:23:00,112.9500,112.9500,112.9099,112.9100,68800
2015-09-11 13:24:59,112.8500,112.9500,112.8500,112.9500,90800
2015-09-11 13:25:59,112.8350,112.8750,112.8300,112.8400,94600
2015-09-11 13:26:00,112.8300,112.8400,112.8100,112.8300,84900
2015-09-11 13:27:05,112.8700,112.9100,112.8001,112.8300,91400
2015-09-11 13:28:01,112.8949,112.9100,112.8600,112.8870,50900
2015-09-11 13:29:59,112.9350,112.9350,112.8805,112.8900,58300
2015-09-11 13:30:00,112.9600,113.0100,112.9000,112.9290,125200
2015-09-11 13:31:00,113.0010,113.0249,112.9500,112.9600,61300
2015-09-11 13:32:59,112.8760,113.0031,112.8701,113.0000,77800
2015-09-11 13:33:00,112.8730,112.9000,112.8500,112.8800,89600
2015-09-11 13:34:29,112.8600,112.9100,112.8600,112.8900,39000
2015-09-11 13:35:59,112.8600,112.8700,112.8200,112.8600,64600
2015-09-11 13:36:00,112.8800,112.8800,112.8200,112.8600,50500
2015-09-11 13:37:13,112.9200,112.9400,112.8700,112.8800,99100
2015-09-11 13:38:59,112.9100,112.9500,112.8700,112.9200,44600
2015-09-11 13:39:59,112.9500,112.9600,112.9100,112.9200,61500
2015-09-11 13:40:01,112.9300,112.9600,112.9100,112.9440,47800
2015-09-11 13:41:03,112.9900,112.9900,112.9100,112.9360,80500
2015-09-11 13:42:58,113.0450,113.0700,112.9800,112.9870,117600
2015-09-11 13:43:01,113.0600,113.0890,113.0300,113.0400,58200
2015-09-11 13:44:02,113.0400,113.1190,113.0400,113.0600,83400
2015-09-11 13:45:00,113.0100,113.0510,112.9900,113.0500,78200
2015-09-11 13:46:10,113.0500,113.0600,112.9800,112.9900,36000
2015-09-11 13:47:55,113.1200,113.1299,113.0200,113.0500,64700
2015-09-11 13:48:20,113.0553,113.1400,113.0200,113.1200,101900
2015-09-11 13:49:59,113.0702,113.0900,113.0500,113.0501,37800
2015-09-11 13:50:57,113.0300,113.0700,113.0300,113.0500,32700
2015-09-11 13:51:00,113.1500,113.1500,113.0200,113.0300,120200
2015-09-11 13:52:01,113.1259,113.1500,113.1200,113.1500,54100
2015-09-11 13:53:59,113.1600,113.1800,113.1000,113.1250,77300
2015-09-11 13:54:48,113.1700,113.2111,113.1600,113.1610,81800
2015-09-11 13:55:55,113.2500,113.2900,113.2000,113.2001,185900
2015-09-11 13:56:02,113.2800,113.2900,113.2610,113.2610,117600
2015-09-11 13:57:00,113.4002,113.4100,113.2751,113.2900,242900
2015-09-11 13:58:00,113.3800,113.4300,113.3701,113.4100,187700
2015-09-11 13:59:57,113.2700,113.3600,113.2700,113.2990,54600
2015-09-11 14:00:00,113.2500,113.3200,113.2400,113.2800,72800
2015-09-11 14:01:04,113.2800,113.3000,113.2090,113.2500,367200
2015-09-11 14:02:01,113.2900,113.3400,113.2500,113.2900,138500
2015-09-11 14:03:00,113.2400,113.2900,113.1900,113.2900,75100
2015-09-11 14:04:00,113.2499,113.2500,113.1800,113.2487,69800
2015-09-11 14:05:00,113.1900,113.2400,113.1600,113.2400,80800
2015-09-11 14:06:59,113.0800,113.1750,113.0700,113.1702,119400
2015-09-11 14:07:00,113.1400,113.1500,113.0600,113.0739,88300
2015-09-11 14:08:59,113.1900,113.2200,113.0801,113.1340,76000
2015-09-11 14:09:00,113.1800,113.2199,113.1700,113.2000,68500
2015-09-11 14:10:32,113.3000,113.3100,113.2400,113.2400,42900
2015-09-11 14:11:58,113.3100,113.3400,113.2600,113.3000,81000
2015-09-11 14:12:59,113.2900,113.3200,113.2800,113.3128,52100
2015-09-11 14:13:58,113.2800,113.3000,113.2400,113.2900,57600
2015-09-11 14:14:49,113.2636,113.2900,113.2390,113.2800,85600
2015-09-11 14:15:59,113.2950,113.3300,113.2200,113.2300,60600
2015-09-11 14:16:00,113.4090,113.4100,113.2900,113.2941,140600
2015-09-11 14:17:01,113.4300,113.4500,113.3800,113.4050,151100
2015-09-11 14:18:02,113.4200,113.4400,113.3900,113.4300,51200
2015-09-11 14:19:01,113.4402,113.4500,113.4100,113.4250,93800
2015-09-11 14:20:00,113.5300,113.5300,113.4300,113.4440,275000
2015-09-11 14:21:00,113.5800,113.6000,113.5250,113.5300,169400
2015-09-11 14:22:59,113.5790,113.6200,113.5700,113.5800,116600
2015-09-11 14:23:00,113.6400,113.6500,113.5700,113.5700,124300
2015-09-11 14:24:59,113.6400,113.6700,113.6300,113.6400,93600
2015-09-11 14:25:00,113.6199,113.6500,113.5900,113.6500,97900
2015-09-11 14:26:13,113.6199,113.6200,113.5600,113.6100,170000
2015-09-11 14:27:02,113.6051,113.6200,113.5700,113.5900,124900
2015-09-11 14:28:00,113.6386,113.6400,113.6000,113.6100,27000
2015-09-11 14:29:07,113.6693,113.6800,113.6300,113.6700,146700
2015-09-11 14:30:59,113.8100,113.8300,113.6500,113.6500,367800
2015-09-11 14:31:59,113.7386,113.8300,113.7200,113.8200,154500
2015-09-11 14:32:00,113.7820,113.7820,113.7300,113.7300,75900
2015-09-11 14:33:00,113.7800,113.8687,113.7600,113.7900,223700
2015-09-11 14:34:00,113.7501,113.7900,113.7000,113.7809,141200
2015-09-11 14:35:00,113.7250,113.7800,113.7200,113.7600,65100
2015-09-11 14:36:00,113.8000,113.8100,113.7200,113.7250,64300
2015-09-11 14:37:00,113.9150,113.9200,113.7900,113.8100,279600
2015-09-11 14:38:59,113.8510,113.9300,113.8400,113.9190,160900
2015-09-11 14:39:01,113.9300,113.9500,113.8510,113.8555,194300
2015-09-11 14:40:00,113.9300,113.9500,113.8950,113.9400,98400
2015-09-11 14:41:01,113.8900,113.9400,113.8888,113.9400,156900
2015-09-11 14:42:02,113.8950,113.9200,113.8900,113.9000,170200
2015-09-11 14:43:06,113.9600,113.9750,113.9100,113.9600,90900
2015-09-11 14:44:59,113.9300,114.0100,113.8900,113.9700,447400
2015-09-11 14:45:48,114.0350,114.0351,113.9499,113.9499,196300
2015-09-11 14:46:13,113.9507,114.0300,113.9400,114.0200,215900
2015-09-11 14:47:00,113.9301,113.9600,113.9200,113.9510,90000
2015-09-11 14:48:00,113.9100,113.9500,113.9000,113.9300,112100
2015-09-11 14:49:00,114.0290,114.0500,113.9000,113.9100,164800
2015-09-11 14:50:59,113.9457,114.0500,113.9300,114.0300,188200
2015-09-11 14:51:59,113.8832,113.9600,113.8600,113.9500,189300
2015-09-11 14:52:00,113.8200,113.9100,113.8000,113.8900,93700
2015-09-11 14:53:00,113.8099,113.8401,113.7700,113.8300,145400
2015-09-11 14:54:01,113.8168,113.8200,113.7800,113.8100,132100
2015-09-11 14:55:02,113.8250,113.8500,113.7889,113.7900,95300
2015-09-11 14:56:00,113.8899,113.9200,113.8100,113.8250,98200
2015-09-11 14:57:01,113.9000,113.9299,113.8800,113.8900,68900
2015-09-11 14:58:02,113.7900,113.9100,113.7700,113.8950,230200
2015-09-11 14:59:59,113.8000,113.8350,113.7900,113.8300,52200
2015-09-11 15:00:59,113.9200,113.9230,113.8050,113.8050,112200
2015-09-11 15:01:01,113.9000,113.9400,113.9000,113.9200,84300
2015-09-11 15:02:59,114.0599,114.0600,113.9000,113.9100,179700
2015-09-11 15:03:59,113.9600,114.0600,113.9600,114.0500,141200
2015-09-11 15:04:00,113.9700,113.9900,113.9100,113.9650,123800
2015-09-11 15:05:00,113.9700,113.9900,113.9100,113.9600,82700
2015-09-11 15:06:00,114.1000,114.1700,113.9700,113.9800,281900
2015-09-11 15:07:59,114.1300,114.1600,114.0900,114.1100,136400
2015-09-11 15:08:59,114.1100,114.1600,114.1100,114.1200,85300
2015-09-11 15:09:57,114.0800,114.1300,114.0440,114.1101,110400
2015-09-11 15:10:05,114.0200,114.1000,114.0100,114.0856,153400
2015-09-11 15:11:00,113.9600,114.0700,113.9600,114.0200,111600
2015-09-11 15:12:00,114.0318,114.0700,113.9500,113.9600,92600
2015-09-11 15:13:59,114.0800,114.1000,114.0300,114.0600,235500
2015-09-11 15:14:59,114.0700,114.0811,114.0202,114.0800,98400
2015-09-11 15:15:59,114.0900,114.1000,114.0400,114.0737,196800
2015-09-11 15:16:00,114.0730,114.1100,114.0400,114.0900,112900
2015-09-11 15:17:00,114.0800,114.1500,114.0700,114.0700,103300
2015-09-11 15:18:59,114.0247,114.0900,114.0100,114.0900,129900
2015-09-11 15:19:00,113.9700,114.0400,113.9500,114.0300,190000
2015-09-11 15:20:02,114.0800,114.0900,113.9300,113.9900,239500
2015-09-11 15:21:01,114.0653,114.0700,114.0200,114.0550,97400
2015-09-11 15:22:01,114.0100,114.0900,114.0050,114.0700,125500
2015-09-11 15:23:00,113.9900,114.0150,113.9450,114.0100,145400
2015-09-11 15:24:59,114.0000,114.0600,113.9900,114.0300,163100
2015-09-11 15:25:59,114.0010,114.0100,113.9649,114.0100,77900
2015-09-11 15:26:00,113.9510,114.0100,113.9338,114.0000,179900
2015-09-11 15:27:00,114.0200,114.0200,113.9400,113.9400,90800
2015-09-11 15:28:00,114.0200,114.0430,114.0001,114.0200,98300
2015-09-11 15:29:59,114.0101,114.0400,114.0000,114.0300,57600
2015-09-11 15:30:52,113.9292,114.0250,113.9000,114.0200,127700
2015-09-11 15:31:00,113.9600,113.9800,113.9100,113.9100,137000
2015-09-11 15:32:04,113.9400,113.9800,113.9200,113.9600,59400
2015-09-11 15:33:00,113.9000,113.9700,113.8900,113.9400,116300
2015-09-11 15:34:00,113.9245,113.9340,113.8700,113.9000,109500
2015-09-11 15:35:13,113.9800,113.9900,113.9600,113.9800,289300
2015-09-11 15:36:00,114.0500,114.0800,113.9800,113.9800,237400
2015-09-11 15:37:59,114.0200,114.0700,114.0200,114.0500,112200
2015-09-11 15:38:59,114.0450,114.0800,113.9724,114.0090,148200
2015-09-11 15:39:59,114.0400,114.0600,114.0200,114.0400,109300
2015-09-11 15:40:00,114.0050,114.0500,113.9800,114.0400,190200
2015-09-11 15:41:02,113.9650,114.0100,113.9600,114.0091,103000
2015-09-11 15:42:01,113.9600,113.9800,113.9267,113.9640,148200
2015-09-11 15:43:01,113.9300,113.9799,113.9200,113.9600,85600
2015-09-11 15:44:58,113.9836,113.9950,113.9001,113.9500,173100
2015-09-11 15:45:00,113.9900,114.0300,113.9500,113.9898,126300
2015-09-11 15:46:00,113.9300,113.9900,113.9160,113.9850,126600
2015-09-11 15:47:59,113.9100,114.0000,113.9100,113.9300,98300
2015-09-11 15:48:59,113.9400,113.9700,113.9050,113.9100,98700
2015-09-11 15:49:59,113.9293,113.9600,113.9100,113.9500,109800
2015-09-11 15:50:00,114.0200,114.0300,113.9200,113.9200,292300
2015-09-11 15:51:02,114.0500,114.0553,114.0000,114.0250,241300
2015-09-11 15:52:00,114.0000,114.0500,114.0000,114.0400,162200
2015-09-11 15:53:05,114.0050,114.0050,113.9800,113.9900,114800
2015-09-11 15:54:59,114.0100,114.0200,113.9800,114.0100,145500
2015-09-11 15:55:57,114.0350,114.0400,114.0000,114.0150,149300
2015-09-11 15:56:46,114.0700,114.0700,114.0250,114.0360,208900
2015-09-11 15:57:59,114.0200,114.0500,113.9700,113.9900,403300
2015-09-11 15:58:59,113.9900,114.0400,113.9800,114.0300,270700
2015-09-11 15:59:00,114.2000,114.2000,113.9800,113.9800,1003300
2015-09-11 16:00:00,114.2000,114.2000,114.2000,114.2000,200
2015-09-14 09:30:59,116.4368,116.7000,116.2600,116.5800,3083000
2015-09-14 09:31:00,116.2000,116.4780,116.1600,116.4592,490200
2015-09-14 09:32:00,116.6600,116.6900,116.1900,116.1900,673100
2015-09-14 09:33:59,116.7910,116.8800,116.5600,116.6200,899300
2015-09-14 09:34:59,116.3850,116.8900,116.3700,116.7900,657100
2015-09-14 09:35:59,116.3400,116.4200,116.0601,116.3650,540100
2015-09-14 09:36:59,116.4250,116.4400,116.0600,116.3500,613100
2015-09-14 09:37:00,116.3800,116.6100,116.3800,116.4250,413300
2015-09-14 09:38:00,116.3850,116.4100,116.1900,116.3900,425000
2015-09-14 09:39:59,116.4010,116.5400,116.2400,116.3692,354300
2015-09-14 09:40:00,116.6350,116.7500,116.3850,116.4100,483800
2015-09-14 09:41:59,116.5850,116.6800,116.4950,116.6400,306900
2015-09-14 09:42:59,116.4550,116.6000,116.4000,116.5830,267900
2015-09-14 09:43:59,116.3508,116.4600,116.2600,116.4400,343900
2015-09-14 09:44:00,116.0100,116.3870,115.8100,116.3800,631400
2015-09-14 09:45:02,116.0100,116.0500,115.8800,116.0000,339800
2015-09-14 09:46:59,115.9600,116.0400,115.8200,116.0200,325100
2015-09-14 09:47:00,115.7700,116.0200,115.7600,115.9600,260300
2015-09-14 09:48:59,115.9701,116.0100,115.6600,115.7700,430100
2015-09-14 09:49:00,116.0500,116.1000,115.8800,115.9700,301300
2015-09-14 09:50:59,115.8900,116.0800,115.7600,116.0500,282500
2015-09-14 09:51:00,115.8850,115.9300,115.7600,115.8900,250600
2015-09-14 09:52:59,115.9701,116.0800,115.8300,115.8800,293000
2015-09-14 09:53:59,116.1150,116.1200,115.9100,115.9800,236700
2015-09-14 09:54:59,115.9500,116.1543,115.9100,116.1200,309100
2015-09-14 09:55:00,115.8260,116.0200,115.8000,115.9500,229100
2015-09-14 09:56:00,115.9400,116.0100,115.8300,115.8300,174100
2015-09-14 09:57:00,115.8900,115.9500,115.8600,115.9500,147400
2015-09-14 09:58:59,115.8500,115.9200,115.7700,115.9000,178600
2015-09-14 09:59:59,115.9350,116.0100,115.8100,115.8499,234200
2015-09-14 10:00:59,115.9000,115.9360,115.7500,115.8900,206900
2015-09-14 10:01:00,116.0700,116.1300,115.9000,115.9050,330100
2015-09-14 10:02:59,116.0400,116.1400,116.0000,116.1000,166400
2015-09-14 10:03:00,116.2890,116.2900,116.0400,116.0496,333300
2015-09-14 10:04:59,116.2499,116.3100,116.1500,116.2897,225000
2015-09-14 10:05:00,116.2550,116.2900,116.1950,116.2500,291900
2015-09-14 10:06:00,116.2300,116.2900,116.2100,116.2500,139700
2015-09-14 10:07:00,116.1450,116.2300,116.0700,116.2300,168700
2015-09-14 10:08:59,116.1700,116.2300,116.1300,116.1500,173500
2015-09-14 10:09:00,116.2200,116.2800,116.1600,116.1700,168600
2015-09-14 10:10:59,116.1940,116.2300,116.1300,116.2200,238200
2015-09-14 10:11:00,116.1100,116.2100,116.0700,116.1890,178100
2015-09-14 10:12:00,116.1200,116.2000,116.0900,116.1043,131400
2015-09-14 10:13:01,116.1300,116.2400,116.0900,116.1100,205500
2015-09-14 10:14:59,116.2245,116.3100,116.1200,116.1300,176800
2015-09-14 10:15:59,116.2499,116.2800,116.2210,116.2300,208300
2015-09-14 10:16:00,116.4050,116.4100,116.2400,116.2500,286400
2015-09-14 10:17:00,116.3900,116.4500,116.3100,116.4060,232200
2015-09-14 10:18:59,116.4700,116.5170,116.3600,116.3801,317200
2015-09-14 10:19:59,116.4300,116.5533,116.4200,116.4601,159900
2015-09-14 10:20:58,116.3901,116.4500,116.3700,116.4400,140700
2015-09-14 10:21:00,116.3300,116.4370,116.3200,116.3950,131400
2015-09-14 10:22:00,116.3480,116.4000,116.3200,116.3240,74400
2015-09-14 10:23:59,116.3800,116.3900,116.2800,116.3400,156300
2015-09-14 10:24:59,116.4400,116.5200,116.3700,116.3701,182200
2015-09-14 10:25:59,116.4600,116.5600,116.4200,116.4300,142400
2015-09-14 10:26:01,116.4400,116.4700,116.3600,116.4550,147300
2015-09-14 10:27:00,116.3800,116.4400,116.3500,116.4400,127300
2015-09-14 10:28:01,116.2600,116.3900,116.2300,116.3700,165000
2015-09-14 10:29:59,116.2643,116.3200,116.2371,116.2594,97800
2015-09-14 10:30:59,116.2140,116.3090,116.2100,116.2650,117800
2015-09-14 10:31:00,116.0700,116.2100,116.0600,116.2100,203500
2015-09-14 10:32:00,116.0200,116.0800,115.9400,116.0700,320200
2015-09-14 10:33:00,116.1000,116.1090,115.9600,116.0100,226100
2015-09-14 10:34:00,116.0800,116.1100,116.0100,116.0900,181900
2015-09-14 10:35:59,115.9630,116.1300,115.9000,116.0800,201400
2015-09-14 10:36:00,115.9000,115.9690,115.8450,115.9690,207200
2015-09-14 10:37:01,115.8800,115.9000,115.8400,115.8950,124000
2015-09-14 10:38:59,116.0650,116.0700,115.8500,115.8800,258400
2015-09-14 10:39:00,116.0100,116.1800,116.0000,116.0600,302600
2015-09-14 10:40:59,116.1189,116.1400,115.9600,116.0071,158300
2015-09-14 10:41:00,116.0200,116.1100,116.0000,116.1000,125100
2015-09-14 10:42:00,116.0400,116.0800,115.9600,116.0100,101300
2015-09-14 10:43:00,115.9401,116.0600,115.9400,116.0350,105200
2015-09-14 10:44:59,115.9969,116.0100,115.9100,115.9400,126400
2015-09-14 10:45:00,115.9400,116.0400,115.9000,116.0000,122800
2015-09-14 10:46:59,115.9300,115.9600,115.8300,115.9400,205600
2015-09-14 10:47:59,115.9800,115.9900,115.9102,115.9300,78000
2015-09-14 10:48:59,115.9900,116.0050,115.9500,115.9890,105800
2015-09-14 10:49:59,115.9900,116.0600,115.9700,115.9850,138900
2015-09-14 10:50:59,115.9100,116.0100,115.9000,115.9900,99400
2015-09-14 10:51:02,115.5300,115.9300,115.3700,115.9150,739200
2015-09-14 10:52:00,115.6300,115.6500,115.4700,115.5100,270600
2015-09-14 10:53:00,115.6500,115.6798,115.5490,115.6300,213500
2015-09-14 10:54:59,115.7100,115.7600,115.6500,115.6510,146900
2015-09-14 10:55:00,115.6500,115.7799,115.6100,115.7100,187500
2015-09-14 10:56:59,115.7250,115.7300,115.6500,115.6590,155900
2015-09-14 10:57:59,115.8590,115.9200,115.7200,115.7300,194100
2015-09-14 10:58:00,115.7100,115.8900,115.6801,115.8590,104300
2015-09-14 10:59:59,115.7700,115.7800,115.7000,115.7100,82600
2015-09-14 11:00:58,115.8400,115.9000,115.7200,115.7800,96100
2015-09-14 11:01:59,115.9401,115.9500,115.8100,115.8400,125300
2015-09-14 11:02:00,115.9060,115.9590,115.8500,115.9500,129900
2015-09-14 11:03:01,115.9119,116.0000,115.8800,115.9060,119600
2015-09-14 11:04:00,115.9000,115.9390,115.8600,115.9200,76600
2015-09-14 11:05:59,115.9630,116.0200,115.8900,115.9000,120200
2015-09-14 11:06:00,115.9000,115.9800,115.8500,115.9600,105100
2015-09-14 11:07:59,115.9254,115.9590,115.9000,115.9000,53700
2015-09-14 11:08:00,115.9800,116.0100,115.9299,115.9300,96000
2015-09-14 11:09:00,115.9000,115.9750,115.8900,115.9700,89100
2015-09-14 11:10:59,115.8800,115.9200,115.8700,115.9004,58400
2015-09-14 11:11:00,115.8650,115.9000,115.8300,115.8801,84200
2015-09-14 11:12:01,115.8300,115.8800,115.8100,115.8660,68900
2015-09-14 11:13:00,115.7628,115.8300,115.7500,115.8300,110400
2015-09-14 11:14:59,115.8850,115.9000,115.7700,115.7700,91800
2015-09-14 11:15:59,115.9200,115.9299,115.8500,115.8800,67400
2015-09-14 11:16:59,115.8300,115.9250,115.8100,115.9237,77600
2015-09-14 11:17:00,115.7901,115.8400,115.7800,115.8300,73800
2015-09-14 11:18:00,115.7800,115.8089,115.7100,115.8089,92700
2015-09-14 11:19:00,115.7500,115.7800,115.6900,115.7800,111500
2015-09-14 11:20:02,115.8099,115.8200,115.7450,115.7700,97900
2015-09-14 11:21:00,115.7500,115.8000,115.7368,115.8000,62300
2015-09-14 11:22:59,115.8300,115.8400,115.7500,115.7500,88700
2015-09-14 11:23:00,115.7299,115.8250,115.6900,115.8200,107900
2015-09-14 11:24:00,115.7100,115.7500,115.7093,115.7200,74600
2015-09-14 11:25:00,115.6950,115.7500,115.6700,115.7100,94100
2015-09-14 11:26:01,115.6999,115.7400,115.6800,115.7000,53500
2015-09-14 11:27:59,115.6300,115.7200,115.6000,115.7000,138900
2015-09-14 11:28:59,115.4400,115.6290,115.4400,115.6100,259400
2015-09-14 11:29:59,115.3951,115.4800,115.3700,115.4400,220500
2015-09-14 11:30:59,115.3900,115.4500,115.3100,115.3900,139600
2015-09-14 11:31:59,115.3700,115.4500,115.3100,115.3700,113800
2015-09-14 11:32:59,115.4644,115.5000,115.3900,115.3900,130800
2015-09-14 11:33:00,115.4300,115.5000,115.4200,115.4600,93900
2015-09-14 11:34:01,115.4000,115.4500,115.3900,115.4300,105300
2015-09-14 11:35:59,115.3690,115.4300,115.3600,115.3900,80700
2015-09-14 11:36:59,115.4400,115.4400,115.3500,115.3600,95800
2015-09-14 11:37:00,115.4400,115.4400,115.4400,115.4400,1000
2015-09-14 11:37:59,115.6000,115.6100,115.4200,115.4400,1540600
2015-09-14 11:38:56,115.5400,115.6400,115.5150,115.6050,125800
2015-09-14 11:39:57,115.5750,115.5900,115.5200,115.5499,91600
2015-09-14 11:40:58,115.5950,115.6400,115.4660,115.5700,128100
2015-09-14 11:41:59,115.6800,116.1415,115.5900,115.5950,130000
2015-09-14 11:42:58,115.6600,115.6900,115.6100,115.6868,77300
2015-09-14 11:43:59,115.5300,115.6900,115.5200,115.6700,114500
2015-09-14 11:44:59,115.5000,115.5952,115.4800,115.5250,92300
2015-09-14 11:45:59,115.4053,115.4850,115.3763,115.4800,140100
2015-09-14 11:46:59,115.4200,115.4600,115.3500,115.4000,94500
2015-09-14 11:47:59,115.4550,115.4600,115.4200,115.4200,72500
2015-09-14 11:48:58,115.5228,115.5500,115.4500,115.4500,83700
2015-09-14 11:49:59,115.5000,115.5400,115.4900,115.5400,60900
2015-09-14 11:50:58,115.5100,115.5300,115.4801,115.5000,70500
2015-09-14 11:51:00,115.5156,115.5156,115.5156,115.5156,300
2015-09-15 09:30:46,115.6300,115.6300,115.4000,115.6300,1035700
2015-09-15 09:31:04,115.4897,115.6900,115.4300,115.5600,249900
2015-09-15 09:32:59,115.3171,115.6192,115.2500,115.4520,268300
2015-09-15 09:33:59,115.2500,115.3382,115.1800,115.3300,226600
2015-09-15 09:34:59,115.1501,115.2500,115.1400,115.2500,395900
2015-09-15 09:35:59,114.9970,115.1900,114.7500,115.1900,569700
2015-09-15 09:36:00,115.0500,115.1300,114.9800,115.0000,240000
2015-09-15 09:37:00,115.0300,115.1000,115.0000,115.0500,211500
2015-09-15 09:38:02,115.1100,115.1500,115.0200,115.0500,228200
2015-09-15 09:39:59,115.0081,115.1500,114.9800,115.1034,169200
2015-09-15 09:40:00,114.8700,115.0700,114.8700,115.0100,169700
2015-09-15 09:41:59,114.9799,115.0200,114.8700,114.8701,148700
2015-09-15 09:42:59,115.0300,115.1000,114.9700,114.9700,122100
2015-09-15 09:43:00,115.0824,115.1300,114.9800,115.0400,133200
2015-09-15 09:44:59,115.0300,115.1000,114.9700,115.0822,134900
2015-09-15 09:45:59,114.9700,115.0500,114.9200,115.0400,99100
2015-09-15 09:46:00,114.9100,114.9900,114.8500,114.9700,168300
2015-09-15 09:47:59,114.6800,114.9600,114.6600,114.9148,280900
2015-09-15 09:48:59,114.5500,114.7400,114.5300,114.6700,439800
2015-09-15 09:49:00,114.7400,114.7500,114.4300,114.5550,446800
2015-09-15 09:50:59,114.8700,114.9000,114.7304,114.7304,258000
2015-09-15 09:51:59,114.8940,114.9000,114.7500,114.8890,127700
2015-09-15 09:52:00,114.8900,114.9257,114.8600,114.8900,132200
2015-09-15 09:53:59,114.9411,115.0000,114.8500,114.8900,180100
2015-09-15 09:54:59,115.0000,115.0700,114.9300,114.9527,179800
2015-09-15 09:55:00,115.1300,115.1300,114.9900,114.9900,130700
2015-09-15 09:56:59,115.0350,115.1300,115.0100,115.1160,130200
2015-09-15 09:57:00,114.9800,115.0400,114.8675,115.0400,318900
2015-09-15 09:58:00,114.9535,115.0380,114.9300,114.9720,55200
2015-09-15 09:59:59,114.8800,114.9800,114.8800,114.9500,96500
2015-09-15 10:00:59,115.0100,115.0800,114.9000,114.9000,128100
2015-09-15 10:01:00,115.0101,115.0700,114.9000,115.0000,124300
2015-09-15 10:02:01,115.1700,115.2300,114.9960,115.0100,215800
2015-09-15 10:03:00,115.1072,115.2200,115.1000,115.1760,166200
2015-09-15 10:04:01,115.2300,115.2400,115.1200,115.1200,139000
2015-09-15 10:05:59,115.3400,115.3799,115.2200,115.2300,220400
2015-09-15 10:06:59,115.2500,115.3400,115.2400,115.3400,139100
2015-09-15 10:07:59,115.1700,115.2900,115.1500,115.2500,158400
2015-09-15 10:08:58,115.2300,115.2400,115.1530,115.1600,126400
2015-09-15 10:09:59,115.1800,115.2700,115.1700,115.2300,106800
2015-09-15 10:10:00,115.1700,115.2700,115.1500,115.1900,136100
2015-09-15 10:11:59,115.1301,115.1700,115.1100,115.1700,111900
2015-09-15 10:12:59,115.1950,115.2000,115.1000,115.1300,161300
2015-09-15 10:13:59,115.2300,115.2700,115.1600,115.2000,122900
2015-09-15 10:14:59,115.2600,115.2700,115.1400,115.2200,91600
2015-09-15 10:15:59,115.3800,115.3900,115.2700,115.2700,126100
2015-09-15 10:16:00,115.3800,115.4300,115.3600,115.3800,121600
2015-09-15 10:17:00,115.4600,115.4700,115.3500,115.3900,149800
2015-09-15 10:18:59,115.5650,115.6000,115.4600,115.4600,261000
2015-09-15 10:19:59,115.5490,115.5800,115.4900,115.5630,135700
2015-09-15 10:20:00,115.5900,115.6000,115.5300,115.5600,135800
2015-09-15 10:21:01,115.6799,115.7300,115.6100,115.6270,188900
2015-09-15 10:22:59,115.7800,115.7900,115.6395,115.6800,121000
2015-09-15 10:23:59,115.6500,115.8000,115.6202,115.7700,192600
2015-09-15 10:24:59,115.6900,115.7200,115.6500,115.6500,113600
2015-09-15 10:25:59,115.5840,115.7000,115.5700,115.6900,148900
2015-09-15 10:26:59,115.6300,115.6600,115.5600,115.5800,115900
2015-09-15 10:27:00,115.5800,115.6400,115.5800,115.6300,96400
2015-09-15 10:28:59,115.6100,115.6100,115.5500,115.5800,79800
2015-09-15 10:29:58,115.6000,115.6700,115.5900,115.6100,94000
2015-09-15 10:30:00,115.7300,115.7400,115.5900,115.6000,163200
2015-09-15 10:31:59,115.7700,115.7900,115.6500,115.7200,184500
2015-09-15 10:32:00,115.6900,115.7900,115.6600,115.7610,131600
2015-09-15 10:33:59,115.6700,115.7200,115.6300,115.7200,81000
2015-09-15 10:34:00,115.6500,115.8300,115.6500,115.6700,194100
2015-09-15 10:35:00,115.7200,115.7500,115.6400,115.6600,112100
2015-09-15 10:36:59,115.7200,115.7700,115.6800,115.7100,97300
2015-09-15 10:37:00,115.5701,115.7600,115.5700,115.7200,155500
2015-09-15 10:38:00,115.6600,115.6900,115.5700,115.5750,108300
2015-09-15 10:39:01,115.7250,115.7700,115.6700,115.6700,111900
2015-09-15 10:40:00,115.9200,115.9200,115.7100,115.7200,271100
2015-09-15 10:41:59,115.7650,115.9199,115.7600,115.9100,141000
2015-09-15 10:42:00,115.9100,115.9200,115.7800,115.7800,184900
2015-09-15 10:43:00,115.8473,115.9200,115.8250,115.9000,111600
2015-09-15 10:44:59,115.8800,115.9000,115.8100,115.8500,59300
2015-09-15 10:45:01,116.0000,116.0400,115.8700,115.8794,320900
2015-09-15 10:46:00,115.9700,116.0900,115.9600,116.0000,209500
2015-09-15 10:47:58,115.9500,116.0000,115.9100,115.9671,132500
2015-09-15 10:48:59,115.9490,116.0000,115.8700,115.9400,187500
2015-09-15 10:49:00,115.9100,115.9500,115.8900,115.9430,101800
2015-09-15 10:50:00,115.8471,115.9500,115.8200,115.9300,136500
2015-09-15 10:51:00,115.8299,115.8700,115.8100,115.8500,84700
2015-09-15 10:52:02,115.8200,115.8200,115.8200,115.8200,200
2015-09-15 10:52:59,115.7400,115.8500,115.7299,115.8200,472600
2015-09-15 10:53:59,115.8500,115.8700,115.7300,115.7792,106600
2015-09-15 10:54:59,115.8500,115.9000,115.8300,115.8500,77300
2015-09-15 10:55:59,115.8800,115.9400,115.8370,115.8399,100200
2015-09-15 10:56:59,115.9400,115.9500,115.8730,115.8800,76500
2015-09-15 10:57:59,115.8799,115.9800,115.8650,115.9400,90400
2015-09-15 10:58:57,115.9100,115.9420,115.8750,115.8750,48700
2015-09-15 10:59:58,115.9500,115.9900,115.9200,115.9300,58900
2015-09-15 11:00:59,116.0301,116.0400,115.9350,115.9400,160100
2015-09-15 11:01:59,115.9900,116.0500,115.9900,116.0300,116400
2015-09-15 11:02:58,115.9700,116.0500,115.9500,115.9899,137200
2015-09-15 11:03:59,115.9799,115.9900,115.8600,115.9900,122100
2015-09-15 11:04:59,116.0000,116.0200,115.9200,115.9702,85600
2015-09-15 11:05:58,116.0100,116.0300,115.9800,116.0050,71600
2015-09-15 11:06:59,116.0600,116.0900,116.0000,116.0071,118300
2015-09-15 11:07:00,116.0601,116.0601,116.0601,116.0601,1300
2015-09-15 11:07:59,116.0210,116.1400,116.0200,116.0601,189400
2015-09-15 11:08:00,116.0200,116.0200,116.0200,116.0200,200
2015-09-15 11:08:59,116.0800,116.0800,115.9800,116.0200,100600
2015-09-15 11:09:59,116.1100,116.1200,116.0600,116.0700,71500
2015-09-15 11:10:00,116.1050,116.1050,116.1050,116.1050,100
2015-09-15 11:10:58,116.0700,116.1100,116.0200,116.1050,355400
2015-09-15 11:11:59,116.0367,116.1000,116.0123,116.0700,71600
2015-09-15 11:12:58,116.0316,116.0400,115.9900,116.0300,83500
2015-09-15 11:13:58,116.0350,116.0800,116.0200,116.0300,70200
2015-09-15 11:14:58,116.0200,116.0800,116.0000,116.0300,169900
2015-09-15 11:15:59,115.9574,116.0900,115.9410,116.0300,85100
2015-09-15 11:16:59,115.9100,115.9800,115.8800,115.9600,124300
2015-09-15 11:17:59,115.9000,115.9400,115.8500,115.9108,78400
2015-09-15 11:18:59,115.8666,115.9100,115.8600,115.9000,71800
2015-09-15 11:19:41,115.8600,115.8900,115.8600,115.8700,41300
2015-09-15 11:20:58,115.8801,115.8801,115.8300,115.8600,112500
2015-09-15 11:21:59,115.8190,115.9000,115.8167,115.8801,73200
2015-09-15 11:22:58,115.8600,115.8700,115.8000,115.8101,65200
2015-09-15 11:23:56,115.8400,115.8900,115.8200,115.8700,40900
2015-09-15 11:24:59,115.8490,115.8499,115.8200,115.8350,37900
2015-09-15 11:25:00,115.8500,115.8500,115.8500,115.8500,200
