2015-09-10 09:15:59,474.0500,477.0000,472.1000,476.0000,152100
2015-09-10 09:16:59,475.8000,476.0500,474.0500,474.0500,73900
2015-09-10 09:17:59,475.4000,476.4500,475.4000,475.5500,54800
2015-09-10 09:18:59,473.5500,475.7000,473.5500,475.6000,45100
2015-09-10 09:19:59,473.8000,474.0500,473.2500,473.8500,37000
2015-09-10 09:20:59,474.7500,474.8000,473.4000,473.8000,48400
2015-09-10 09:21:00,475.2500,475.5000,474.5000,474.8000,33400
2015-09-10 09:22:59,475.4000,475.6500,474.8500,475.2500,37700
2015-09-10 09:23:59,476.2500,476.2500,475.5000,475.7500,40300
2015-09-10 09:24:59,475.6000,476.2500,475.3000,476.0500,44100
2015-09-10 09:25:58,476.1500,476.2000,475.1500,475.7000,19300
2015-09-10 09:26:59,474.6000,476.2500,474.6000,476.1500,93700
2015-09-10 09:27:59,475.4500,475.5000,474.5500,474.7500,24900
2015-09-10 09:28:59,475.8000,476.0000,474.9000,475.2500,26500
2015-09-10 09:29:59,475.6500,476.1000,475.4000,475.7500,31000
2015-09-10 09:30:59,476.1500,476.5000,475.4500,475.8500,47100
2015-09-10 09:31:59,476.6000,476.8000,476.0000,476.3500,32400
2015-09-10 09:32:59,476.4000,476.6000,476.0000,476.6000,30800
2015-09-10 09:33:59,478.5000,478.7000,476.2500,476.5000,62300
2015-09-10 09:34:00,476.3500,478.7500,476.3500,478.7500,38100
2015-09-10 09:35:59,477.3500,477.3500,476.2500,476.2500,43000
2015-09-10 09:36:59,478.1500,478.2500,477.1500,477.3500,60700
2015-09-10 09:37:59,478.3500,478.5000,476.9500,478.0000,56200
2015-09-10 09:38:59,479.0000,479.8000,478.5000,478.5000,75200
2015-09-10 09:39:59,480.8500,480.9000,479.0000,479.0500,91600
2015-09-10 09:40:59,480.5500,481.2000,480.5500,480.7500,56700
2015-09-10 09:41:59,479.2000,480.7500,479.1500,480.7000,40700
2015-09-10 09:42:59,479.9000,479.9500,479.2500,479.2500,26200
2015-09-10 09:43:00,479.7000,480.1500,479.4000,480.0000,19700
2015-09-10 09:44:01,479.7000,480.0000,479.7000,479.9500,11900
2015-09-10 09:45:00,480.0000,480.0000,479.7000,479.7500,20900
2015-09-10 09:46:59,479.3500,479.9000,479.3000,479.7500,18200
2015-09-10 09:47:59,479.0000,479.4000,478.5500,479.3000,28300
2015-09-10 09:48:59,479.0000,479.1000,478.4500,479.0000,24900
2015-09-10 09:49:00,479.1500,479.3500,478.7500,479.0000,14500
2015-09-10 09:50:59,479.0000,479.5000,478.6000,479.2500,29300
2015-09-10 09:51:00,479.2500,479.2500,478.5000,478.7000,29400
2015-09-10 09:52:59,479.1000,479.7500,479.0000,479.2500,21000
2015-09-10 09:53:59,479.7000,479.7000,479.0500,479.1000,18300
2015-09-10 09:54:59,479.7000,479.8500,479.6000,479.6000,27600
2015-09-10 09:55:59,479.4500,479.8500,479.4500,479.7500,22400
2015-09-10 09:56:59,479.1000,479.4500,479.1000,479.4500,21600
2015-09-10 09:57:59,479.1000,479.6500,479.0000,479.2000,15900
2015-09-10 09:58:59,479.1500,479.5500,479.0000,479.3000,18700
2015-09-10 09:59:59,478.6500,479.0000,478.2500,479.0000,26600
2015-09-10 10:00:59,478.0500,478.5000,478.0000,478.4000,22800
2015-09-10 10:01:59,478.2000,478.2500,478.0000,478.2000,12100
2015-09-10 10:02:59,478.3000,478.3500,478.0000,478.1000,12400
2015-09-10 10:03:00,478.4000,478.6000,478.1000,478.5500,15300
2015-09-10 10:04:01,478.2500,478.4000,478.0000,478.4000,6500
2015-09-10 10:05:02,477.6500,478.3000,477.6500,478.2500,30500
2015-09-10 10:06:59,477.3000,478.0000,477.0500,477.8500,26400
2015-09-10 10:07:59,476.9000,477.4000,476.6500,477.3000,22200
2015-09-10 10:08:59,477.4000,477.4000,476.6000,476.8500,20200
2015-09-10 10:09:59,478.1500,478.1500,477.3500,477.3500,8900
2015-09-10 10:10:59,478.3000,478.4000,478.0000,478.1000,13600
2015-09-10 10:11:00,478.2500,478.3000,478.1000,478.3000,7500
2015-09-10 10:12:59,478.1000,478.3000,478.1000,478.3000,17600
2015-09-10 10:13:00,478.1000,478.6000,477.8000,478.2000,14000
2015-09-10 10:14:00,478.1500,478.2000,478.0500,478.2000,5400
2015-09-10 10:15:01,477.9000,478.2000,477.5500,478.0500,12000
2015-09-10 10:16:00,477.7500,477.9000,477.5000,477.8500,7700
2015-09-10 10:17:02,478.0000,478.0000,477.6000,477.7500,6500
2015-09-10 10:18:00,478.3000,478.3000,477.9000,477.9500,14500
2015-09-10 10:19:59,478.3000,478.3000,478.0500,478.2500,7200
2015-09-10 10:20:59,477.9000,478.5000,477.8500,478.3000,17400
2015-09-10 10:21:59,477.8000,478.0000,477.7500,477.9000,14000
2015-09-10 10:22:00,477.8500,477.8500,477.6500,477.8500,20600
2015-09-10 10:23:59,477.9500,477.9500,477.8000,477.8500,10800
2015-09-10 10:24:59,478.5000,478.5000,477.9000,477.9500,7500
2015-09-10 10:25:59,478.3000,478.5000,478.2500,478.5000,10800
2015-09-10 10:26:00,478.2500,478.2500,478.0000,478.2000,8500
2015-09-10 10:27:00,478.0500,478.2500,477.8000,478.2000,14400
2015-09-10 10:28:59,478.1500,478.2000,478.0000,478.1000,8300
2015-09-10 10:29:59,478.2000,478.2500,478.0500,478.1500,7600
2015-09-10 10:30:59,478.2000,478.2500,478.0500,478.1500,6700
2015-09-10 10:31:59,478.2500,478.2500,478.2000,478.2000,10800
2015-09-10 10:32:59,477.6500,478.2500,477.5000,478.2500,20500
2015-09-10 10:33:59,477.4000,477.8500,477.2000,477.7500,22800
2015-09-10 10:34:59,477.4000,477.5500,477.2000,477.4000,16300
2015-09-10 10:35:00,478.0000,478.1500,477.2500,477.2500,10900
2015-09-10 10:36:59,477.9500,478.2500,477.6500,477.9000,15600
2015-09-10 10:37:00,478.2500,478.3000,477.6500,478.1000,12100
2015-09-10 10:38:59,477.9500,478.2500,477.8500,478.1500,11400
2015-09-10 10:39:59,478.3000,478.3500,477.8500,477.9500,8900
2015-09-10 10:40:59,478.0500,478.4000,478.0500,478.1500,16300
2015-09-10 10:41:00,478.3000,478.4000,478.0500,478.0500,10700
2015-09-10 10:42:01,479.1500,479.4500,478.4000,478.4500,29500
2015-09-10 10:43:59,478.3000,479.2000,478.1000,479.2000,15700
2015-09-10 10:44:59,478.8500,479.0000,478.3000,478.3000,16500
2015-09-10 10:45:59,478.1000,478.9500,478.0000,478.9000,41900
2015-09-10 10:46:00,476.9000,478.2000,476.6000,478.0000,45900
2015-09-10 10:47:59,476.9000,477.3000,476.7500,476.9500,45500
2015-09-10 10:48:59,476.8500,477.2500,476.5500,477.0000,37800
2015-09-10 10:49:59,476.7500,477.4000,476.6000,476.8500,33100
2015-09-10 10:50:59,476.8500,476.9500,476.6500,476.7500,29400
2015-09-10 10:51:59,477.2000,477.3000,476.6500,476.9000,20200
2015-09-10 10:52:00,477.3500,477.5000,477.1000,477.1500,9100
2015-09-10 10:53:59,477.8000,477.9500,477.3500,477.7500,11900
2015-09-10 10:54:00,478.1000,478.3000,477.7500,477.7500,14900
2015-09-10 10:55:01,478.1500,478.2000,477.8500,478.1500,14100
2015-09-10 10:56:59,478.2000,478.2000,478.1000,478.2000,14300
2015-09-10 10:57:59,478.4500,478.9000,478.3000,478.3500,30300
2015-09-10 10:58:59,478.9500,479.1500,478.4000,478.4500,22000
2015-09-10 10:59:58,478.9500,479.0000,478.2000,479.0000,26100
2015-09-10 11:00:59,478.8500,479.0000,478.5500,478.9500,13600
2015-09-10 11:01:00,479.0000,479.2000,478.8500,478.9000,17100
2015-09-10 11:02:59,478.5000,479.1500,478.5000,479.0500,13000
2015-09-10 11:03:00,478.6500,478.7500,478.5000,478.7000,8300
2015-09-10 11:04:00,477.7500,478.6500,477.6000,478.6000,43400
2015-09-10 11:05:00,477.9000,477.9000,477.4500,477.7500,21300
2015-09-10 11:06:59,478.0500,478.0500,477.7000,477.9500,4800
2015-09-10 11:07:59,478.5000,478.6000,478.0000,478.0500,12500
2015-09-10 11:08:59,478.5000,478.7500,478.2500,478.5000,10900
2015-09-10 11:09:59,478.2000,478.4500,478.0000,478.4000,6900
2015-09-10 11:10:00,478.2000,478.2500,478.1000,478.2500,7500
2015-09-10 11:11:59,477.3500,478.2000,477.3500,478.1500,21000
2015-09-10 11:12:59,477.1000,477.3500,477.1000,477.3000,13600
2015-09-10 11:13:59,477.2500,477.2500,477.0000,477.0500,13300
2015-09-10 11:14:58,477.1000,477.2500,477.0500,477.2000,6800
2015-09-10 11:15:59,477.4500,477.4500,477.0500,477.1000,21300
2015-09-10 11:16:59,478.0000,478.1000,477.5000,477.5000,6100
2015-09-10 11:17:00,477.9000,478.0000,477.8500,478.0000,5900
2015-09-10 11:18:01,478.0000,478.0000,477.8000,477.9000,5200
2015-09-10 11:19:01,477.7000,478.0000,477.5500,478.0000,6900
2015-09-10 11:20:01,477.8000,477.8000,477.7000,477.7000,5200
2015-09-10 11:21:01,477.6000,477.8000,477.3000,477.8000,10000
2015-09-10 11:22:58,477.5500,477.6000,477.4500,477.6000,3200
2015-09-10 11:23:00,477.6500,477.6500,477.5000,477.5500,11000
2015-09-10 11:24:59,477.3000,477.6500,477.2500,477.6500,38800
2015-09-10 11:25:58,477.2000,477.2500,477.0000,477.2500,20300
2015-09-10 11:26:00,477.8000,477.8000,477.2000,477.2000,13700
2015-09-10 11:27:00,477.8500,477.9000,477.7000,477.7000,6300
2015-09-10 11:28:03,477.8500,477.9000,477.8000,477.8500,5000
2015-09-10 11:29:59,477.8500,477.8500,477.7500,477.8000,4400
2015-09-10 11:30:59,477.9000,477.9000,477.7500,477.8500,7900
2015-09-10 11:31:59,478.2500,478.3000,477.8500,477.8500,11500
2015-09-10 11:32:59,478.2000,478.3000,478.1500,478.2500,6900
2015-09-10 11:33:59,477.8000,478.3000,477.3500,478.1500,23700
2015-09-10 11:34:59,477.2000,477.9500,477.0000,477.8000,13100
2015-09-10 11:35:00,476.9500,477.3000,476.8000,477.2000,19500
2015-09-10 11:36:01,477.3500,477.5000,476.8500,476.9500,17900
2015-09-10 11:37:59,477.0000,477.5000,477.0000,477.2000,12400
2015-09-10 11:38:00,476.8500,477.1500,476.6000,477.0000,12000
2015-09-10 11:39:59,477.0000,477.0000,476.8000,476.8000,9100
2015-09-10 11:40:59,476.7500,476.9500,476.7500,476.9500,8500
2015-09-10 11:41:59,476.7000,476.9000,476.6000,476.7500,7000
2015-09-10 11:42:59,476.7500,476.8000,476.6500,476.7500,11200
2015-09-10 11:43:00,476.9500,476.9500,476.6000,476.7500,9100
2015-09-10 11:44:59,476.8500,476.9500,476.8000,476.8500,8800
2015-09-10 11:45:00,477.2000,477.2000,476.8000,476.8000,6500
2015-09-10 11:46:59,477.1500,477.3000,477.1500,477.1500,8500
2015-09-10 11:47:59,477.7000,477.7500,477.3000,477.4000,6900
2015-09-10 11:48:59,477.8500,477.8500,477.6500,477.7000,8100
2015-09-10 11:49:59,477.8500,477.9500,477.7500,477.7500,8400
2015-09-10 11:50:59,477.8500,477.9500,477.7500,477.8500,8400
2015-09-10 11:51:00,477.6500,477.9000,477.6000,477.7500,18100
2015-09-10 11:52:59,477.7000,477.8000,477.5000,477.6000,6700
2015-09-10 11:53:00,477.8000,477.8000,477.5000,477.6500,11400
2015-09-10 11:54:00,477.4500,477.8000,477.4500,477.7500,4400
2015-09-10 11:55:59,477.5000,477.6000,477.3000,477.4500,6600
2015-09-10 11:56:59,477.5500,477.5500,477.4000,477.4500,11000
2015-09-10 11:57:00,477.6000,477.6000,477.5000,477.5500,7600
2015-09-10 11:58:59,477.6500,477.6500,477.5500,477.5500,3800
2015-09-10 11:59:59,478.3500,478.3500,477.6000,477.6000,14500
2015-09-10 12:00:59,482.2500,483.0000,478.3000,478.4500,166200
2015-09-10 12:01:58,482.3000,483.0000,482.0000,482.0500,55600
2015-09-10 12:02:58,482.2000,482.4500,481.8500,482.3500,26400
2015-09-10 12:03:58,482.2000,482.4500,482.0000,482.3000,27300
2015-09-10 12:04:00,482.5000,482.8500,482.1000,482.2000,34100
2015-09-10 12:05:59,483.3500,483.4000,482.1000,482.4000,40500
2015-09-10 12:06:59,485.5000,485.9000,483.5000,483.5000,79600
2015-09-10 12:07:59,484.9500,486.2500,484.9500,485.7500,37900
2015-09-10 12:08:59,483.7500,485.3500,483.7500,484.7500,31600
2015-09-10 12:09:59,483.7500,484.0500,483.5500,484.0000,18500
2015-09-10 12:10:59,482.6000,483.7500,482.5500,483.5000,32200
2015-09-10 12:11:00,483.4000,483.6000,482.2000,482.6000,17700
2015-09-10 12:12:59,484.0000,484.5000,483.5500,483.5500,19300
2015-09-10 12:13:00,482.9000,484.2500,482.4500,484.0000,21000
2015-09-10 12:14:59,482.7000,482.9000,482.3000,482.6500,14300
2015-09-10 12:15:58,482.7000,482.7000,482.0500,482.6500,13200
2015-09-10 12:16:00,482.6500,482.7000,482.0500,482.5500,16300
2015-09-10 12:17:59,482.0000,482.7500,481.7000,482.7500,16000
2015-09-10 12:18:59,482.3000,482.3000,481.6500,482.0000,19800
2015-09-10 12:19:59,481.8500,482.2500,481.7000,482.0000,7500
2015-09-10 12:20:59,481.1000,481.8500,481.1000,481.7500,15900
2015-09-10 12:21:59,480.4000,481.2000,480.4000,481.1000,27700
2015-09-10 12:22:01,481.2500,481.2500,480.5000,480.6500,22600
2015-09-10 12:23:00,481.7500,481.9500,480.8000,481.0500,7600
2015-09-10 12:24:59,481.9000,482.0000,481.7500,481.9000,10600
2015-09-10 12:25:59,481.3000,481.9000,481.3000,481.9000,14200
2015-09-10 12:26:59,481.6000,481.6000,481.2000,481.3000,7300
2015-09-10 12:27:00,481.6500,481.7000,481.3000,481.4500,9200
2015-09-10 12:28:59,482.4000,483.0000,481.5500,481.6500,29100
2015-09-10 12:29:59,481.7500,482.5000,481.5000,482.3500,13500
2015-09-10 12:30:59,483.0500,483.2500,481.9500,482.0000,22600
2015-09-10 12:31:00,482.5000,483.0000,482.0000,483.0000,12600
2015-09-10 12:32:59,481.8000,482.7000,481.5000,482.7000,10900
2015-09-10 12:33:00,482.0000,482.0000,481.6500,481.7500,15900
2015-09-10 12:34:01,481.9000,482.0500,481.7500,482.0000,10100
2015-09-10 12:35:59,483.7000,483.7000,481.8500,481.8500,25800
2015-09-10 12:36:00,483.5500,484.2000,483.5000,484.1000,23300
2015-09-10 12:37:01,483.3500,484.0000,483.3000,483.6000,25100
2015-09-10 12:38:01,483.4500,483.8500,483.4500,483.5000,10500
2015-09-10 12:39:01,482.7000,483.5000,482.5000,483.5000,15400
2015-09-10 12:40:00,482.4000,482.8000,482.0500,482.8000,11600
2015-09-10 12:41:59,482.6000,482.6000,482.1500,482.4000,11400
2015-09-10 12:42:59,482.9000,482.9000,482.5000,482.6000,12400
2015-09-10 12:43:00,482.4500,482.7500,482.1000,482.7500,7000
2015-09-10 12:44:59,482.0000,482.5000,481.8000,482.4500,8700
2015-09-10 12:45:59,481.2500,482.1500,481.0500,481.9000,19000
2015-09-10 12:46:59,481.1500,481.2000,480.9000,481.1500,24400
2015-09-10 12:47:00,481.5000,482.0000,481.0500,481.0500,9600
2015-09-10 12:48:59,481.1500,481.6000,481.1000,481.5500,9700
2015-09-10 12:49:58,480.5500,481.2500,480.5000,481.1000,22500
2015-09-10 12:50:59,481.2000,481.2000,480.5500,481.0000,24000
2015-09-10 12:51:59,481.4000,481.5000,480.9000,481.0000,8800
2015-09-10 12:52:59,481.2500,481.5000,481.2500,481.3500,7800
2015-09-10 12:53:00,481.1000,481.5000,481.1000,481.2500,11200
2015-09-10 12:54:01,481.3000,481.4000,481.0500,481.2000,6200
2015-09-10 12:55:59,480.3500,481.3500,480.1500,481.3000,14000
2015-09-10 12:56:59,479.3500,480.3500,479.0500,480.2500,42900
2015-09-10 12:57:59,479.7500,480.2000,479.0500,479.3500,19400
2015-09-10 12:58:59,479.6500,479.8500,479.5000,479.7000,14900
2015-09-10 12:59:59,479.8000,480.4000,479.5000,479.6000,19300
2015-09-10 13:00:00,479.9000,480.1000,479.5000,479.7500,17800
2015-09-10 13:01:00,479.7000,480.0000,479.4000,479.8000,11300
2015-09-10 13:02:59,479.6000,479.8000,479.4000,479.6000,8500
2015-09-10 13:03:59,479.5000,479.7500,479.3500,479.5000,9100
2015-09-10 13:04:58,479.5000,479.7500,478.0000,479.7000,57100
2015-09-10 13:05:59,478.7000,479.4500,478.3500,479.4000,12000
2015-09-10 13:06:59,479.0000,479.2000,478.6500,478.7500,16900
2015-09-10 13:07:00,479.7500,479.7500,478.8500,479.0000,11000
2015-09-10 13:08:59,480.0500,480.3000,479.5500,479.7500,14900
2015-09-10 13:09:59,480.5500,480.5500,479.9000,480.0000,15200
2015-09-10 13:10:00,480.5000,481.0000,480.2000,480.8000,9700
2015-09-10 13:11:00,480.2000,480.5000,480.1000,480.3000,17500
2015-09-10 13:12:59,480.1000,480.2000,479.8000,480.1500,12400
2015-09-10 13:13:00,480.1000,480.2500,479.7000,480.1000,13400
2015-09-10 13:14:59,481.0000,481.0000,480.0000,480.0000,14400
2015-09-10 13:15:59,480.4000,481.1000,480.2000,480.9000,26000
2015-09-10 13:16:59,480.0000,480.4000,479.6000,480.3000,23400
2015-09-10 13:17:59,479.5500,480.0000,479.2000,479.9000,13900
2015-09-10 13:18:59,480.4000,480.8000,479.7500,479.7500,17800
2015-09-10 13:19:59,480.7500,481.0000,480.3000,480.3000,16900
2015-09-10 13:20:59,480.8000,480.9500,480.4500,480.6500,12000
2015-09-10 13:21:59,482.4500,482.5500,480.4500,480.9000,42800
2015-09-10 13:22:59,482.5500,482.6000,482.0000,482.3000,21900
2015-09-10 13:23:00,482.3500,483.0000,481.8000,482.5000,31700
2015-09-10 13:24:59,482.3000,482.7500,481.9000,482.2000,22000
2015-09-10 13:25:59,482.7000,482.7000,482.0000,482.3000,21800
2015-09-10 13:26:59,482.6500,482.9000,482.1000,482.7500,34400
2015-09-10 13:27:00,483.1000,483.2000,482.5500,482.6500,24600
2015-09-10 13:28:59,482.9000,483.2000,482.6500,483.0000,18200
2015-09-10 13:29:59,482.8500,483.0000,482.5500,482.9000,25300
2015-09-10 13:30:59,482.2000,482.7500,482.1000,482.7000,8400
2015-09-10 13:31:59,482.1500,482.3000,481.5500,482.2000,16200
2015-09-10 13:32:59,482.5000,482.5000,481.8500,482.2000,15600
2015-09-10 13:33:59,483.1000,483.2000,482.1500,482.3000,14300
2015-09-10 13:34:00,482.4000,483.0000,482.1000,483.0000,10000
2015-09-10 13:35:01,482.1500,482.6000,481.9000,482.1000,12200
2015-09-10 13:36:00,482.6000,482.6000,482.1500,482.2000,10300
2015-09-10 13:37:59,482.6000,482.9000,482.5000,482.5000,9100
2015-09-10 13:38:59,482.1000,482.7500,482.1000,482.6500,13800
2015-09-10 13:39:00,482.0000,482.4500,481.7500,482.2500,9100
2015-09-10 13:40:00,481.8000,482.1000,481.6500,482.0000,12400
2015-09-10 13:41:00,481.5000,481.9000,481.5000,481.8000,11800
2015-09-10 13:42:59,481.1500,481.5500,481.1000,481.3500,11300
2015-09-10 13:43:59,480.2500,481.4500,480.1000,481.1500,15600
2015-09-10 13:44:59,480.0500,480.4500,479.8000,480.2000,22000
2015-09-10 13:45:59,480.7000,480.8000,480.0000,480.0500,13400
2015-09-10 13:46:00,481.0000,481.1500,480.5000,480.7000,14000
2015-09-10 13:47:59,481.5500,482.0000,480.9500,481.0500,9300
2015-09-10 13:48:59,482.0000,482.0000,481.4000,481.5500,12900
2015-09-10 13:49:00,481.8500,482.9000,481.5000,481.9000,24500
2015-09-10 13:50:00,482.3000,482.6500,481.6500,481.8000,13500
2015-09-10 13:51:59,482.6500,482.8500,482.2500,482.3000,19800
2015-09-10 13:52:59,482.4500,482.7500,482.3500,482.6500,12500
2015-09-10 13:53:59,482.0000,482.5000,481.5000,482.3000,14200
2015-09-10 13:54:59,481.9000,482.0000,481.5500,481.9000,13400
2015-09-10 13:55:59,481.3000,481.9500,481.2500,481.9000,13500
2015-09-10 13:56:59,480.3000,481.3000,480.3000,481.3000,14000
2015-09-10 13:57:59,479.5000,480.6000,479.2000,480.3000,52000
2015-09-10 13:58:59,479.8000,480.0000,479.5000,479.7000,21100
2015-09-10 13:59:00,480.7000,480.7000,479.1500,479.9000,42300
2015-09-10 14:00:59,480.9000,481.1000,480.5500,481.1000,15600
2015-09-10 14:01:59,480.0000,480.6500,479.7500,480.6500,25100
2015-09-10 14:02:59,480.0000,480.0000,479.5000,480.0000,38700
2015-09-10 14:03:59,480.7000,480.7000,479.7500,480.0000,15400
2015-09-10 14:04:00,480.0000,480.6500,479.5000,480.6500,21500
2015-09-10 14:05:00,480.6000,480.7500,479.7500,479.7500,16100
2015-09-10 14:06:59,480.2500,480.9000,480.0500,480.7500,20900
2015-09-10 14:07:59,479.4000,480.5000,479.4000,480.3000,15200
2015-09-10 14:08:59,478.9500,479.6000,478.5500,479.2000,32700
2015-09-10 14:09:59,479.4500,479.4500,478.8000,479.1500,18200
2015-09-10 14:10:59,480.0500,480.2500,478.8500,479.4000,14700
2015-09-10 14:11:59,480.0000,480.2500,479.2000,480.2500,16200
2015-09-10 14:12:00,479.5500,480.2000,479.0500,479.9500,14800
2015-09-10 14:13:59,479.4500,479.5500,479.0500,479.5000,14600
2015-09-10 14:14:59,480.0500,480.1000,479.2500,479.2500,16700
2015-09-10 14:15:59,480.1000,480.2000,480.0000,480.0500,9000
2015-09-10 14:16:59,479.2000,480.1500,479.0000,480.1000,12200
2015-09-10 14:17:00,479.4500,479.9000,479.0000,479.1500,11600
2015-09-10 14:18:59,479.2500,479.4000,479.0000,479.3500,8600
2015-09-10 14:19:59,479.4000,479.4500,479.1500,479.1500,19800
2015-09-10 14:20:00,479.6500,479.9500,479.2500,479.3000,9700
2015-09-10 14:21:59,479.5500,479.7000,479.1000,479.1500,10500
2015-09-10 14:22:59,479.4500,479.5000,479.0000,479.5000,14400
2015-09-10 14:23:59,479.7000,479.8500,479.4500,479.5500,11500
2015-09-10 14:24:00,480.2500,480.5000,479.7500,479.7500,15400
2015-09-10 14:25:59,480.1000,480.2500,479.7500,480.2500,16300
2015-09-10 14:26:59,480.1500,480.2500,479.8000,480.0500,17900
2015-09-10 14:27:59,479.8000,480.2500,479.5000,480.1000,19100
2015-09-10 14:28:59,479.9500,480.0000,479.6500,479.8000,12300
2015-09-10 14:29:59,479.6500,480.0000,479.5000,479.9000,21800
2015-09-10 14:30:59,479.2500,479.6500,479.2000,479.6000,12800
2015-09-10 14:31:59,479.2000,479.3000,479.0000,479.2500,11400
2015-09-10 14:32:59,479.2500,479.4000,478.8500,479.2000,23700
2015-09-10 14:33:59,479.6000,480.0000,479.2000,479.2000,12500
2015-09-10 14:34:59,479.9500,479.9500,479.5000,479.5500,15300
2015-09-10 14:35:59,480.6000,480.7000,479.7500,479.9000,22800
2015-09-10 14:36:00,480.2500,480.8000,480.2500,480.4000,25200
2015-09-10 14:37:00,480.4000,480.5000,479.5000,480.0500,17000
2015-09-10 14:38:59,480.1500,480.6500,480.1500,480.5000,20600
2015-09-10 14:39:59,479.7000,480.3500,479.4000,480.2000,16700
2015-09-10 14:40:00,479.3500,479.6500,479.1000,479.5000,11800
2015-09-10 14:41:59,479.1500,479.4000,479.0000,479.2000,16800
2015-09-10 14:42:59,478.6000,479.2500,478.2500,479.0000,35500
2015-09-10 14:43:59,478.4500,478.6000,478.3000,478.6000,20100
2015-09-10 14:44:59,478.4500,478.5000,478.1500,478.5000,20300
2015-09-10 14:45:00,478.9000,478.9000,478.1000,478.3000,11100
2015-09-10 14:46:59,478.7500,479.0000,478.5500,478.8500,18100
2015-09-10 14:47:00,478.7000,478.8000,478.5000,478.6500,14100
2015-09-10 14:48:00,478.2500,478.6500,478.2000,478.3500,14100
2015-09-10 14:49:59,476.9500,478.2500,476.7500,478.0500,88300
2015-09-10 14:50:59,476.5000,476.9500,476.1500,476.9500,32000
2015-09-10 14:51:59,477.0000,477.0000,476.4500,476.5000,35200
2015-09-10 14:52:58,477.3000,478.0000,477.0000,477.0000,24100
2015-09-10 14:53:59,477.2000,477.5000,477.0000,477.3000,20300
2015-09-10 14:54:00,477.0000,477.2000,476.6500,477.2000,37600
2015-09-10 14:55:59,477.2500,477.5000,477.0000,477.0000,13100
2015-09-10 14:56:59,477.1000,477.3000,477.0000,477.2500,22200
2015-09-10 14:57:59,477.4000,477.5000,477.2000,477.3000,21500
2015-09-10 14:58:59,477.3500,477.5000,477.2000,477.2500,19400
2015-09-10 14:59:00,477.2000,477.5000,477.1000,477.3500,15400
2015-09-10 15:00:00,477.3500,477.5000,477.1500,477.4000,21500
2015-09-10 15:01:59,477.3500,477.3500,477.1500,477.3500,21900
2015-09-10 15:02:59,477.4500,477.6000,477.3000,477.3000,20200
2015-09-10 15:03:59,477.7000,478.0000,477.3500,477.5000,27000
2015-09-10 15:04:59,478.5500,479.2500,477.5500,477.7500,45800
2015-09-10 15:05:59,478.6000,478.9500,478.3000,478.7000,27100
2015-09-10 15:06:00,479.1500,479.4000,478.5000,478.5500,30200
2015-09-10 15:07:59,479.0000,479.5000,479.0000,479.1500,36600
2015-09-10 15:08:59,479.8500,479.8500,478.8000,479.0500,36100
2015-09-10 15:09:59,481.0000,481.0000,479.7500,479.7500,68100
2015-09-10 15:10:59,481.6500,481.8000,480.8000,481.0500,69000
2015-09-10 15:11:59,482.5500,483.0000,481.5000,481.6500,71800
2015-09-10 15:12:59,482.4500,483.1500,482.3500,482.5000,53600
2015-09-10 15:13:59,482.0000,482.8500,481.7500,482.4000,35600
2015-09-10 15:14:59,482.7500,483.2500,481.6500,481.7500,63100
2015-09-10 15:15:59,483.4500,483.5000,482.7000,482.7000,44200
2015-09-10 15:16:59,484.2000,484.2000,483.3000,483.4000,83300
2015-09-10 15:17:59,484.1000,484.5000,483.8000,484.1500,47700
2015-09-10 15:18:59,483.4500,484.3000,483.1500,484.0000,35700
2015-09-10 15:19:59,483.0000,483.3500,482.9000,483.2000,33100
2015-09-10 15:20:59,484.2000,484.3500,483.0500,483.0500,52400
2015-09-10 15:21:59,484.5000,484.5000,483.9500,483.9500,40300
2015-09-10 15:22:59,484.7500,485.3500,484.4000,484.5500,53700
2015-09-10 15:23:00,485.4000,485.4500,484.8000,484.8000,31400
2015-09-10 15:24:59,485.8500,486.4000,485.3000,485.3000,47000
2015-09-10 15:25:59,486.0000,486.0000,485.6000,486.0000,44800
2015-09-10 15:26:59,486.0000,486.5000,486.0000,486.0000,43100
2015-09-10 15:27:59,485.9000,486.3000,485.5500,486.2000,39800
2015-09-10 15:28:59,485.7000,486.2000,485.4500,486.0500,35100
2015-09-10 15:29:59,486.1000,486.5500,485.2000,485.9000,20500
2015-09-10 15:30:00,486.1000,486.1000,486.1000,486.1000,0
2015-09-11 09:15:59,491.0000,492.7000,488.0000,488.0000,116200
2015-09-11 09:16:59,491.2000,491.3500,490.5000,491.2000,81900
2015-09-11 09:17:59,492.7500,493.6000,490.9000,491.0000,70600
2015-09-11 09:18:00,491.1000,493.0000,491.1000,492.9000,52900
2015-09-11 09:19:55,490.9000,491.6000,490.7500,491.6000,23500
2015-09-11 09:20:59,490.5000,490.8000,490.0000,490.7500,55100
2015-09-11 09:21:59,490.0500,491.4000,490.0500,490.4500,35800
2015-09-11 09:22:59,491.7500,492.0000,490.2500,490.4000,33100
2015-09-11 09:23:59,491.0000,492.2000,491.0000,492.0000,25800
2015-09-11 09:24:59,491.2500,491.7000,490.7000,490.9500,19000
2015-09-11 09:25:00,490.6500,491.2500,490.5000,491.2500,16600
2015-09-11 09:26:59,490.6500,491.0000,490.3500,490.7000,31200
2015-09-11 09:27:00,490.9000,491.0000,490.3500,490.9000,8100
2015-09-11 09:28:04,491.2000,491.6500,490.5000,490.7500,12600
2015-09-11 09:29:59,491.7000,491.9000,491.0000,491.4500,15000
2015-09-11 09:30:00,492.0000,492.5000,491.5000,491.6500,28300
2015-09-11 09:31:59,491.4500,492.5000,491.4500,492.0000,19300
2015-09-11 09:32:59,491.4000,491.9500,491.1000,491.4500,15600
2015-09-11 09:33:59,491.5000,491.9500,491.1000,491.4000,14800
2015-09-11 09:34:59,491.1000,491.7000,491.0000,491.2500,12100
2015-09-11 09:35:00,491.0000,491.3000,490.7500,491.0500,17600
2015-09-11 09:36:00,491.3000,491.5000,490.8000,490.9500,9900
2015-09-11 09:37:00,491.1000,491.4000,490.7500,491.3000,10300
2015-09-11 09:38:04,491.1500,491.2000,490.8000,491.1000,6100
2015-09-11 09:39:59,491.4500,491.4500,490.8500,491.2000,12300
2015-09-11 09:40:59,491.9000,492.0000,491.1000,491.5000,22300
2015-09-11 09:41:00,491.4500,491.9000,491.0000,491.7000,7700
2015-09-11 09:42:59,490.8500,491.2500,490.5000,491.2500,16000
2015-09-11 09:43:00,490.2500,491.0000,490.1500,490.5500,18800
2015-09-11 09:44:59,490.8500,491.0000,490.0000,490.3000,17800
2015-09-11 09:45:58,490.2500,491.0000,490.2500,491.0000,6900
2015-09-11 09:46:59,489.8500,490.4000,489.0000,490.2500,42100
2015-09-11 09:47:00,489.8000,489.8500,489.1000,489.8000,16100
2015-09-11 09:48:01,490.0000,490.4000,489.2500,489.7500,16100
2015-09-11 09:49:59,491.0500,491.0500,489.9000,489.9000,17200
2015-09-11 09:50:59,491.3500,491.4000,490.7500,490.9500,23600
2015-09-11 09:51:00,491.3500,491.4000,491.1000,491.3500,11000
2015-09-11 09:52:59,491.6000,491.9000,491.2000,491.3000,9700
2015-09-11 09:53:59,491.8000,491.8500,491.5500,491.7000,10700
2015-09-11 09:54:59,491.7000,491.8000,491.2500,491.7500,10900
2015-09-11 09:55:59,491.2000,491.6500,491.1500,491.3500,5200
2015-09-11 09:56:59,491.4500,491.4500,491.0500,491.2000,9800
2015-09-11 09:57:59,491.2000,491.5000,491.0000,491.3500,8900
2015-09-11 09:58:00,490.6000,491.2000,490.0000,491.2000,22400
2015-09-11 09:59:59,490.4000,490.5000,490.0000,490.5000,9000
2015-09-11 10:00:59,491.3500,491.6500,490.1500,490.1500,21600
2015-09-11 10:01:59,491.3000,491.4000,491.0500,491.3000,6300
2015-09-11 10:02:59,491.4000,491.4500,491.0500,491.2500,10000
2015-09-11 10:03:59,491.7500,491.9000,491.3000,491.5000,10000
2015-09-11 10:04:00,491.4000,491.9000,491.3000,491.5000,22700
2015-09-11 10:05:01,491.4000,491.5000,491.0000,491.3000,4400
2015-09-11 10:06:00,490.9000,491.4000,490.4500,491.4000,10800
2015-09-11 10:07:03,490.2500,490.8000,490.2500,490.5500,4600
2015-09-11 10:08:04,490.1000,490.6000,490.0000,490.4500,9300
2015-09-11 10:09:59,490.3500,490.3500,489.8500,490.1500,16800
2015-09-11 10:10:00,490.3000,490.5000,490.0000,490.3000,10200
2015-09-11 10:11:59,490.3000,490.4500,490.0500,490.1000,6900
2015-09-11 10:12:59,490.5000,491.0000,490.0000,490.0000,12500
2015-09-11 10:13:00,490.6000,490.8000,490.3500,490.4500,7800
2015-09-11 10:14:59,490.7500,491.0000,490.5000,490.5500,4700
2015-09-11 10:15:00,491.0000,491.1000,490.4000,490.8000,8700
2015-09-11 10:16:00,491.4500,491.4500,490.7500,491.0000,8100
2015-09-11 10:17:59,491.5000,491.5000,491.0000,491.3000,5900
2015-09-11 10:18:00,491.0000,491.5000,491.0000,491.5000,9700
2015-09-11 10:19:59,491.1500,491.5000,490.9500,491.2500,9300
2015-09-11 10:20:58,491.2000,491.3500,490.9500,491.1000,9600
2015-09-11 10:21:00,490.6500,491.2000,490.5000,491.2000,6300
2015-09-11 10:22:59,490.4000,490.9000,490.4000,490.9000,4600
2015-09-11 10:23:59,490.3500,490.7000,490.2000,490.4500,5700
2015-09-11 10:24:59,490.7000,490.9000,490.4500,490.6500,4800
2015-09-11 10:25:59,490.2000,490.7000,490.0500,490.7000,11900
2015-09-11 10:26:00,490.2000,490.4000,490.0000,490.2000,8000
2015-09-11 10:27:01,490.0000,490.2500,490.0000,490.2000,7500
2015-09-11 10:28:02,490.4000,490.6000,490.0000,490.0000,6000
2015-09-11 10:29:01,490.2000,490.4500,490.0000,490.2500,6500
2015-09-11 10:30:00,490.4000,490.4500,490.0000,490.3500,4100
2015-09-11 10:31:04,490.1500,490.4500,490.0500,490.3000,8800
2015-09-11 10:32:00,490.3500,490.8500,490.1500,490.1500,17800
2015-09-11 10:33:00,490.1000,490.3500,490.0500,490.3500,5400
2015-09-11 10:34:59,489.9500,490.2000,489.8000,490.2000,11100
2015-09-11 10:35:01,490.0000,490.2000,489.7500,489.8500,15100
2015-09-11 10:36:00,490.1000,490.2500,489.8000,490.0000,20000
2015-09-11 10:37:59,489.8500,490.1500,489.5000,490.0000,30900
2015-09-11 10:38:00,489.7000,490.0000,488.5000,489.8500,81000
2015-09-11 10:39:59,489.7000,489.7000,489.0500,489.4000,29100
2015-09-11 10:40:59,489.7500,489.9500,489.5000,489.7500,19400
2015-09-11 10:41:59,489.5000,489.9500,488.8000,489.9500,21000
2015-09-11 10:42:00,489.4000,489.5000,489.2000,489.4500,7500
2015-09-11 10:43:59,489.5500,489.8000,489.1500,489.6000,14900
2015-09-11 10:44:59,490.2500,490.3000,489.4500,489.5500,17600
2015-09-11 10:45:00,490.2500,490.7500,489.7500,490.4500,11300
2015-09-11 10:46:01,490.1500,490.4500,490.0000,490.3000,6700
2015-09-11 10:47:59,489.8000,490.2500,489.5000,490.1500,10900
2015-09-11 10:48:59,490.0000,490.1000,489.6000,489.7500,7500
2015-09-11 10:49:59,490.0000,490.2500,489.9000,490.1000,32300
2015-09-11 10:50:00,489.9000,490.0000,489.7500,490.0000,14500
2015-09-11 10:51:59,489.4500,490.0000,489.2500,489.9000,25700
2015-09-11 10:52:59,489.5000,489.5000,488.6000,489.4000,45000
2015-09-11 10:53:59,489.3000,489.6500,489.0000,489.5000,15500
2015-09-11 10:54:01,489.6000,489.7500,489.1500,489.3000,10600
2015-09-11 10:55:59,489.3000,489.7000,489.1500,489.6000,17100
2015-09-11 10:56:59,489.4000,489.7000,489.1000,489.4500,10900
2015-09-11 10:57:59,489.5500,489.6000,489.2000,489.3500,7700
2015-09-11 10:58:00,489.6000,489.7000,489.1000,489.6000,13100
2015-09-11 10:59:00,489.3000,489.6000,489.1000,489.5500,8400
2015-09-11 11:00:58,489.3500,489.6500,489.1000,489.3500,12400
2015-09-11 11:01:00,488.8000,489.4500,488.5500,489.4500,29900
2015-09-11 11:02:59,488.7000,489.4500,488.1000,488.7500,34900
2015-09-11 11:03:59,488.7000,488.9000,488.0000,488.7000,12800
2015-09-11 11:04:59,488.6500,488.8000,488.2000,488.7000,12300
2015-09-11 11:05:00,488.6000,488.8000,488.5000,488.6000,9400
2015-09-11 11:06:00,488.9500,489.0000,488.5500,488.5500,14900
2015-09-11 11:07:59,488.9000,488.9500,488.6500,488.9500,5000
2015-09-11 11:08:00,488.9000,488.9500,488.7000,488.8500,4900
2015-09-11 11:09:59,488.9500,489.0000,488.8000,488.9000,10600
2015-09-11 11:10:59,488.1500,488.9500,488.1500,488.9500,23100
2015-09-11 11:11:59,487.2500,488.1000,486.1500,488.1000,49300
2015-09-11 11:12:00,487.2000,487.7000,486.7500,487.4000,25000
2015-09-11 11:13:59,486.7500,487.2000,486.7000,487.2000,33100
2015-09-11 11:14:59,486.6000,486.7500,486.1000,486.7000,19600
2015-09-11 11:15:59,487.6000,488.0500,486.5500,486.6000,29000
2015-09-11 11:16:59,487.4000,487.7500,487.2000,487.6000,16800
2015-09-11 11:17:59,487.6500,487.6500,487.4000,487.5500,14800
2015-09-11 11:18:58,487.6500,487.9500,487.5000,487.6500,11000
2015-09-11 11:19:58,487.9500,487.9500,487.3500,487.6500,14000
2015-09-11 11:20:00,487.3000,487.9000,487.3000,487.7500,8600
2015-09-11 11:21:00,487.4500,487.5000,487.1000,487.3500,10400
2015-09-11 11:22:59,487.7000,487.9000,487.3000,487.5000,8600
2015-09-11 11:23:00,487.9000,487.9000,487.6000,487.7500,13300
2015-09-11 11:24:00,488.0000,488.2000,487.7500,487.9000,10800
2015-09-11 11:25:59,488.5500,488.9500,488.0000,488.2000,27900
2015-09-11 11:26:58,488.3500,488.3500,488.0500,488.3500,7600
2015-09-11 11:27:59,488.1000,488.5000,488.1000,488.3500,4100
2015-09-11 11:28:00,487.5500,488.2000,487.1000,488.1500,8200
2015-09-11 11:29:59,487.9000,488.2000,487.3000,487.8500,15800
2015-09-11 11:30:00,486.6500,487.7500,486.6000,487.7000,13800
2015-09-11 11:31:59,486.8000,487.3500,486.5500,487.1500,10700
2015-09-11 11:32:59,486.6000,486.8500,486.5000,486.8000,11000
2015-09-11 11:33:57,486.2500,486.8500,486.2500,486.8000,22900
2015-09-11 11:34:59,486.6000,486.6000,486.2000,486.2500,30200
2015-09-11 11:35:00,486.7500,487.2500,486.3500,486.6500,8300
2015-09-11 11:36:59,487.0000,487.4000,486.4500,487.0000,10700
2015-09-11 11:37:00,487.2000,487.5000,486.5000,486.9000,12000
2015-09-11 11:38:59,486.7500,487.0000,486.5500,487.0000,5500
2015-09-11 11:39:00,486.9000,487.2000,486.3000,486.8500,18400
2015-09-11 11:40:00,487.5000,487.5000,486.7500,487.0500,11100
2015-09-11 11:41:01,487.7000,487.9000,487.1500,487.4500,10000
2015-09-11 11:42:59,487.3500,487.6000,487.0000,487.6000,6200
2015-09-11 11:43:59,487.8000,487.8000,487.2500,487.4500,4200
2015-09-11 11:44:59,487.5500,487.8000,487.4000,487.6500,7400
2015-09-11 11:45:00,487.6500,487.7000,487.2500,487.5500,5200
2015-09-11 11:46:59,487.3000,487.6500,487.1500,487.6500,5100
2015-09-11 11:47:59,487.5000,487.6500,487.0500,487.2500,8500
2015-09-11 11:48:59,486.9000,487.5000,486.9000,487.3500,7600
2015-09-11 11:49:59,486.2000,486.9500,485.4500,486.9500,32300
2015-09-11 11:50:00,486.2000,486.3500,485.3500,486.3500,15000
2015-09-11 11:51:00,486.0000,486.2500,485.7500,486.0500,10400
2015-09-11 11:52:59,485.6000,486.0000,485.6000,485.9500,10800
2015-09-11 11:53:58,486.1000,486.2500,485.5000,485.6000,9500
2015-09-11 11:54:59,485.8500,486.3000,485.8000,486.1500,8100
2015-09-11 11:55:00,486.4000,486.8000,485.9000,486.1500,13900
2015-09-11 11:56:00,486.1000,486.6500,486.0000,486.4000,6700
2015-09-11 11:57:00,485.7500,486.4000,485.7500,486.2500,9900
2015-09-11 11:58:59,485.7500,485.9500,485.6000,485.9000,10200
2015-09-11 11:59:59,486.1000,486.1500,485.5000,485.9500,9100
2015-09-11 12:00:59,485.9000,486.1000,485.7500,486.0000,12300
2015-09-11 12:01:59,486.1000,486.1000,485.6000,485.8500,12400
2015-09-11 12:02:59,485.9500,486.4000,485.5000,486.2000,19200
2015-09-11 12:03:59,485.1000,485.9500,485.0000,485.8500,62600
2015-09-11 12:04:59,484.8000,485.4500,484.4000,485.2000,53100
2015-09-11 12:05:59,485.1500,485.2000,484.4000,485.1000,19500
2015-09-11 12:06:59,485.0000,485.2000,484.5000,485.0000,21000
2015-09-11 12:07:59,483.5000,485.0000,482.8000,485.0000,77800
2015-09-11 12:08:59,483.7000,484.0500,483.3000,483.5000,29000
2015-09-11 12:09:59,483.8000,483.9000,483.4500,483.6500,17400
2015-09-11 12:10:59,482.5500,483.8000,481.7500,483.5000,66400
2015-09-11 12:11:59,482.9000,482.9000,482.1000,482.4500,20300
2015-09-11 12:12:00,483.6000,483.6000,482.7000,482.8500,20800
2015-09-11 12:13:01,483.6500,483.8000,483.2000,483.4500,23600
2015-09-11 12:14:59,483.7500,484.0000,483.5500,483.9000,12700
2015-09-11 12:15:59,484.2500,484.4000,483.7500,483.9500,11000
2015-09-11 12:16:59,484.2000,484.3000,483.6500,484.2000,21100
2015-09-11 12:17:00,484.1000,484.3500,483.7500,484.0000,13900
2015-09-11 12:18:59,483.7000,484.1500,483.5500,484.0000,10300
2015-09-11 12:19:59,483.2500,484.0000,483.2500,483.7000,19200
2015-09-11 12:20:59,482.9000,483.2000,482.5000,483.2000,22100
2015-09-11 12:21:59,483.0000,483.2000,482.6000,482.9000,15500
2015-09-11 12:22:59,482.7000,483.2000,482.5500,483.1000,10700
2015-09-11 12:23:59,482.7000,483.0000,482.4000,482.5500,14900
2015-09-11 12:24:59,482.7000,482.9000,482.4000,482.8500,9200
2015-09-11 12:25:59,483.2000,483.6000,482.4500,482.6000,22400
2015-09-11 12:26:59,483.2000,483.8000,483.0000,483.6000,20600
2015-09-11 12:27:59,483.5500,483.8000,483.0500,483.1500,26600
2015-09-11 12:28:59,483.6000,483.6500,483.0500,483.5000,20100
2015-09-11 12:29:59,483.5000,483.6000,483.2500,483.6000,10200
2015-09-11 12:30:59,484.0500,484.0500,483.5000,483.5000,26700
2015-09-11 12:31:59,484.0000,484.7500,484.0000,484.5000,55200
2015-09-11 12:32:00,483.4500,484.0500,483.1000,484.0000,18400
2015-09-11 12:33:59,482.7000,483.5000,482.7000,483.5000,16300
2015-09-11 12:34:59,482.7500,483.0500,482.6500,482.7000,17800
2015-09-11 12:35:59,482.1000,482.8500,482.1000,482.8500,20700
2015-09-11 12:36:59,482.2500,482.4500,481.2500,482.0000,38700
2015-09-11 12:37:59,481.4500,482.4500,481.4500,482.0500,12500
2015-09-11 12:38:59,482.0000,482.2500,481.5000,481.5000,8700
2015-09-11 12:39:59,482.3500,483.5000,481.6000,482.0500,18700
2015-09-11 12:40:59,482.3000,482.6500,481.7500,482.5000,11800
2015-09-11 12:41:00,482.9500,482.9500,482.0500,482.0500,7100
2015-09-11 12:42:01,483.3500,483.5000,482.7000,482.9000,13000
2015-09-11 12:43:59,483.6000,483.9000,483.0500,483.4500,8900
2015-09-11 12:44:59,482.6500,483.7500,482.6000,483.4500,12900
2015-09-11 12:45:58,482.0000,482.8500,482.0000,482.5000,12300
2015-09-11 12:46:59,482.4000,482.7000,481.9500,482.0500,6400
2015-09-11 12:47:59,482.3500,482.8000,482.1000,482.4000,9500
2015-09-11 12:48:59,482.2000,482.5000,482.1000,482.3000,10900
2015-09-11 12:49:59,482.5000,482.6500,482.2500,482.2500,9400
2015-09-11 12:50:59,482.1000,482.7000,482.1000,482.4500,14000
2015-09-11 12:51:59,481.2500,482.1000,481.0000,482.0000,34000
2015-09-11 12:52:59,480.9500,481.5500,480.5000,481.3000,32000
2015-09-11 12:53:59,481.0000,481.3500,480.7500,481.0000,21700
2015-09-11 12:54:01,480.9500,481.3500,480.9500,481.1500,10000
2015-09-11 12:55:00,480.9000,481.1000,480.6000,480.8000,12700
2015-09-11 12:56:00,481.1000,481.5000,480.5500,480.8500,14500
2015-09-11 12:57:00,481.0500,481.4000,481.0000,481.2500,12900
2015-09-11 12:58:01,481.0000,481.4500,480.6500,481.0000,14100
2015-09-11 12:59:59,481.0000,481.2500,480.8000,480.8000,6700
2015-09-11 13:00:02,481.0000,481.0000,480.5500,480.8500,12100
2015-09-11 13:01:01,480.8000,481.9500,480.7500,480.7500,10300
2015-09-11 13:02:59,481.5000,482.0000,480.7000,480.7500,11000
2015-09-11 13:03:00,481.4000,481.9500,481.0500,481.3500,9900
2015-09-11 13:04:59,481.5500,481.7500,480.8000,481.6500,11000
2015-09-11 13:05:00,481.8500,481.9500,481.4000,481.5500,6900
2015-09-11 13:06:59,481.7500,481.7500,481.1000,481.7500,7800
2015-09-11 13:07:59,480.8500,481.7500,480.8500,481.7000,10400
2015-09-11 13:08:59,480.5500,481.0000,480.1000,480.8000,16600
2015-09-11 13:09:59,478.6000,480.6000,478.2500,480.4500,78500
2015-09-11 13:10:59,478.5000,479.0000,478.3000,478.7000,21700
2015-09-11 13:11:59,478.4000,479.0000,478.3500,478.5000,26700
2015-09-11 13:12:59,476.8500,478.4000,476.1000,478.4000,97300
2015-09-11 13:13:00,477.3500,477.5500,476.6000,476.8500,32400
2015-09-11 13:14:01,478.1000,478.1000,477.0500,477.1000,16100
2015-09-11 13:15:59,477.3500,478.2000,477.0000,477.9000,20300
2015-09-11 13:16:58,476.5000,477.3500,476.5000,477.0500,19700
2015-09-11 13:17:59,476.0500,476.7500,476.0000,476.6000,26500
2015-09-11 13:18:59,475.5000,476.2500,474.7500,476.2500,70900
2015-09-11 13:19:59,477.0000,477.1000,475.3000,475.6500,29000
2015-09-11 13:20:59,477.8500,477.8500,476.6500,477.0000,17000
2015-09-11 13:21:59,478.1000,478.7000,477.6000,477.7500,36800
2015-09-11 13:22:58,478.6000,478.6000,478.0000,478.2500,17900
2015-09-11 13:23:00,478.5000,478.9000,478.3500,478.5000,21500
2015-09-11 13:24:59,478.8500,478.8500,478.2000,478.3000,9800
2015-09-11 13:25:59,478.7000,479.0500,478.2500,478.5000,16200
2015-09-11 13:26:59,479.1000,479.2000,478.2500,478.2500,10400
2015-09-11 13:27:59,478.9000,479.5000,478.5000,479.1000,19100
2015-09-11 13:28:00,479.0500,479.4000,478.7500,478.9000,17700
2015-09-11 13:29:59,479.3500,479.5000,479.1000,479.1000,10400
2015-09-11 13:30:00,480.2000,480.2000,479.0500,479.4000,33000
2015-09-11 13:31:00,479.6500,480.4000,479.6500,480.0500,25400
2015-09-11 13:32:59,479.1000,479.9000,478.4500,479.5500,18400
2015-09-11 13:33:56,478.3000,479.4500,478.3000,478.9500,8000
2015-09-11 13:34:58,479.0500,479.5000,478.2500,478.3000,17000
2015-09-11 13:35:59,480.0000,480.0000,478.7500,478.7500,13600
2015-09-11 13:36:59,479.8000,479.9000,479.0000,479.6500,13100
2015-09-11 13:37:59,479.6500,480.2000,479.5000,479.5500,23900
2015-09-11 13:38:59,479.8000,479.8500,479.3000,479.7500,11700
2015-09-11 13:39:00,479.7500,479.7500,479.0000,479.5000,14300
2015-09-11 13:40:59,479.7000,480.0000,479.3000,479.9000,10900
2015-09-11 13:41:58,479.8000,480.4000,479.5000,479.7000,17200
2015-09-11 13:42:58,479.9000,480.3500,479.4000,479.9500,16900
2015-09-11 13:43:58,479.9000,480.2500,479.8000,479.9500,11300
2015-09-11 13:44:59,479.8000,480.0000,479.3000,479.9500,17000
2015-09-11 13:45:01,479.6500,479.6500,479.1000,479.2500,7900
2015-09-11 13:46:00,479.4000,479.6500,479.1000,479.2500,7500
2015-09-11 13:47:59,479.3000,479.5000,479.1000,479.3500,5900
2015-09-11 13:48:59,479.0000,479.3000,478.9000,479.2500,10600
2015-09-11 13:49:59,478.8500,479.0000,478.4500,479.0000,9600
2015-09-11 13:50:00,479.0000,479.0000,478.4500,478.7500,11300
2015-09-11 13:51:58,478.4500,479.2000,478.0000,479.0000,12700
2015-09-11 13:52:59,478.1500,479.1500,478.0000,478.5000,19900
2015-09-11 13:53:00,478.6000,478.6500,478.1000,478.2000,6800
2015-09-11 13:54:02,479.3000,479.3000,478.2500,478.3000,8900
2015-09-11 13:55:01,478.7500,479.4000,478.5000,479.3500,14600
2015-09-11 13:56:01,479.5000,479.5000,478.7500,478.7500,5700
2015-09-11 13:57:01,478.9000,480.0000,478.9000,479.5500,16300
2015-09-11 13:58:01,479.4500,479.6500,478.8000,478.9000,7000
2015-09-11 13:59:01,479.5000,479.7500,478.8500,479.2500,9500
2015-09-11 14:00:01,479.1500,479.5000,479.0000,479.1000,6800
2015-09-11 14:01:59,479.0000,479.1500,478.3500,479.1500,15100
2015-09-11 14:02:59,478.5000,478.9000,478.1500,478.7500,7600
2015-09-11 14:03:59,477.6000,478.4500,477.5000,478.4500,16300
2015-09-11 14:04:00,478.5000,478.5000,477.5000,477.5000,15800
2015-09-11 14:05:01,479.0500,479.4000,478.6000,478.6000,7300
2015-09-11 14:06:59,478.9500,479.2500,478.3000,479.2000,14200
2015-09-11 14:07:59,479.1000,479.2000,478.4500,479.0500,8800
2015-09-11 14:08:59,479.5000,479.5000,478.9500,479.3000,7800
2015-09-11 14:09:00,480.0000,480.0000,479.0000,479.4500,10800
2015-09-11 14:10:01,479.2500,480.0000,479.2500,479.8000,10200
2015-09-11 14:11:58,480.2000,480.3000,479.7500,479.7500,19200
2015-09-11 14:12:00,480.0000,480.5000,479.6500,480.5000,26400
2015-09-11 14:13:59,479.7500,479.9000,479.2500,479.6500,10900
2015-09-11 14:14:59,479.7500,480.0000,479.0500,479.7500,12500
2015-09-11 14:15:00,479.7500,480.0000,479.2000,479.9500,22300
2015-09-11 14:16:59,479.2000,479.8000,479.1500,479.5000,13400
2015-09-11 14:17:59,479.4500,479.7500,478.8500,479.1000,13000
2015-09-11 14:18:59,479.7000,479.7000,478.8000,479.4500,10400
2015-09-11 14:19:59,480.0000,480.0000,479.2500,479.5000,8100
2015-09-11 14:20:59,479.5000,480.0000,479.0000,480.0000,52800
2015-09-11 14:21:59,480.0000,480.0000,479.4500,479.5000,9000
2015-09-11 14:22:00,480.2000,480.2000,479.7500,479.9000,13200
2015-09-11 14:23:59,480.7500,480.9000,479.8000,480.0000,12800
2015-09-11 14:24:59,480.7000,482.4000,480.1500,481.2000,65200
2015-09-11 14:25:59,480.8500,481.4500,480.1500,480.7000,18100
2015-09-11 14:26:59,480.2500,481.1500,479.8000,481.1500,20600
2015-09-11 14:27:59,481.1500,481.1500,479.1000,480.2000,30600
2015-09-11 14:28:00,480.8000,481.0000,480.0500,480.8500,12000
2015-09-11 14:29:59,480.5000,480.8500,480.1500,480.5500,14100
2015-09-11 14:30:59,480.5000,480.7500,479.3000,480.7500,25000
2015-09-11 14:31:59,480.0000,480.1000,479.0500,480.0500,38000
2015-09-11 14:32:00,479.8500,480.0000,479.6000,479.7500,14100
2015-09-11 14:33:59,479.5000,479.7000,479.0000,479.7000,19400
2015-09-11 14:34:59,479.9000,480.0000,479.2500,479.5000,9100
2015-09-11 14:35:59,479.6000,479.9500,479.5500,479.9000,9800
2015-09-11 14:36:59,480.5000,480.5000,479.5500,479.5500,11200
2015-09-11 14:37:59,480.3000,480.5000,479.6500,480.5000,15500
2015-09-11 14:38:59,479.8500,480.4500,479.6000,480.2500,12000
2015-09-11 14:39:59,480.1500,480.4500,479.6500,479.9500,12300
2015-09-11 14:40:00,480.0000,480.4000,479.6000,480.0000,11400
2015-09-11 14:41:59,480.5000,480.5000,479.8000,479.9500,16200
2015-09-11 14:42:00,480.1000,480.5000,480.0000,480.3000,13500
2015-09-11 14:43:59,480.9500,480.9500,480.0000,480.5000,12600
2015-09-11 14:44:59,480.6000,480.8500,480.1500,480.2500,12100
2015-09-11 14:45:00,480.2500,480.8500,480.0500,480.5000,11800
2015-09-11 14:46:59,481.0000,481.0000,480.2500,480.2500,15000
2015-09-11 14:47:59,481.1000,481.4000,480.4500,481.2000,17800
2015-09-11 14:48:59,481.1500,481.4000,480.7000,481.0000,13400
2015-09-11 14:49:59,480.8000,481.5000,480.7500,481.1000,23500
2015-09-11 14:50:59,481.2500,481.4500,480.9000,481.2000,10600
2015-09-11 14:51:00,481.4500,481.5500,481.0500,481.4000,10900
2015-09-11 14:52:01,481.5000,481.5000,481.0000,481.4500,16200
2015-09-11 14:53:01,480.8500,481.2500,480.5500,481.2500,12200
2015-09-11 14:54:01,481.2500,481.3500,480.8500,481.1500,10500
2015-09-11 14:55:59,481.5000,481.7000,481.1500,481.2500,11500
2015-09-11 14:56:59,483.0000,483.0000,481.3000,481.5000,44400
2015-09-11 14:57:59,484.2500,484.4000,482.8000,483.2000,71100
2015-09-11 14:58:59,484.3000,484.7000,483.8000,484.4000,42300
2015-09-11 14:59:59,485.0000,485.4000,484.2000,484.3500,95800
2015-09-11 15:00:59,484.0500,485.2000,484.0500,484.9500,58000
2015-09-11 15:01:59,483.3500,484.5000,483.0500,484.5000,23100
2015-09-11 15:02:59,483.7000,484.0000,482.9500,483.3000,31000
2015-09-11 15:03:59,483.9500,484.2500,483.8500,483.9500,39900
2015-09-11 15:04:59,483.2500,484.0000,482.7000,484.0000,27900
2015-09-11 15:05:59,483.1500,483.3500,482.6000,483.2000,26200
2015-09-11 15:06:58,483.5000,484.3500,483.2500,483.2500,21700
2015-09-11 15:07:59,483.5000,484.0500,483.0000,483.7500,23400
2015-09-11 15:08:59,483.0000,483.8000,482.5000,483.2500,23000
2015-09-11 15:09:00,482.8500,483.0000,482.2500,483.0000,21800
2015-09-11 15:10:55,481.6500,482.6000,481.6500,482.5000,27000
2015-09-11 15:11:59,481.7000,482.2000,481.5000,481.7500,29900
2015-09-11 15:12:59,480.7500,482.0000,480.5000,481.6500,44800
2015-09-11 15:13:59,479.6000,481.0500,479.3000,481.0000,67400
2015-09-11 15:14:58,478.0000,479.3000,478.0000,479.2500,71200
2015-09-11 15:15:59,478.5500,478.5500,477.2500,477.9000,67000
2015-09-11 15:16:59,479.0000,479.5000,477.5000,478.8000,48000
2015-09-11 15:17:59,479.7500,479.7500,478.4500,479.5000,30700
2015-09-11 15:18:59,480.7000,480.7500,479.3000,479.8500,30300
2015-09-11 15:19:59,480.6000,480.7500,480.0000,480.1500,22100
2015-09-11 15:20:59,480.4500,480.9000,480.0000,480.7500,26500
2015-09-11 15:21:59,480.4000,480.8500,480.2500,480.4500,27400
2015-09-11 15:22:59,481.0000,481.0000,480.4000,480.4000,27000
2015-09-11 15:23:59,481.7500,481.7500,480.7500,481.0000,29900
2015-09-11 15:24:59,481.5000,481.9500,481.1500,481.6500,34000
2015-09-11 15:25:00,481.5000,481.7500,481.1000,481.7000,25600
2015-09-11 15:26:59,481.5000,481.7000,481.1000,481.5000,23500
2015-09-11 15:27:59,481.7500,481.8500,481.2000,481.2000,30900
2015-09-11 15:28:59,481.2000,481.8500,481.0000,481.7000,31100
2015-09-11 15:29:59,480.8000,481.5000,480.1500,481.4500,13800
2015-09-11 15:30:00,480.8000,480.8000,480.8000,480.8000,100
2015-09-14 09:15:59,481.0000,481.6000,479.8500,480.0000,67700
2015-09-14 09:16:59,482.8500,482.8500,480.3500,481.0000,37200
2015-09-14 09:17:59,482.5000,483.0000,482.1000,482.5500,30500
2015-09-14 09:18:59,482.2000,482.3500,481.4000,482.1500,18300
2015-09-14 09:19:59,482.8500,483.0000,482.0500,482.0500,23000
2015-09-14 09:20:59,483.9000,484.2500,482.7500,483.0000,15900
2015-09-14 09:21:00,483.5000,484.2500,483.1000,484.0000,20000
2015-09-14 09:22:59,483.7500,483.7500,482.8000,483.4500,15800
2015-09-14 09:23:00,484.2500,484.3500,483.6000,483.7000,18600
2015-09-14 09:24:01,484.2500,484.5000,484.0000,484.1000,13400
2015-09-14 09:25:00,483.9500,484.5000,483.9500,484.5000,14200
2015-09-14 09:26:02,483.1000,483.9000,483.1000,483.4000,12200
2015-09-14 09:27:59,482.9500,483.2500,481.8000,483.0500,25100
2015-09-14 09:28:00,482.4500,483.0000,481.9000,482.9000,8700
2015-09-14 09:29:59,482.3000,482.7500,481.8500,482.3500,15400
2015-09-14 09:30:59,484.2500,484.4500,482.7000,482.7000,13500
2015-09-14 09:31:00,483.8500,484.4500,483.0000,484.4000,11700
2015-09-14 09:32:59,483.5500,483.7500,483.0000,483.7500,10600
2015-09-14 09:33:59,482.5000,483.5500,482.5000,483.5500,14200
2015-09-14 09:34:00,483.0000,483.0500,482.5000,482.7000,12700
2015-09-14 09:35:02,482.5500,483.3500,482.5000,483.2500,11500
2015-09-14 09:36:59,482.7500,482.8000,482.1500,482.4000,12000
2015-09-14 09:37:00,483.0000,483.0000,482.3500,482.3500,10800
2015-09-14 09:38:59,482.5500,483.0000,482.5000,483.0000,5700
2015-09-14 09:39:00,482.3500,482.7500,481.8500,482.7500,11800
2015-09-14 09:40:04,482.7500,482.8000,482.3500,482.4000,8400
2015-09-14 09:41:01,483.0000,483.0000,482.7500,482.9000,4100
2015-09-14 09:42:01,483.8000,483.8000,482.9000,482.9500,30600
2015-09-14 09:43:02,483.5000,483.9000,483.2000,483.8000,7200
2015-09-14 09:44:59,483.7500,484.1000,483.4500,483.5000,14100
2015-09-14 09:45:00,485.9000,486.5000,483.6500,483.7500,48100
2015-09-14 09:46:59,485.4500,485.7500,484.9500,485.6000,15500
2015-09-14 09:47:59,485.1000,485.6000,485.0500,485.5000,9600
2015-09-14 09:48:00,485.5000,485.5000,484.8000,485.0500,35200
2015-09-14 09:49:00,484.7000,485.5000,484.7000,485.3500,9400
2015-09-14 09:50:03,485.4000,485.4000,484.4500,484.7000,7100
2015-09-14 09:51:00,485.6000,485.9500,485.0500,485.4000,11100
2015-09-14 09:52:59,485.9000,486.0000,485.5000,485.8000,12500
2015-09-14 09:53:00,485.6000,486.0000,485.5500,485.7500,10000
2015-09-14 09:54:01,485.4000,486.1000,485.4000,486.1000,10200
2015-09-14 09:55:02,484.8500,485.5000,484.8500,485.4000,8900
2015-09-14 09:56:02,485.2000,485.2500,484.7000,485.0000,6100
2015-09-14 09:57:00,485.2500,485.4000,485.0000,485.2000,5200
2015-09-14 09:58:59,485.3000,485.5000,484.9500,485.2500,7500
2015-09-14 09:59:00,484.9000,485.2500,484.7500,485.2000,6400
2015-09-14 10:00:01,485.0000,485.3500,484.8500,484.8500,5900
2015-09-14 10:01:59,485.7500,486.4500,485.0000,485.0000,19500
2015-09-14 10:02:59,487.4000,487.4500,485.7500,485.8500,28300
2015-09-14 10:03:59,487.0500,487.2500,486.6500,487.2000,27700
2015-09-14 10:04:59,486.8500,487.0500,486.7000,486.9000,9100
2015-09-14 10:05:59,486.9500,487.0000,486.5000,486.9500,12000
2015-09-14 10:06:59,487.3000,487.7500,486.9000,487.0000,19100
2015-09-14 10:07:00,487.2000,487.3000,486.8000,487.3000,13400
2015-09-14 10:08:59,486.7500,487.1500,486.6500,487.1500,13000
2015-09-14 10:09:00,486.7500,487.0000,486.7000,486.8500,7500
2015-09-14 10:10:02,486.7500,487.0000,486.6500,486.9000,6500
2015-09-14 10:11:58,486.7000,487.0000,486.6000,486.7500,12600
2015-09-14 10:12:00,486.0000,486.7000,485.9500,486.7000,13400
2015-09-14 10:13:01,486.2000,486.2500,485.8500,486.0500,11000
2015-09-14 10:14:59,485.9000,486.4500,485.5500,486.0000,6900
2015-09-14 10:15:59,485.7000,485.7500,485.2500,485.4000,11700
2015-09-14 10:16:00,486.3000,486.3000,485.5000,485.7000,19700
2015-09-14 10:17:01,486.0000,486.2500,485.7500,486.1500,4200
2015-09-14 10:18:01,486.7000,487.1000,485.9000,485.9000,12000
2015-09-14 10:19:59,488.0500,488.6500,486.8000,487.0000,36300
2015-09-14 10:20:59,488.6000,488.7000,487.9000,488.0000,28700
2015-09-14 10:21:59,488.1000,489.0000,488.1000,488.2500,28900
2015-09-14 10:22:59,489.1500,489.6000,487.7500,488.1000,33900
2015-09-14 10:23:00,488.8000,489.2500,488.7000,489.1500,16500
2015-09-14 10:24:59,488.4000,488.7500,488.0500,488.7000,14800
2015-09-14 10:25:00,488.2000,488.7500,488.1500,488.5000,14400
2015-09-14 10:26:00,488.8000,489.3000,488.2000,488.2000,25200
2015-09-14 10:27:01,488.0000,489.0000,487.9500,489.0000,14200
2015-09-14 10:28:01,488.2500,488.8000,488.0000,488.0500,9400
2015-09-14 10:29:00,488.6000,489.0000,488.3000,488.3000,6000
2015-09-14 10:30:59,489.5000,489.8000,488.7500,488.8000,17600
2015-09-14 10:31:59,489.1000,489.8000,489.1000,489.8000,11300
2015-09-14 10:32:00,489.0500,489.3500,488.8500,489.1000,9400
2015-09-14 10:33:59,490.4000,490.5500,489.0000,489.3000,76700
2015-09-14 10:34:59,490.5000,491.3000,490.4000,490.4500,58000
2015-09-14 10:35:59,490.2500,490.7500,490.0500,490.7500,15100
2015-09-14 10:36:59,490.6500,491.0000,490.4000,490.4000,21700
2015-09-14 10:37:59,490.6500,490.9000,490.5000,490.6500,11600
2015-09-14 10:38:59,490.2500,490.7500,490.2500,490.6000,11200
2015-09-14 10:39:59,490.0000,490.5000,489.8500,490.1500,19700
2015-09-14 10:40:00,489.8000,490.1500,489.6500,490.0000,8600
2015-09-14 10:41:59,489.8000,490.0000,489.6000,489.9500,12600
2015-09-14 10:42:00,490.2000,490.2000,489.7500,489.7500,14200
2015-09-14 10:43:59,490.0000,490.5000,490.0000,490.2000,12600
2015-09-14 10:44:00,490.7500,490.9500,490.0500,490.3500,17400
2015-09-14 10:45:00,490.5500,491.4000,490.5500,490.6000,33600
2015-09-14 10:46:00,490.3000,490.8500,490.3000,490.7500,12400
2015-09-14 10:47:00,490.3500,490.6500,490.2000,490.3000,7000
2015-09-14 10:48:59,490.2000,490.3500,490.1000,490.3500,6000
2015-09-14 10:49:59,490.4000,490.6000,490.2000,490.2000,9400
2015-09-14 10:50:00,490.4000,490.9000,490.3500,490.4000,8100
2015-09-14 10:51:01,490.7500,490.7500,490.2000,490.3500,6200
2015-09-14 10:52:02,490.9000,491.0000,490.5000,490.6000,10500
2015-09-14 10:53:02,490.8000,490.9500,490.5500,490.9500,5800
2015-09-14 10:54:59,490.7000,490.8000,490.3000,490.8000,8600
2015-09-14 10:55:59,490.6000,490.8000,490.3500,490.5000,5300
2015-09-14 10:56:59,490.5000,490.8000,490.5000,490.6000,6400
2015-09-14 10:57:00,490.7000,490.8000,490.3000,490.8000,6300
2015-09-14 10:58:59,491.2000,491.2000,490.5500,490.7000,12400
2015-09-14 10:59:00,490.9000,491.2500,490.6000,491.0000,8400
2015-09-14 11:00:01,490.9500,490.9500,490.5500,490.9500,5200
2015-09-14 11:01:02,490.6500,491.0000,490.6500,490.9000,4100
2015-09-14 11:02:59,489.8500,490.7000,489.5000,490.6500,18000
2015-09-14 11:03:59,490.9000,490.9000,489.7500,489.8000,9300
2015-09-14 11:04:59,490.1500,491.0000,490.0000,490.7500,8800
2015-09-14 11:05:00,489.7500,490.4000,489.7500,490.4000,6600
2015-09-14 11:06:59,489.2000,489.9500,489.1000,489.7500,12100
2015-09-14 11:07:00,489.1500,489.5000,488.6500,489.2500,17200
2015-09-14 11:08:00,489.3500,489.9000,489.2000,489.4000,9300
2015-09-14 11:09:58,489.2500,489.4000,489.0000,489.0000,9000
2015-09-14 11:10:59,489.3000,489.5000,489.1500,489.1500,5500
2015-09-14 11:11:59,489.6000,489.8000,489.5000,489.6000,5300
2015-09-14 11:12:00,489.7500,489.7500,489.2000,489.6000,9300
2015-09-14 11:13:59,489.9000,490.3000,489.5500,489.7500,35000
2015-09-14 11:14:59,490.2000,490.4000,489.4000,490.2000,8900
2015-09-14 11:15:00,490.0000,490.2500,489.6000,490.1500,7200
2015-09-14 11:16:01,489.9500,490.5000,489.7500,489.8000,8900
2015-09-14 11:17:01,489.5000,490.0000,489.5000,489.9000,10200
2015-09-14 11:18:01,489.8500,489.9500,489.1000,489.5000,9800
2015-09-14 11:19:59,490.1500,490.2500,489.8000,489.8000,10400
2015-09-14 11:20:00,489.8500,490.2000,489.8500,490.1500,3500
2015-09-14 11:21:59,490.0500,490.0500,489.5000,489.9000,13100
2015-09-14 11:22:00,490.0000,490.2500,489.5500,490.0500,9600
2015-09-14 11:23:01,490.2000,490.4000,490.0000,490.0500,6900
2015-09-14 11:24:00,490.2000,490.4000,490.1000,490.3000,4100
2015-09-14 11:25:01,490.1000,490.5000,490.0000,490.1500,7300
2015-09-14 11:26:00,490.4000,490.5500,489.9000,490.1000,12400
2015-09-14 11:27:59,490.3500,490.5000,490.1500,490.4000,5900
2015-09-14 11:28:59,490.7000,490.9000,490.2500,490.3500,11600
2015-09-14 11:29:59,491.1000,491.7500,490.7000,490.7000,37200
2015-09-14 11:30:01,490.8500,491.2000,490.7500,491.1000,20500
2015-09-14 11:31:59,491.4500,491.4500,490.7000,491.1000,13300
2015-09-14 11:32:59,490.9000,491.5000,490.5500,491.3500,15600
2015-09-14 11:33:59,490.8000,490.9500,490.6500,490.8000,7600
2015-09-14 11:34:59,490.6000,491.0000,490.5000,490.9000,5500
2015-09-14 11:35:59,490.8000,491.0000,490.5000,490.8000,9600
2015-09-14 11:36:00,490.5500,490.8000,490.3500,490.5500,6700
2015-09-14 11:37:59,490.5500,490.9500,490.4500,490.5500,3500
2015-09-14 11:38:59,490.3000,490.8000,490.3000,490.5000,4700
2015-09-14 11:39:59,490.0500,490.4500,490.0000,490.4500,12600
2015-09-14 11:40:00,489.8000,490.2000,489.7500,490.0500,14000
2015-09-14 11:41:02,489.7000,490.0000,489.7000,489.9000,9100
2015-09-14 11:42:01,489.6000,489.9000,489.5000,489.7000,12000
2015-09-14 11:43:59,489.7500,489.9000,489.5000,489.5500,6300
2015-09-14 11:44:00,489.9000,490.3000,489.8500,489.9500,12300
2015-09-14 11:45:59,489.6000,490.0000,489.6000,489.9500,5700
2015-09-14 11:46:59,489.2500,490.0000,489.2500,489.8500,24800
2015-09-14 11:47:00,489.2500,489.5000,489.0000,489.5000,12900
2015-09-14 11:48:01,489.7500,490.0000,489.5000,489.5000,8800
2015-09-14 11:49:00,489.7500,489.9500,489.6000,489.7500,3700
2015-09-14 11:50:00,489.5500,489.9500,489.5500,489.7500,3700
2015-09-14 11:51:59,489.4000,489.7500,489.1500,489.7500,3400
2015-09-14 11:52:59,489.6000,489.7000,489.2000,489.4000,3700
2015-09-14 11:53:59,489.5000,489.7000,489.2000,489.5000,10300
2015-09-14 11:54:00,489.5000,489.7000,489.1000,489.5000,8200
2015-09-14 11:55:59,490.0000,490.0500,489.4000,489.5000,9500
2015-09-14 11:56:00,490.3000,490.5000,490.0000,490.0000,5100
2015-09-14 11:57:00,489.9000,490.4500,489.7500,490.3000,13800
2015-09-14 11:58:00,490.0000,490.4000,489.7500,489.8000,5200
2015-09-14 11:59:58,490.0000,490.5000,490.0000,490.1500,3600
2015-09-14 12:00:59,490.4000,490.7500,490.0000,490.0000,6100
2015-09-14 12:01:00,490.6000,490.8000,490.1500,490.2500,13000
2015-09-14 12:02:59,491.1000,491.4000,490.5500,490.5500,19500
2015-09-14 12:03:00,490.7500,491.4000,490.5000,491.1000,14200
2015-09-14 12:04:59,490.8000,490.8500,490.5000,490.6000,17200
2015-09-14 12:05:59,490.9000,491.0000,490.5000,490.6000,10100
2015-09-14 12:06:59,490.8500,491.2000,490.8500,490.9000,14400
2015-09-14 12:07:00,490.8000,491.1000,490.8000,491.0500,2900
2015-09-14 12:08:00,490.7000,490.9500,490.6000,490.8000,2900
2015-09-14 12:09:01,490.5500,490.9000,490.4000,490.8500,14900
2015-09-14 12:10:59,490.1000,490.8500,490.1000,490.5000,10600
2015-09-14 12:11:59,489.1000,490.2500,489.1000,490.1000,16800
2015-09-14 12:12:59,489.3000,489.7500,489.2000,489.4000,5500
2015-09-14 12:13:59,489.4000,489.8000,489.3000,489.5000,5700
2015-09-14 12:14:00,489.6000,490.2000,489.3000,489.5500,6600
2015-09-14 12:15:59,489.5000,489.9000,489.3500,489.6000,3600
2015-09-14 12:16:00,489.6500,489.7000,489.3000,489.5000,5000
2015-09-14 12:17:01,489.5500,489.9000,489.5500,489.9000,3800
2015-09-14 12:18:01,489.7500,489.7500,489.5500,489.7000,2900
2015-09-14 12:19:59,489.1000,489.7500,489.0000,489.7500,13500
2015-09-14 12:20:00,489.3500,489.6500,489.0000,489.2000,6400
2015-09-14 12:21:59,489.7500,490.0000,489.5000,489.6000,9300
2015-09-14 12:22:59,490.1000,490.5000,489.7000,489.7500,6400
2015-09-14 12:23:59,490.6000,490.9500,490.2000,490.2000,6600
2015-09-14 12:24:59,490.1000,490.8500,490.0000,490.4500,9300
2015-09-14 12:25:59,490.2500,490.6000,490.1500,490.3000,3600
2015-09-14 12:26:01,490.0000,490.5000,489.8000,490.4000,3900
2015-09-14 12:27:01,489.9500,490.5500,489.7500,490.1000,4300
2015-09-14 12:28:01,490.1000,490.1500,489.5000,490.1500,3900
2015-09-14 12:29:59,490.0500,490.2500,489.9000,490.0000,3100
2015-09-14 12:30:01,490.4000,490.5000,490.0000,490.2500,4400
2015-09-14 12:31:00,490.5000,490.7000,490.2500,490.2500,4400
2015-09-14 12:32:01,490.5000,490.6500,490.5000,490.5500,2000
2015-09-14 12:33:01,490.7000,490.9000,490.1000,490.7000,7900
2015-09-14 12:34:00,490.4500,490.8000,490.3500,490.7000,7500
2015-09-14 12:35:59,489.7500,490.7500,489.7000,490.4000,8800
2015-09-14 12:36:00,490.0000,490.3500,489.6500,489.8000,6700
2015-09-14 12:37:00,490.1500,490.5000,489.8000,490.0000,4800
2015-09-14 12:38:00,490.2500,490.5000,489.8000,490.0000,3500
2015-09-14 12:39:01,490.3000,490.5500,490.0000,490.5000,5800
2015-09-14 12:40:01,490.1500,490.5500,490.1500,490.5000,3900
2015-09-14 12:41:00,490.6000,490.6500,490.0000,490.0000,9300
2015-09-14 12:42:00,490.6000,490.6000,490.2500,490.4000,4400
2015-09-14 12:43:00,491.0500,491.4000,490.5000,490.7000,22500
2015-09-14 12:44:59,490.5000,491.1500,490.5000,491.0000,7700
2015-09-14 12:45:00,490.3000,490.7000,490.1000,490.6500,10700
2015-09-14 12:46:00,490.3500,490.6000,490.2000,490.3500,4500
2015-09-14 12:47:00,490.3000,490.8000,490.1000,490.6000,6200
2015-09-14 12:48:59,490.6000,490.8500,490.3500,490.5000,3200
2015-09-14 12:49:59,492.9000,492.9000,490.7000,490.8000,111400
2015-09-14 12:50:59,493.0000,493.0000,491.9000,492.7500,37600
2015-09-14 12:51:59,493.0000,493.3000,492.6500,492.6500,22900
2015-09-14 12:52:59,492.4500,493.0000,492.1000,492.9500,19000
2015-09-14 12:53:59,491.4000,492.5500,491.4000,492.5000,39000
2015-09-14 12:54:00,492.4000,492.9500,491.4500,491.4500,20100
2015-09-14 12:55:01,492.5000,492.5000,492.0000,492.5000,8100
2015-09-14 12:56:59,492.7000,492.7000,492.3000,492.4500,6200
2015-09-14 12:57:00,493.4500,493.8000,492.5000,492.5000,38000
2015-09-14 12:58:59,493.4500,493.8500,493.1000,493.5000,25800
2015-09-14 12:59:00,493.2000,493.7500,493.2000,493.5000,13500
2015-09-14 13:00:59,493.7000,493.7500,493.2000,493.4000,9800
2015-09-14 13:01:59,493.0000,493.8000,492.9000,493.7000,18700
2015-09-14 13:02:00,493.0000,493.2000,492.8000,493.0000,5800
2015-09-14 13:03:59,493.0000,493.0000,492.6000,492.8000,20200
2015-09-14 13:04:00,493.1000,493.3500,493.0000,493.0500,15300
2015-09-14 13:05:00,493.0000,493.3500,492.8500,493.1000,7700
2015-09-14 13:06:01,493.0500,493.1000,492.8000,493.0000,5800
2015-09-14 13:07:01,492.6500,493.1500,492.5000,492.9000,12500
2015-09-14 13:08:01,492.4500,492.6500,492.2000,492.6500,7600
2015-09-14 13:09:02,492.1500,492.7500,491.9000,492.4500,15200
2015-09-14 13:10:59,493.0000,493.0000,491.9500,491.9500,9100
2015-09-14 13:11:59,492.4500,493.0500,492.4500,493.0000,11200
2015-09-14 13:12:59,493.0500,493.1000,492.5000,492.5500,5200
2015-09-14 13:13:00,493.0000,493.1500,492.5000,493.0000,4300
2015-09-14 13:14:59,494.5000,494.5000,493.0000,493.2000,40800
2015-09-14 13:15:59,493.8500,494.5000,493.5000,494.5000,14500
2015-09-14 13:16:59,493.6500,493.9000,493.4000,493.9000,5200
2015-09-14 13:17:59,493.5500,493.8500,493.4500,493.6500,14600
2015-09-14 13:18:00,493.9000,494.0000,493.5500,493.8000,18600
2015-09-14 13:19:59,493.9000,494.1500,493.6000,493.9000,9400
2015-09-14 13:20:59,493.4500,494.1000,493.3500,494.1000,10400
2015-09-14 13:21:59,493.7500,493.9000,493.3000,493.5000,10100
2015-09-14 13:22:59,493.6000,494.0000,493.4000,493.7500,9900
2015-09-14 13:23:59,493.9000,493.9000,493.3500,493.5000,10800
2015-09-14 13:24:01,494.0000,494.1000,493.5500,493.7500,11300
2015-09-14 13:25:59,495.0000,495.0000,493.5500,493.9500,60100
2015-09-14 13:26:59,494.5000,495.1500,494.3000,495.0000,58100
2015-09-14 13:27:00,494.3000,495.0000,494.2500,494.9500,12300
2015-09-14 13:28:59,494.6000,494.6000,494.0000,494.5000,10500
2015-09-14 13:29:00,493.4500,494.4000,493.4000,494.4000,10100
2015-09-14 13:30:00,494.4500,494.4500,493.7500,493.8000,9200
2015-09-14 13:31:59,494.2000,494.2000,494.0000,494.2000,6800
2015-09-14 13:32:59,494.4000,494.4000,493.9500,494.0000,11500
2015-09-14 13:33:00,494.0000,494.5000,494.0000,494.2500,8600
2015-09-14 13:34:59,494.3000,494.3000,493.7000,494.1000,5900
2015-09-14 13:35:59,493.5000,494.3000,493.3000,494.3000,16300
2015-09-14 13:36:59,493.0500,493.7000,492.4000,493.5500,19000
2015-09-14 13:37:59,493.7000,493.8000,493.0000,493.0500,11800
2015-09-14 13:38:00,493.2500,493.8000,493.0500,493.7000,7700
2015-09-14 13:39:59,493.1000,493.4500,493.0500,493.2500,4200
2015-09-14 13:40:59,493.3500,493.5000,493.0000,493.1000,7700
2015-09-14 13:41:59,492.9000,493.3500,492.8000,493.1000,5800
2015-09-14 13:42:59,493.0000,493.0000,492.6000,492.9000,7400
2015-09-14 13:43:59,493.3000,493.4000,492.8500,492.8500,8700
2015-09-14 13:44:59,493.8500,494.0000,493.3000,493.4500,10000
2015-09-14 13:45:59,493.3000,493.8500,493.1500,493.6500,5500
2015-09-14 13:46:59,493.2000,493.7000,493.1000,493.3000,6000
2015-09-14 13:47:59,493.3000,493.3500,492.8000,493.1500,10300
2015-09-14 13:48:59,493.1000,493.3000,492.8000,493.3000,4700
2015-09-14 13:49:59,492.9500,493.4500,492.8500,492.8500,7800
2015-09-14 13:50:59,492.9000,493.4500,492.9000,493.1500,5100
2015-09-14 13:51:59,493.3500,493.3500,492.9000,493.1500,4800
2015-09-14 13:52:59,493.1500,493.2000,492.7500,493.0500,10100
2015-09-14 13:53:59,493.2000,493.2500,492.8500,492.8500,4400
2015-09-14 13:54:00,493.1000,493.3000,492.9000,493.3000,6000
2015-09-14 13:55:59,492.7500,493.3000,492.5000,492.8500,12900
2015-09-14 13:56:00,492.7500,492.9000,492.4500,492.7500,8800
2015-09-14 13:57:59,493.0500,493.3500,492.7500,492.8500,9200
2015-09-14 13:58:59,493.0000,493.2000,492.8500,493.1000,6000
2015-09-14 13:59:59,493.2000,493.2000,493.0000,493.1000,2500
2015-09-14 14:00:59,493.0000,493.2000,492.6500,493.2000,6100
2015-09-14 14:01:59,492.9500,493.0500,492.7500,493.0000,4300
2015-09-14 14:02:59,493.2000,493.2000,492.8500,492.9500,6400
2015-09-14 14:03:59,493.0000,493.2000,492.9500,493.2000,6500
2015-09-14 14:04:59,493.0000,493.1000,492.8500,493.0000,4400
2015-09-14 14:05:59,493.0000,493.2500,492.9000,493.0000,3700
2015-09-14 14:06:00,493.0500,493.2500,492.9000,493.2500,3500
2015-09-14 14:07:59,494.5000,494.5000,492.9000,493.0000,35800
2015-09-14 14:08:00,494.2500,494.6500,494.0500,494.3500,13100
2015-09-14 14:09:01,494.0000,494.3000,493.8500,494.1500,7000
2015-09-14 14:10:00,493.3500,494.3000,492.9000,494.2500,28200
2015-09-14 14:11:59,493.3500,493.8000,493.0500,493.0500,6700
2015-09-14 14:12:59,492.8500,493.3500,492.7500,493.3500,7600
2015-09-14 14:13:59,492.9500,493.5000,492.7000,492.8500,10400
2015-09-14 14:14:00,493.2500,493.5000,492.7500,492.8500,5500
2015-09-14 14:15:01,493.2000,493.3000,493.0000,493.2000,9700
2015-09-14 14:16:01,493.2000,493.2000,492.8500,493.0500,6300
2015-09-14 14:17:01,493.0500,493.4000,493.0000,493.3000,4700
2015-09-14 14:18:01,493.1000,493.5000,493.0000,493.0500,4500
2015-09-14 14:19:58,493.4500,493.6500,493.1000,493.1500,2700
2015-09-14 14:20:59,493.3500,493.7000,493.1500,493.7000,6400
2015-09-14 14:21:59,493.0000,493.4500,493.0000,493.2500,7000
2015-09-14 14:22:59,493.2000,493.3000,492.8000,493.1500,8600
2015-09-14 14:23:59,493.4500,493.4500,492.8000,492.9000,7400
2015-09-14 14:24:00,493.8500,493.8500,493.2000,493.4500,3800
2015-09-14 14:25:01,493.6000,493.7000,493.3500,493.5000,5100
2015-09-14 14:26:59,493.3000,493.7000,493.3000,493.4500,3200
2015-09-14 14:27:59,493.7500,493.7500,493.2000,493.5000,7200
2015-09-14 14:28:59,493.7000,493.9500,493.5000,493.6500,12100
2015-09-14 14:29:59,493.9000,493.9500,493.5500,493.6500,5600
2015-09-14 14:30:59,493.7500,494.0000,493.4000,494.0000,8800
2015-09-14 14:31:59,493.9000,493.9000,493.5500,493.7500,5200
2015-09-14 14:32:59,493.9500,494.0000,493.8000,494.0000,8200
2015-09-14 14:33:59,494.4500,494.4500,493.7500,494.0000,15900
2015-09-14 14:34:59,494.7500,494.9000,494.1500,494.4000,11700
2015-09-14 14:35:00,494.4000,494.9000,494.1500,494.9000,14800
2015-09-14 14:36:59,494.8000,494.8500,494.3500,494.4000,9800
2015-09-14 14:37:59,494.8500,494.9500,494.6000,494.8000,9000
2015-09-14 14:38:59,495.0000,495.0000,494.7000,494.8500,21800
2015-09-14 14:39:59,494.9000,495.0000,494.4000,495.0000,16500
2015-09-14 14:40:59,493.8500,494.7500,493.6000,494.7500,29200
2015-09-14 14:41:59,494.0000,494.3000,493.6500,494.1500,13800
2015-09-14 14:42:59,494.5000,494.5000,493.9000,493.9500,9100
2015-09-14 14:43:59,494.8000,494.8500,494.2500,494.5000,15600
2015-09-14 14:44:59,495.2000,495.2500,494.6500,494.9000,25800
2015-09-14 14:45:00,495.7500,495.9500,495.0000,495.0000,50400
2015-09-14 14:46:59,496.4000,496.4000,495.5000,495.5000,69700
2015-09-14 14:47:59,495.5500,496.2000,495.2000,496.2000,20400
2015-09-14 14:48:59,495.5500,495.9500,495.5500,495.5500,20300
2015-09-14 14:49:59,495.6500,495.9500,495.1000,495.8000,25600
2015-09-14 14:50:00,495.3000,495.6000,495.2500,495.4500,5900
2015-09-14 14:51:59,496.0000,496.0000,495.2500,495.3500,23100
2015-09-14 14:52:58,496.5000,496.5000,495.6500,496.0000,22700
2015-09-14 14:53:59,496.0500,496.5500,495.7000,496.3000,38500
2015-09-14 14:54:59,496.2500,496.5500,496.0500,496.5500,14900
2015-09-14 14:55:01,496.0000,496.4500,496.0000,496.2500,21700
2015-09-14 14:56:00,496.0000,496.3000,495.9500,496.1000,16600
2015-09-14 14:57:58,495.8000,496.0500,495.5500,495.9500,16400
2015-09-14 14:58:59,496.4000,496.4500,495.7500,495.7500,15600
2015-09-14 14:59:59,496.1500,496.5000,496.1000,496.3000,10200
2015-09-14 15:00:59,496.5000,496.5000,495.8000,496.2500,27300
2015-09-14 15:01:59,496.1000,496.5000,496.0500,496.1000,8100
2015-09-14 15:02:59,496.4500,496.7500,496.1000,496.1000,11700
2015-09-14 15:03:00,496.0000,496.6500,496.0000,496.4500,22800
2015-09-14 15:04:59,496.1000,496.2500,495.5500,496.0000,33800
2015-09-14 15:05:59,495.1500,496.0500,495.1500,496.0500,24200
2015-09-14 15:06:00,495.5000,495.9500,495.1000,495.1500,14500
2015-09-14 15:07:01,495.9000,496.2000,495.3000,495.3000,27000
2015-09-14 15:08:00,495.9000,496.2000,495.5000,496.0000,17800
2015-09-14 15:09:01,495.8000,496.3500,495.6500,495.7500,33700
2015-09-14 15:10:00,496.4500,496.5000,495.7000,495.9000,43900
2015-09-14 15:11:00,496.2000,496.7000,495.8500,496.4500,35100
2015-09-14 15:12:59,496.4000,496.4500,495.9000,496.2000,38300
2015-09-14 15:13:59,496.8000,497.0000,496.0000,496.4000,71100
2015-09-14 15:14:59,496.4000,497.3500,496.4000,496.7500,36800
2015-09-14 15:15:59,497.3000,498.0000,495.6000,496.4000,108200
2015-09-14 15:16:59,497.0500,497.5000,496.9500,497.5000,40100
2015-09-14 15:17:59,497.1500,497.8500,497.0000,497.1500,37700
2015-09-14 15:18:59,496.3500,497.4000,496.2000,497.3500,36200
2015-09-14 15:19:59,495.8000,496.4500,495.8000,496.3500,25900
2015-09-14 15:20:00,495.9000,496.1000,495.5500,495.9000,31300
2015-09-14 15:21:01,495.7000,496.1000,495.4000,495.8000,32500
2015-09-14 15:22:59,495.7000,495.8000,495.5000,495.7000,20800
2015-09-14 15:23:59,495.1500,495.8000,495.1000,495.7000,47800
2015-09-14 15:24:59,495.1500,495.5000,495.0000,495.1500,42500
2015-09-14 15:25:59,495.5500,495.9000,495.0500,495.0500,29400
2015-09-14 15:26:59,495.1000,495.8500,495.1000,495.5500,28800
2015-09-14 15:27:00,495.2000,495.5000,495.0000,495.1000,23000
2015-09-14 15:28:59,495.2000,495.5000,495.0500,495.1500,32700
2015-09-14 15:29:59,495.9000,495.9000,495.0500,495.3000,22600
2015-09-14 15:30:00,496.2000,496.2000,496.2000,496.2000,5700
2015-09-15 09:15:21,496.6500,497.0500,496.6500,497.0500,54400
2015-09-15 09:16:59,496.1000,496.4000,495.5500,495.6000,111100
2015-09-15 09:17:56,497.4000,497.4000,496.0000,496.0000,39200
2015-09-15 09:18:59,497.9000,498.1000,497.0000,497.2500,68200
2015-09-15 09:19:59,497.9000,498.3000,497.5500,497.8000,65100
2015-09-15 09:20:59,496.9000,497.6000,496.7000,497.6000,34800
2015-09-15 09:21:59,496.7500,497.1000,496.6000,496.9500,24000
2015-09-15 09:22:59,496.8000,497.0000,496.3500,496.8500,29700
2015-09-15 09:23:59,496.8500,497.1000,496.5500,496.8000,47400
2015-09-15 09:24:59,496.0000,496.9000,495.5000,496.9000,38200
2015-09-15 09:25:59,495.7500,496.5000,495.5000,496.1500,19300
2015-09-15 09:26:59,496.2500,496.5500,495.7500,495.7500,16400
2015-09-15 09:27:59,496.4500,496.5000,495.9000,496.2500,21100
2015-09-15 09:28:59,497.3000,497.7500,496.3000,496.4500,30000
2015-09-15 09:29:59,497.4500,497.7000,497.0000,497.4000,27800
2015-09-15 09:30:59,498.3000,498.3000,497.3000,497.3000,32900
2015-09-15 09:31:59,497.5000,498.4500,497.5000,498.3000,40600
2015-09-15 09:32:00,497.9000,497.9000,497.0000,497.8500,37900
2015-09-15 09:33:59,497.5500,498.0000,497.2000,497.7500,34300
2015-09-15 09:34:59,496.9500,497.5000,496.6500,497.1000,31100
2015-09-15 09:35:59,496.6500,497.2000,496.6500,497.0000,15300
2015-09-15 09:36:59,495.9000,496.7500,495.9000,496.5500,26000
2015-09-15 09:37:59,495.5000,496.2500,495.2000,495.8500,29900
2015-09-15 09:38:59,495.8500,496.0000,495.0000,495.0000,32900
2015-09-15 09:39:59,495.4000,496.0000,495.3000,495.8000,17700
2015-09-15 09:40:59,495.4000,495.7500,495.2500,495.4000,27600
2015-09-15 09:41:59,495.0500,495.4000,495.0500,495.3500,11200
2015-09-15 09:42:59,494.0000,495.1500,494.0000,495.0500,46100
2015-09-15 09:43:00,493.8500,494.1000,493.5000,493.8000,31300
2015-09-15 09:44:59,494.8000,494.8500,493.9000,493.9000,21000
2015-09-15 09:45:59,494.9500,495.0000,494.0000,494.8000,33600
2015-09-15 09:46:59,495.0500,495.6000,494.9500,495.0000,22800
2015-09-15 09:47:59,494.9000,495.1000,494.7000,495.0000,10100
2015-09-15 09:48:59,495.4000,495.4000,494.7000,494.9000,13900
2015-09-15 09:49:00,494.7000,495.4000,494.7000,495.4000,11100
2015-09-15 09:50:01,494.8500,495.0000,494.7500,494.9000,7600
2015-09-15 09:51:00,495.4000,495.5000,494.9500,494.9500,12100
2015-09-15 09:52:59,494.7500,495.4500,494.7000,495.4000,11400
2015-09-15 09:53:59,494.8500,494.8500,494.5000,494.7500,16200
2015-09-15 09:54:00,494.2500,494.8500,494.2500,494.8500,30500
2015-09-15 09:55:59,494.2000,495.0000,494.2000,494.3500,42000
2015-09-15 09:56:59,494.5500,494.9000,494.2500,494.2500,9100
2015-09-15 09:57:58,494.1500,494.6000,494.0000,494.5000,19100
2015-09-15 09:58:00,494.2500,494.6000,493.8000,494.0000,23800
2015-09-15 09:59:59,493.8500,494.4000,493.8000,494.4000,16100
2015-09-15 10:00:59,493.8000,494.0000,493.5500,494.0000,21900
2015-09-15 10:01:59,493.7000,493.8500,493.5000,493.6500,19900
2015-09-15 10:02:59,492.9000,493.7500,492.3500,493.7500,52900
2015-09-15 10:03:59,493.5500,493.6000,492.6000,492.9000,28500
2015-09-15 10:04:59,493.5000,493.8500,493.3500,493.5500,13700
2015-09-15 10:05:59,493.8500,494.0000,493.5000,493.5500,24000
2015-09-15 10:06:00,493.8000,493.9500,493.7000,493.7500,8900
2015-09-15 10:07:59,493.8500,493.9500,493.6500,493.9000,12100
2015-09-15 10:08:59,493.5000,493.9500,493.5000,493.8500,8900
2015-09-15 10:09:59,493.2500,493.7500,493.2500,493.6500,10500
2015-09-15 10:10:59,492.7000,493.4000,492.6000,493.3000,18800
2015-09-15 10:11:59,492.7500,492.8000,492.5000,492.6000,30200
2015-09-15 10:12:59,493.0000,493.2000,492.6000,492.7500,17700
2015-09-15 10:13:59,493.1500,493.1500,492.8000,493.1000,17800
2015-09-15 10:14:59,493.0000,493.2500,492.8500,493.2000,18200
2015-09-15 10:15:59,492.7500,493.2000,492.7500,493.0000,15400
2015-09-15 10:16:59,492.7500,492.9500,492.6000,492.7500,6500
2015-09-15 10:17:59,491.2500,492.7500,491.2500,492.7500,82800
2015-09-15 10:18:59,491.2500,491.4500,491.0500,491.4000,32300
2015-09-15 10:19:59,491.4000,491.4000,490.8000,491.2500,47200
2015-09-15 10:20:59,491.4000,491.4500,491.0000,491.2500,14700
2015-09-15 10:21:59,492.0500,492.1500,491.3500,491.4000,23800
2015-09-15 10:22:00,491.8000,492.0500,491.5000,491.8000,10500
2015-09-15 10:23:59,490.1000,491.8500,490.1000,491.8000,34200
2015-09-15 10:24:59,491.1000,491.2500,490.0500,490.1000,23900
2015-09-15 10:25:59,491.5000,491.6500,490.7500,491.2000,12200
2015-09-15 10:26:59,491.4000,491.7500,491.2000,491.5000,17500
2015-09-15 10:27:00,491.7000,492.0000,491.2500,491.3000,15900
2015-09-15 10:28:59,492.1500,492.2500,491.5500,491.7000,31800
2015-09-15 10:29:59,492.3500,492.6500,492.1000,492.1500,15900
2015-09-15 10:30:59,492.4000,492.5000,491.6500,492.3500,13000
2015-09-15 10:31:00,492.0500,492.5000,492.0000,492.4500,11600
2015-09-15 10:32:59,493.0000,493.0000,491.9000,492.0500,15200
2015-09-15 10:33:00,492.7500,493.0000,492.4000,492.8000,14500
2015-09-15 10:34:59,492.5000,492.8000,492.4500,492.8000,7400
2015-09-15 10:35:00,492.2000,492.6000,492.2000,492.5000,9700
2015-09-15 10:36:59,492.1000,492.3500,492.0000,492.2000,6500
2015-09-15 10:37:59,491.7000,492.1500,491.2500,492.1000,22800
2015-09-15 10:38:59,491.4500,491.7500,491.2000,491.7000,11100
2015-09-15 10:39:59,491.6000,491.6000,491.3000,491.4000,13700
2015-09-15 10:40:59,491.5000,491.7000,491.5000,491.6000,10600
2015-09-15 10:41:59,491.4000,492.0000,491.4000,491.5000,19700
2015-09-15 10:42:59,491.5000,491.5500,491.3500,491.4000,10200
2015-09-15 10:43:58,491.8500,491.9000,491.5500,491.5500,6000
2015-09-15 10:44:59,492.3000,492.4000,491.8500,491.9000,10100
2015-09-15 10:45:00,492.4500,492.5000,492.0500,492.4000,11000
2015-09-15 10:46:59,492.6000,492.8000,492.4500,492.4500,10000
2015-09-15 10:47:59,492.5000,492.8000,492.5000,492.7000,10500
2015-09-15 10:48:59,492.2500,492.7500,492.1000,492.7500,8100
2015-09-15 10:49:59,492.0500,492.2500,491.8000,492.2500,13700
2015-09-15 10:50:00,492.4500,492.5000,492.0000,492.1500,10700
2015-09-15 10:51:01,492.3500,492.8000,492.0500,492.4500,10700
2015-09-15 10:52:59,492.3000,492.5000,492.3000,492.4500,4300
2015-09-15 10:53:59,492.0000,492.4000,491.7500,492.3500,13100
2015-09-15 10:54:00,492.0000,492.0500,491.8500,492.0500,7300
2015-09-15 10:55:01,492.1000,492.6000,492.0000,492.0000,13200
2015-09-15 10:56:59,492.3000,492.3500,492.1000,492.2000,4800
2015-09-15 10:57:59,492.1000,492.4000,492.1000,492.3500,10400
2015-09-15 10:58:59,492.2500,492.3000,492.1500,492.3000,6500
2015-09-15 10:59:59,492.3500,492.5500,492.2500,492.3000,10500
2015-09-15 11:00:59,492.5000,492.6500,492.2000,492.2000,5900
2015-09-15 11:01:00,492.6000,492.6500,492.5000,492.6000,6200
2015-09-15 11:02:02,492.4000,492.6500,492.4000,492.5500,6500
2015-09-15 11:03:59,492.7000,492.7000,492.4000,492.4000,15000
2015-09-15 11:04:59,492.9500,492.9500,492.6500,492.6500,15900
2015-09-15 11:05:59,493.3500,493.5000,493.2000,493.2000,16900
2015-09-15 11:06:59,493.4000,493.5000,493.3000,493.3500,9000
2015-09-15 11:07:59,492.9500,493.4000,492.9000,493.4000,9600
2015-09-15 11:08:59,493.0000,493.0500,492.8000,492.9500,12000
2015-09-15 11:09:59,492.5500,493.0000,492.4500,492.8000,30500
2015-09-15 11:10:59,492.6500,492.7000,492.4500,492.5500,9600
2015-09-15 11:11:59,492.4000,492.7000,492.2000,492.5500,7500
2015-09-15 11:12:59,492.1500,492.4000,492.1500,492.4000,5900
2015-09-15 11:13:59,492.3000,492.3000,492.0500,492.1500,12500
2015-09-15 11:14:59,492.0500,492.3000,492.0000,492.1500,7400
2015-09-15 11:15:59,491.9500,492.0500,491.8000,492.0500,17500
2015-09-15 11:16:59,491.1500,492.0500,491.0000,492.0000,25800
2015-09-15 11:17:59,491.6500,491.8000,491.0000,491.0000,29200
2015-09-15 11:18:00,491.5000,491.9500,491.3000,491.8000,8200
2015-09-15 11:19:59,491.6000,491.6500,491.3500,491.5000,10400
2015-09-15 11:20:59,490.6000,491.6000,490.5000,491.6000,17200
2015-09-15 11:21:59,489.4500,490.7000,489.4500,490.6000,73400
2015-09-15 11:22:59,489.8000,490.4000,489.1000,489.1000,46000
2015-09-15 11:23:59,489.9500,490.0000,489.6500,489.8000,15100
2015-09-15 11:24:59,490.0000,490.1000,489.5000,489.9000,24200
2015-09-15 11:25:59,489.3000,490.0000,488.6000,489.9000,50400
2015-09-15 11:26:59,489.8500,489.8500,489.2000,489.5000,19700
2015-09-15 11:27:59,489.8000,490.0000,489.4500,489.9000,16900
2015-09-15 11:28:58,490.0000,490.6000,489.8500,489.8500,12300
2015-09-15 11:29:00,490.0000,490.2500,489.8000,490.0000,10700
2015-09-15 11:30:01,489.7500,490.2500,489.5000,490.1500,7000
2015-09-15 11:31:01,489.5000,489.7500,489.5000,489.7000,10300
2015-09-15 11:32:59,488.5000,489.7000,488.3500,489.5500,21800
2015-09-15 11:33:59,487.6500,488.6000,487.3500,488.5000,67400
2015-09-15 11:34:59,488.6000,488.7000,487.5000,487.6000,26000
2015-09-15 11:35:59,488.6000,488.7000,488.0500,488.6000,18500
2015-09-15 11:36:59,489.2500,489.3500,488.6000,488.7000,17800
2015-09-15 11:37:59,489.1500,489.4000,489.0000,489.3500,6800
2015-09-15 11:38:59,489.0000,489.2500,489.0000,489.2500,6900
2015-09-15 11:39:00,488.8000,489.2500,488.3000,488.8500,33900
2015-09-15 11:40:59,488.6000,488.8000,488.5500,488.8000,7600
2015-09-15 11:41:00,488.9000,488.9000,488.5000,488.5500,19000
2015-09-15 11:42:59,488.9500,489.1500,488.5500,489.0000,10300
2015-09-15 11:43:59,488.5000,489.1000,488.5000,488.9500,8700
2015-09-15 11:44:59,488.2000,488.6500,488.2000,488.6500,15100
2015-09-15 11:45:59,488.4500,488.5000,488.2000,488.4000,9100
2015-09-15 11:46:59,488.7000,488.8000,488.4500,488.4500,14800
2015-09-15 11:47:59,488.8500,489.0000,488.6500,488.7000,11300
2015-09-15 11:48:59,488.7500,489.0000,488.6000,488.9000,11600
2015-09-15 11:49:59,488.6500,488.9500,488.6500,488.9000,6900
2015-09-15 11:50:59,488.5500,488.8000,488.5000,488.7000,10500
2015-09-15 11:51:00,488.6000,488.7500,488.4500,488.5000,10300
2015-09-15 11:52:59,488.2000,488.7000,488.1500,488.6000,11400
2015-09-15 11:53:59,488.2000,488.3500,488.1500,488.2000,9400
2015-09-15 11:54:59,488.1500,488.2500,488.0500,488.2000,9200
2015-09-15 11:55:59,488.4500,488.8000,488.1000,488.2500,18900
2015-09-15 11:56:00,488.2500,488.6000,488.1500,488.5000,8100
2015-09-15 11:57:01,488.3000,488.4000,488.1500,488.2500,12000
2015-09-15 11:58:59,488.4000,488.5000,488.2000,488.4000,9800
2015-09-15 11:59:00,488.3000,488.4000,488.1000,488.3000,11900
2015-09-15 12:00:59,488.3000,488.4000,488.0000,488.3000,9600
2015-09-15 12:01:59,488.5000,488.5000,488.3500,488.4000,9000
2015-09-15 12:02:59,488.2500,488.5000,488.0000,488.5000,7600
2015-09-15 12:03:59,489.3500,489.3500,488.3000,488.3000,30400
2015-09-15 12:04:59,489.1500,489.3500,489.0000,489.3500,8000
2015-09-15 12:05:59,488.8500,489.3500,488.8000,489.2500,13900
2015-09-15 12:06:58,488.9500,488.9500,488.7500,488.9000,6600
2015-09-15 12:07:59,489.0000,489.0000,488.7500,488.7500,8600
2015-09-15 12:08:59,488.7500,489.0000,488.6000,488.9000,10400
2015-09-15 12:09:59,488.7500,488.8000,488.5000,488.6500,10100
2015-09-15 12:10:59,488.6000,488.8000,488.4500,488.8000,11400
2015-09-15 12:11:00,488.6000,488.7500,488.6000,488.6500,6800
2015-09-15 12:12:59,488.6000,488.7500,488.5500,488.7000,9600
2015-09-15 12:13:59,488.7500,488.7500,488.5000,488.6000,6400
2015-09-15 12:14:59,488.4000,488.8000,488.4000,488.7000,12100
2015-09-15 12:15:59,488.5000,488.7000,488.4000,488.6000,14300
2015-09-15 12:16:00,488.5500,488.7000,488.5000,488.5000,7900
2015-09-15 12:17:59,488.6000,488.7000,488.6000,488.6500,3800
2015-09-15 12:18:59,488.8000,488.8000,488.6000,488.6000,10000
2015-09-15 12:19:59,488.8000,488.8000,488.7500,488.8000,5500
2015-09-15 12:20:59,488.7500,488.9000,488.7500,488.7500,9600
2015-09-15 12:21:59,488.8000,488.9000,488.7500,488.7500,4500
2015-09-15 12:22:59,488.9000,488.9500,488.8000,488.8500,5800
2015-09-15 12:23:59,489.2000,489.5500,488.9000,488.9000,18500
2015-09-15 12:24:59,489.2500,489.4000,489.0000,489.2000,15400
2015-09-15 12:25:59,489.1000,489.3000,489.0500,489.2500,5600
2015-09-15 12:26:00,489.2000,489.4000,489.1000,489.2000,5500
2015-09-15 12:27:59,489.2500,489.3500,489.1000,489.3500,4300
2015-09-15 12:28:59,489.3000,489.3000,489.1000,489.2500,9800
2015-09-15 12:29:59,489.3500,489.4000,489.0500,489.3000,13200
2015-09-15 12:30:59,489.3000,489.4000,489.1000,489.3500,8400
2015-09-15 12:31:59,489.5500,489.6500,489.1500,489.2500,8800
2015-09-15 12:32:59,490.4500,491.4000,489.6500,489.6500,62400
2015-09-15 12:33:59,490.2000,490.9000,490.1000,490.2500,20700
2015-09-15 12:34:59,490.4000,490.5500,490.2000,490.2500,15100
2015-09-15 12:35:59,490.0500,490.5500,490.0500,490.4500,9900
2015-09-15 12:36:59,490.2000,490.2500,490.0000,490.0500,13000
2015-09-15 12:37:59,491.2500,491.2500,490.0500,490.2500,39800
2015-09-15 12:38:59,491.5000,491.8000,491.1500,491.2500,24800
2015-09-15 12:39:59,491.2500,491.7000,491.0000,491.5500,22600
2015-09-15 12:40:59,491.0000,491.7000,491.0000,491.3500,29600
2015-09-15 12:41:59,490.8000,491.1000,490.6000,491.1000,23100
2015-09-15 12:42:59,489.8500,490.9000,489.7500,490.9000,32500
2015-09-15 12:43:00,490.1500,490.3000,489.8500,489.9000,20900
2015-09-15 12:44:59,489.7000,490.1000,489.6500,490.1000,14500
2015-09-15 12:45:59,490.0000,490.6000,489.6500,489.7000,17900
2015-09-15 12:46:59,489.8000,490.2000,489.8000,490.0000,8000
2015-09-15 12:47:59,490.1000,490.1000,489.7500,489.8000,12800
2015-09-15 12:48:58,490.2500,490.5500,490.0500,490.1000,14400
2015-09-15 12:49:59,490.2500,490.3500,490.0000,490.2500,14000
2015-09-15 12:50:59,490.6000,490.7000,490.3500,490.3500,9400
2015-09-15 12:51:59,490.3000,490.5500,490.3000,490.5000,7000
2015-09-15 12:52:59,489.9000,490.4000,489.9000,490.3000,8600
2015-09-15 12:53:01,490.0000,490.1500,489.9000,490.0500,9200
2015-09-15 12:54:59,489.5000,490.0000,489.2500,490.0000,21300
2015-09-15 12:55:59,489.3500,490.3000,489.3500,489.5500,18500
2015-09-15 12:56:00,489.5000,489.6500,489.3000,489.6500,9100
2015-09-15 12:57:59,489.3000,489.8500,489.3000,489.5500,15200
2015-09-15 12:58:59,489.0000,489.5500,489.0000,489.4000,9300
2015-09-15 12:59:58,489.4500,489.6000,489.0000,489.1500,13900
2015-09-15 13:00:59,489.6500,489.6500,489.2000,489.4500,17900
2015-09-15 13:01:00,490.3000,490.4500,489.5000,489.5000,26100
2015-09-15 13:02:59,490.0500,490.3500,489.7500,490.3000,19800
2015-09-15 13:03:59,490.6500,490.7000,490.0500,490.0500,14400
2015-09-15 13:04:00,490.6000,490.7500,490.3500,490.6000,13100
2015-09-15 13:05:59,490.7500,490.7500,490.4500,490.4500,11500
2015-09-15 13:06:59,490.8000,490.8500,490.6500,490.8000,11500
2015-09-15 13:07:59,490.8500,491.2500,490.6500,490.6500,28700
2015-09-15 13:08:59,490.2500,491.2500,490.2500,490.8500,15200
2015-09-15 13:09:59,490.5000,490.6500,490.1500,490.2500,36300
2015-09-15 13:10:59,491.1000,491.2500,490.5000,490.5000,20800
2015-09-15 13:11:59,490.7500,491.0500,490.7500,490.9500,23300
2015-09-15 13:12:59,490.7500,491.0000,490.6500,490.6500,16400
2015-09-15 13:13:59,491.0500,491.1000,490.7500,490.7500,23400
2015-09-15 13:14:59,491.2000,491.2500,491.0500,491.0500,25400
2015-09-15 13:15:59,491.4000,491.5000,491.2500,491.2500,22700
2015-09-15 13:16:59,491.2000,491.4500,491.1000,491.4500,25100
2015-09-15 13:17:59,490.8000,491.2500,490.8000,491.2000,34700
2015-09-15 13:18:59,490.8000,490.9500,490.7000,490.9000,12700
2015-09-15 13:19:59,490.8000,490.9500,490.7000,490.9500,31900
2015-09-15 13:20:00,490.4000,490.9500,490.3500,490.9500,9300
2015-09-15 13:21:59,490.3500,490.5500,490.3000,490.5500,8800
2015-09-15 13:22:59,490.3000,490.4000,490.0000,490.4000,15000
2015-09-15 13:23:00,489.6000,490.3000,489.6000,490.2500,16000
2015-09-15 13:24:01,489.9000,490.0500,489.5000,489.9500,48100
2015-09-15 13:25:59,489.9000,490.3000,489.8500,490.0000,19500
2015-09-15 13:26:00,489.3000,489.8500,489.3000,489.7000,16400
2015-09-15 13:27:01,489.5000,489.6000,489.2500,489.4000,17300
2015-09-15 13:28:59,489.3500,489.6000,489.3500,489.4000,7500
2015-09-15 13:29:59,489.3000,489.5500,489.3000,489.4500,8700
2015-09-15 13:30:59,489.0500,489.5000,489.0000,489.5000,29600
2015-09-15 13:31:59,488.9000,489.2000,488.6500,489.0500,23100
2015-09-15 13:32:59,488.4000,488.9500,488.4000,488.7500,24000
2015-09-15 13:33:59,488.0500,488.4000,487.9500,488.4000,50300
2015-09-15 13:34:59,488.0000,488.1000,487.8000,487.9000,17900
2015-09-15 13:35:59,487.8500,488.0000,487.7000,488.0000,19600
2015-09-15 13:36:59,487.7000,487.9000,487.5000,487.8500,23200
2015-09-15 13:37:59,487.7500,487.8500,487.5500,487.6000,37700
2015-09-15 13:38:59,487.7000,487.8000,487.5000,487.7000,19100
2015-09-15 13:39:59,487.7500,487.7500,487.5000,487.7000,30100
2015-09-15 13:40:59,487.5500,487.8500,487.5500,487.7500,18100
2015-09-15 13:41:59,487.5000,487.7000,487.5000,487.6000,21000
2015-09-15 13:42:59,487.7500,487.8000,487.5000,487.7000,24500
2015-09-15 13:43:58,487.9500,488.0000,487.7500,487.8000,15200
2015-09-15 13:44:59,488.5000,488.7500,487.9500,487.9500,18800
2015-09-15 13:45:59,487.7500,488.4000,487.7000,488.3500,17700
2015-09-15 13:46:00,487.8000,488.2500,487.6500,487.8000,8800
2015-09-15 13:47:59,488.0500,488.2500,487.6000,487.8000,14100
2015-09-15 13:48:01,487.8500,488.7000,487.8500,488.0500,18500
2015-09-15 13:49:59,488.0500,488.3500,487.7000,487.8500,12200
2015-09-15 13:50:59,488.3000,488.6000,488.0000,488.0500,14700
2015-09-15 13:51:59,488.0500,488.5000,488.0500,488.3000,9200
2015-09-15 13:52:59,487.8000,488.1500,487.7000,488.1500,8500
2015-09-15 13:53:59,485.8000,487.8500,485.7500,487.7500,137600
2015-09-15 13:54:59,485.5000,485.8500,485.1500,485.7000,41400
2015-09-15 13:55:59,484.5500,485.5000,484.3500,485.3000,56400
2015-09-15 13:56:59,484.6000,485.4000,484.5000,484.7500,40400
2015-09-15 13:57:59,485.0000,485.3500,484.0000,484.4000,76200
2015-09-15 13:58:59,485.2000,485.5500,485.0000,485.2500,37600
2015-09-15 13:59:00,485.0500,485.5500,485.0000,485.0500,29700
2015-09-15 14:00:59,484.5000,485.2500,484.3000,485.2500,21600
2015-09-15 14:01:59,485.2500,485.5000,484.4000,484.6000,20100
2015-09-15 14:02:59,485.7000,485.7500,485.2000,485.4500,16100
2015-09-15 14:03:59,484.8500,485.7500,484.8500,485.7000,38400
2015-09-15 14:04:59,485.5000,485.7000,484.8500,484.8500,14500
2015-09-15 14:05:59,485.7000,486.5000,485.5000,485.6500,32300
2015-09-15 14:06:59,485.5000,485.9500,485.5000,485.6000,12400
2015-09-15 14:07:59,487.1500,487.3500,485.4000,485.5500,32000
2015-09-15 14:08:59,486.3500,487.2000,486.3500,487.1500,15200
2015-09-15 14:09:59,486.0000,486.4000,485.5000,486.4000,13900
2015-09-15 14:10:59,486.0000,486.2500,485.7500,486.0000,10500
2015-09-15 14:11:59,485.8000,486.1000,485.6500,486.0000,8000
2015-09-15 14:12:59,486.5000,486.7000,485.7000,485.8500,15300
2015-09-15 14:13:59,486.3000,486.6500,486.0000,486.4500,7500
2015-09-15 14:14:59,485.7500,486.4000,485.7500,486.2500,10200
2015-09-15 14:15:59,485.2000,485.8000,485.0000,485.8000,22300
2015-09-15 14:16:59,484.2000,485.3000,483.9500,485.2500,85900
2015-09-15 14:17:59,485.8500,485.9000,484.2000,484.4500,21200
2015-09-15 14:18:59,485.9000,486.0000,485.5500,485.9000,16600
2015-09-15 14:19:59,485.2000,486.1500,485.0000,485.9000,71500
2015-09-15 14:20:59,485.8000,485.9500,484.9000,485.4000,32300
2015-09-15 14:21:59,486.1500,486.5000,485.6500,485.9500,16800
2015-09-15 14:22:59,486.8000,487.0000,486.0500,486.3000,12700
2015-09-15 14:23:59,486.4000,487.0500,486.4000,487.0000,32200
2015-09-15 14:24:59,485.8000,486.6000,485.8000,486.5000,15000
2015-09-15 14:25:59,486.0000,486.1000,485.7000,485.8000,22000
2015-09-15 14:26:59,486.9500,487.0000,485.7500,485.9000,26500
2015-09-15 14:27:58,486.5000,486.9000,486.3500,486.9000,10800
2015-09-15 14:28:59,486.3500,486.5000,486.2000,486.4000,12700
2015-09-15 14:29:59,485.8000,486.3500,485.7500,486.3500,11200
2015-09-15 14:30:59,485.2500,485.9000,485.1000,485.6500,45400
2015-09-15 14:31:59,485.0500,485.2000,484.7500,485.0000,58700
2015-09-15 14:32:59,484.9000,485.4000,484.7000,485.0000,31300
2015-09-15 14:33:59,484.8000,485.0000,484.7500,484.8500,14700
2015-09-15 14:34:59,485.4500,485.5000,484.7500,484.8000,39300
2015-09-15 14:35:59,485.1000,485.5000,485.0000,485.4000,11400
2015-09-15 14:36:59,484.5000,485.2500,484.2500,485.0000,30800
2015-09-15 14:37:59,484.8000,484.8500,484.6000,484.6000,8000
2015-09-15 14:38:59,484.9000,485.5000,484.6000,484.8500,23400
2015-09-15 14:39:59,485.0000,485.0000,484.7000,484.7000,33100
2015-09-15 14:40:59,485.5500,485.9500,484.8000,485.0000,16800
2015-09-15 14:41:58,485.8000,485.9000,485.5000,485.7500,21400
2015-09-15 14:42:59,485.8500,486.0000,485.3500,485.7000,28400
2015-09-15 14:43:59,486.4000,486.5000,485.7500,485.9000,33800
2015-09-15 14:44:59,486.2000,486.5000,485.6000,486.1000,24900
2015-09-15 14:45:59,486.0000,486.2500,485.7000,486.1000,22000
2015-09-15 14:46:59,486.1000,486.2000,485.7500,486.0000,25600
2015-09-15 14:47:59,486.1500,486.3000,485.6000,486.1000,41500
2015-09-15 14:48:59,486.0000,486.1000,485.6500,485.6500,26900
2015-09-15 14:49:59,485.9500,486.1500,485.7500,486.0000,17600
2015-09-15 14:50:59,486.0000,486.1500,485.6000,486.0000,23400
2015-09-15 14:51:00,485.7500,486.1500,485.7500,486.0000,13500
2015-09-15 14:52:01,486.2000,486.2000,485.6000,485.6500,15700
2015-09-15 14:53:59,486.6000,486.7000,485.7500,486.0500,23800
2015-09-15 14:54:59,486.4000,486.6500,486.2500,486.4500,16600
2015-09-15 14:55:59,486.7500,487.3500,486.3000,486.5000,44300
2015-09-15 14:56:59,487.1500,487.5000,486.7000,486.7000,54100
2015-09-15 14:57:59,486.5000,487.0000,486.5000,487.0000,33400
2015-09-15 14:58:59,485.6500,486.7500,485.6000,486.7500,46600
2015-09-15 14:59:59,485.3000,485.9500,485.0000,485.6000,62800
2015-09-15 15:00:59,485.5500,485.5500,485.0000,485.3000,90600
2015-09-15 15:01:59,485.7000,485.9000,485.2000,485.4000,32300
2015-09-15 15:02:59,484.6500,485.7000,484.6500,485.6500,85200
2015-09-15 15:03:59,485.1000,485.2000,484.1500,484.7000,93400
2015-09-15 15:04:59,485.3500,486.0000,485.0000,485.0000,44800
2015-09-15 15:05:59,485.4500,485.4500,484.3000,485.3500,95500
2015-09-15 15:06:59,484.4000,485.4000,484.2000,485.1500,50200
2015-09-15 15:07:59,483.9000,484.4000,483.8500,484.2500,88300
2015-09-15 15:08:59,483.0500,484.0500,482.9000,483.8500,94400
2015-09-15 15:09:59,482.8500,483.5500,482.5500,483.0500,82100
2015-09-15 15:10:59,482.6500,483.0000,482.4500,482.9000,94900
2015-09-15 15:11:59,483.0000,483.1500,482.6000,482.6000,70600
2015-09-15 15:12:59,482.0500,483.1500,482.0000,483.0500,138200
2015-09-15 15:13:59,481.6000,482.2000,481.5500,482.2000,71200
2015-09-15 15:14:59,481.5000,481.6500,481.0000,481.6500,111700
2015-09-15 15:15:59,482.0500,482.2500,481.2500,481.2500,81300
2015-09-15 15:16:59,481.5000,482.0500,481.2000,482.0500,103400
2015-09-15 15:17:59,481.8500,482.3500,481.5000,481.5000,42300
2015-09-15 15:18:59,481.6500,481.8500,481.3000,481.8000,76900
2015-09-15 15:19:59,482.1000,482.2500,481.4000,481.7000,73500
2015-09-15 15:20:59,482.7500,482.9500,482.1000,482.1000,62200
2015-09-15 15:21:59,482.7000,482.8000,482.6000,482.6000,70600
2015-09-15 15:22:59,481.6500,482.7000,481.5000,482.7000,89400
2015-09-15 15:23:59,481.4500,481.7000,481.3000,481.6500,81900
2015-09-15 15:24:59,480.8500,481.5000,480.8500,481.5000,94800
2015-09-15 15:25:59,481.4500,481.8500,480.8500,480.8500,73700
2015-09-15 15:26:59,481.8000,482.0000,481.2500,481.3000,56000
2015-09-15 15:27:59,481.6500,481.9000,481.3500,481.8000,61800
2015-09-15 15:28:58,481.7000,482.0000,481.6000,481.6500,59900
2015-09-15 15:29:59,482.1000,482.3000,481.6000,481.8500,36600
2015-09-15 15:30:00,481.8000,481.8000,481.8000,481.8000,0
