2015-09-10 09:15:59,349.6500,352.3500,349.3000,352.0000,67100
2015-09-10 09:16:59,350.7000,351.2500,349.4500,349.7500,66600
2015-09-10 09:17:59,348.9500,351.2000,348.8500,350.7500,51600
2015-09-10 09:18:59,347.4000,348.8500,347.0500,348.8500,18800
2015-09-10 09:19:59,349.2000,349.2000,347.4000,347.6000,22600
2015-09-10 09:20:59,348.8500,349.2000,348.4500,349.1000,19400
2015-09-10 09:21:00,349.7000,349.8000,348.5000,348.8000,23300
2015-09-10 09:22:59,350.5000,350.5000,349.5500,349.7500,23800
2015-09-10 09:23:59,350.9000,350.9500,350.4500,350.5000,31200
2015-09-10 09:24:59,350.3000,352.3500,350.3000,350.9000,31100
2015-09-10 09:25:59,350.0000,350.5000,349.5000,350.2000,19900
2015-09-10 09:26:59,348.8500,350.1500,348.7500,350.0000,12200
2015-09-10 09:27:00,349.9000,349.9500,348.7500,348.7500,10700
2015-09-10 09:28:59,349.7500,349.8000,349.0500,349.8000,6800
2015-09-10 09:29:00,349.5500,350.0000,349.5000,349.7500,5800
2015-09-10 09:30:00,349.3000,349.9000,349.2000,349.5500,6400
2015-09-10 09:31:00,349.5500,349.7500,349.1500,349.3000,5500
2015-09-10 09:32:01,349.3000,349.5500,349.1000,349.5500,5700
2015-09-10 09:33:07,349.5000,349.6500,349.1500,349.1500,4200
2015-09-10 09:34:01,349.6000,349.7500,349.3000,349.4500,5300
2015-09-10 09:35:06,350.0000,350.0000,349.4500,349.6000,5200
2015-09-10 09:36:04,350.4500,350.5000,349.7500,349.9000,15500
2015-09-10 09:37:00,350.3000,350.5000,349.5000,350.2000,5300
2015-09-10 09:38:00,350.1000,350.5500,349.8000,350.5000,7200
2015-09-10 09:39:00,350.0500,350.4500,348.9500,350.1500,27200
2015-09-10 09:40:59,349.7000,350.1000,349.6000,350.0000,5100
2015-09-10 09:41:59,349.6500,350.3000,349.6000,349.6500,7800
2015-09-10 09:42:00,350.0500,350.0500,349.5000,349.5000,6700
2015-09-10 09:43:00,349.9000,350.3000,349.9000,350.0000,5100
2015-09-10 09:44:59,350.2500,350.4500,349.9000,349.9000,5700
2015-09-10 09:45:00,349.6500,350.3500,349.6500,350.1500,9300
2015-09-10 09:46:01,349.8000,350.0500,349.7500,350.0500,4200
2015-09-10 09:47:00,349.6000,350.0500,349.6000,349.8000,3600
2015-09-10 09:48:00,349.7000,350.2000,349.5000,349.6000,6700
2015-09-10 09:49:01,349.9000,350.5000,349.5000,349.8000,5500
2015-09-10 09:50:00,349.9500,350.3500,349.8000,350.3000,5100
2015-09-10 09:51:59,349.4000,350.2000,349.4000,350.2000,5800
2015-09-10 09:52:00,349.6000,349.9000,349.1000,349.3000,6200
2015-09-10 09:53:05,349.6500,349.8000,349.5000,349.8000,3000
2015-09-10 09:54:01,349.4000,349.7000,349.2500,349.5000,6200
2015-09-10 09:55:01,349.1000,349.4500,349.1000,349.3500,2900
2015-09-10 09:56:02,349.3000,349.3500,349.1000,349.3500,5000
2015-09-10 09:57:00,349.2500,349.4000,349.0500,349.4000,3100
2015-09-10 09:58:00,349.1000,349.3500,349.0500,349.1000,7700
2015-09-10 09:59:59,349.1000,349.1500,349.0000,349.1500,4200
2015-09-10 10:00:59,348.8000,349.2000,348.7000,349.0000,4100
2015-09-10 10:01:58,349.0000,349.1000,348.8000,349.0000,3800
2015-09-10 10:02:00,349.0000,349.2500,348.8500,349.0000,3600
2015-09-10 10:03:01,349.0000,349.3000,348.8000,349.2500,3500
2015-09-10 10:04:01,349.2500,349.3000,349.0000,349.2500,2600
2015-09-10 10:05:03,349.4500,349.5500,349.1000,349.5000,5300
2015-09-10 10:06:00,349.1000,349.4500,349.0000,349.2500,5500
2015-09-10 10:07:00,348.6500,349.0500,348.5500,349.0500,4900
2015-09-10 10:08:00,348.7000,348.8000,348.3500,348.6500,4500
2015-09-10 10:09:59,348.8000,348.8000,348.5500,348.7500,2500
2015-09-10 10:10:00,349.1500,349.1500,348.6000,348.6000,4900
2015-09-10 10:11:00,349.1500,349.1500,348.8500,349.1500,3900
2015-09-10 10:12:01,349.1000,349.2000,349.0500,349.2000,3500
2015-09-10 10:13:00,349.1500,349.5000,349.0000,349.2000,5700
2015-09-10 10:14:09,349.5000,349.5000,349.1000,349.1500,1100
2015-09-10 10:15:00,349.2500,349.5500,349.2000,349.5000,4600
2015-09-10 10:16:00,349.5000,349.5000,349.1500,349.2500,4300
2015-09-10 10:17:00,349.5500,349.5500,349.2500,349.5000,2600
2015-09-10 10:18:00,349.3500,349.9500,349.3500,349.6000,3400
2015-09-10 10:19:00,349.6000,349.6000,349.2000,349.4500,4300
2015-09-10 10:20:02,349.1500,349.5000,349.1000,349.3500,5000
2015-09-10 10:21:00,349.0000,349.4000,349.0000,349.1500,3500
2015-09-10 10:22:01,348.9000,349.2000,348.7000,349.2000,4300
2015-09-10 10:23:08,348.6000,349.0000,348.5500,349.0000,2600
2015-09-10 10:24:01,348.5500,348.9500,348.5500,348.9000,5100
2015-09-10 10:25:01,348.6000,348.9500,348.5500,348.9500,2400
2015-09-10 10:26:11,348.7000,348.9000,348.6000,348.8000,2200
2015-09-10 10:27:00,348.7000,348.9000,348.5500,348.9000,3300
2015-09-10 10:28:00,349.0000,349.0000,348.7000,348.7000,2400
2015-09-10 10:29:00,349.1500,349.2500,348.8000,349.0000,2100
2015-09-10 10:30:59,349.3000,349.6000,348.9000,349.3000,3800
2015-09-10 10:31:00,350.0000,350.3000,349.2500,349.5500,6900
2015-09-10 10:32:03,349.6500,350.2000,349.6500,350.2000,3400
2015-09-10 10:33:01,349.6000,349.9000,349.5000,349.9000,4700
2015-09-10 10:34:01,349.4000,349.7000,349.2500,349.6000,4900
2015-09-10 10:35:01,349.1500,349.5000,349.1500,349.4000,2300
2015-09-10 10:36:00,349.4000,349.4000,349.0500,349.4000,3400
2015-09-10 10:37:59,349.2000,349.7500,349.2000,349.5000,3300
2015-09-10 10:38:00,349.2500,349.5500,349.1500,349.1500,2400
2015-09-10 10:39:00,349.4500,349.4500,349.2000,349.2500,2800
2015-09-10 10:40:00,349.1500,349.5000,349.1500,349.4500,3500
2015-09-10 10:41:01,349.1500,349.3500,349.0500,349.3000,3400
2015-09-10 10:42:01,349.3500,349.6500,349.0500,349.3000,4400
2015-09-10 10:43:02,349.6500,349.6500,349.1500,349.3500,2400
2015-09-10 10:44:59,349.5000,349.6500,349.4500,349.6000,4700
2015-09-10 10:45:00,349.1000,349.6500,349.1000,349.6500,5600
2015-09-10 10:46:01,348.7000,349.1500,348.2000,349.1500,9500
2015-09-10 10:47:00,348.7000,349.0500,348.5500,348.6500,3200
2015-09-10 10:48:01,348.5500,348.7000,348.5000,348.6000,2200
2015-09-10 10:49:00,348.8000,348.8000,348.4000,348.7500,2800
2015-09-10 10:50:00,348.9000,348.9500,348.6000,348.8000,3800
2015-09-10 10:51:00,349.1500,349.1500,348.9000,349.1500,1500
2015-09-10 10:52:59,348.7000,349.6500,348.7000,349.2500,5300
2015-09-10 10:53:59,349.2000,349.2500,348.6500,348.7000,4000
2015-09-10 10:54:00,349.8000,349.8500,349.1500,349.1500,7400
2015-09-10 10:55:00,350.2500,350.6000,349.6500,349.6500,15400
2015-09-10 10:56:59,350.2000,350.2500,349.6000,350.1500,9600
2015-09-10 10:57:00,350.6000,350.6000,350.0000,350.4000,9300
2015-09-10 10:58:59,350.3500,350.7000,349.9500,350.5000,7800
2015-09-10 10:59:59,350.8500,350.8500,350.4500,350.5000,7100
2015-09-10 11:00:00,350.7500,350.9000,350.6000,350.7500,6200
2015-09-10 11:01:02,351.2000,351.3000,350.5000,350.5000,16100
2015-09-10 11:02:00,351.0000,351.4500,351.0000,351.1500,11100
2015-09-10 11:03:01,350.2500,351.1500,350.2500,351.1500,8900
2015-09-10 11:04:00,349.8500,350.3500,349.5500,350.2500,6300
2015-09-10 11:05:01,350.2000,350.2000,349.6000,349.6000,3500
2015-09-10 11:06:00,349.6000,350.2000,349.6000,350.1000,4700
2015-09-10 11:07:59,349.9500,350.0500,349.6500,349.6500,2600
2015-09-10 11:08:00,350.1500,350.1500,349.7500,349.9500,2800
2015-09-10 11:09:57,350.4000,350.4000,350.1000,350.2000,4700
2015-09-10 11:10:00,350.2500,350.4000,350.1000,350.4000,3400
2015-09-10 11:11:59,350.1000,350.3000,349.7000,350.2000,3900
2015-09-10 11:12:00,349.6500,350.1500,349.6500,350.1000,5000
2015-09-10 11:13:59,349.5000,349.8500,349.5000,349.6000,2900
2015-09-10 11:14:00,349.5500,349.8500,349.4500,349.8500,3500
2015-09-10 11:15:01,350.2000,350.2500,349.5500,349.7500,5600
2015-09-10 11:16:00,349.9000,350.2000,349.9000,350.2000,3400
2015-09-10 11:17:00,349.6500,350.1000,349.5500,349.8500,3100
2015-09-10 11:18:01,349.7500,350.1000,349.5500,349.6500,4200
2015-09-10 11:19:01,349.8000,350.0000,349.4500,349.6500,6800
2015-09-10 11:20:00,350.0000,350.0500,349.8000,349.8000,3700
2015-09-10 11:21:01,350.2000,350.2000,349.9500,350.0000,2800
2015-09-10 11:22:59,350.4500,350.4500,350.1500,350.1500,2000
2015-09-10 11:23:00,350.3000,350.4500,350.1500,350.3000,2600
2015-09-10 11:24:01,350.3000,350.6500,350.2000,350.4000,6800
2015-09-10 11:25:59,350.6500,350.7000,349.9500,350.2000,8900
2015-09-10 11:26:00,350.6000,350.7500,350.4500,350.5500,4000
2015-09-10 11:27:01,350.5500,350.8000,350.5500,350.8000,2500
2015-09-10 11:28:00,350.6000,350.8000,350.5500,350.5500,2500
2015-09-10 11:29:00,350.7500,350.8000,350.5000,350.6000,3900
2015-09-10 11:30:00,350.4500,350.8000,350.4500,350.7000,4300
2015-09-10 11:31:59,350.3500,350.8000,350.3500,350.8000,4300
2015-09-10 11:32:59,350.0000,350.3500,349.9500,350.3500,7300
2015-09-10 11:33:01,349.3500,350.2000,349.3500,350.0000,8000
2015-09-10 11:34:05,349.7000,349.7500,349.4500,349.6500,4100
2015-09-10 11:35:59,349.8500,349.8500,349.5000,349.5000,3300
2015-09-10 11:36:00,349.7500,349.9000,349.7500,349.8500,2800
2015-09-10 11:37:59,349.3500,349.7500,349.3500,349.7500,6600
2015-09-10 11:38:00,349.5500,349.5500,349.2500,349.3500,4800
2015-09-10 11:39:00,349.5500,349.5500,349.1000,349.3500,3600
2015-09-10 11:40:59,349.1500,349.5000,349.1000,349.4000,3100
2015-09-10 11:41:00,348.8000,349.3000,348.8000,349.1500,6000
2015-09-10 11:42:58,347.5000,349.1000,347.5000,348.8000,22400
2015-09-10 11:43:00,347.3000,347.3000,346.1000,347.2000,22100
2015-09-10 11:44:00,347.0500,347.4500,347.0000,347.3000,9300
2015-09-10 11:45:01,347.5000,347.7500,347.0500,347.2000,8700
2015-09-10 11:46:59,347.7000,347.9000,347.4500,347.5500,7900
2015-09-10 11:47:00,347.8500,348.0500,347.6000,347.6000,6800
2015-09-10 11:48:59,348.0000,348.0000,347.7000,348.0000,5900
2015-09-10 11:49:01,348.0000,348.3000,347.9000,348.0000,2900
2015-09-10 11:50:00,348.2500,348.2500,347.8500,348.0000,3500
2015-09-10 11:51:59,348.3000,348.4000,348.0500,348.2000,4600
2015-09-10 11:52:59,348.1500,348.4000,348.1000,348.1000,3100
2015-09-10 11:53:00,348.1500,348.3500,348.1500,348.1500,4400
2015-09-10 11:54:00,348.2000,348.4500,348.1000,348.3500,7100
2015-09-10 11:55:01,348.1500,348.4500,348.0000,348.2000,3300
2015-09-10 11:56:01,348.1500,348.1500,347.6500,348.0000,2400
2015-09-10 11:57:00,348.2000,348.2000,348.0000,348.1000,3000
2015-09-10 11:58:59,348.0000,348.2500,347.7500,348.0500,5100
2015-09-10 11:59:59,348.1000,348.4000,348.0000,348.0000,9400
2015-09-10 12:00:00,348.1500,348.5000,348.0000,348.0500,14900
2015-09-10 12:01:00,348.3500,348.6500,348.3000,348.3500,4500
2015-09-10 12:02:05,348.5000,348.6000,348.3500,348.4000,2400
2015-09-10 12:03:01,348.9000,349.0000,348.5000,348.6000,9100
2015-09-10 12:04:02,348.7000,348.9000,348.6000,348.9000,2500
2015-09-10 12:05:04,348.6500,348.8500,348.5000,348.6000,2700
2015-09-10 12:06:00,348.9000,348.9500,348.6500,348.8500,4400
2015-09-10 12:07:04,349.0000,349.4000,348.7000,348.9000,4200
2015-09-10 12:08:02,349.2000,349.4500,348.9500,349.0000,6800
2015-09-10 12:09:01,349.0000,349.2500,348.8000,349.2000,4900
2015-09-10 12:10:00,348.9000,349.0000,348.5500,349.0000,10700
2015-09-10 12:11:00,349.9500,349.9500,348.8500,348.9000,7800
2015-09-10 12:12:59,349.9000,350.3000,349.6000,349.6000,12600
2015-09-10 12:13:59,349.8000,350.0000,349.5500,349.9000,8800
2015-09-10 12:14:59,349.9000,350.0000,349.8000,349.8000,2600
2015-09-10 12:15:59,349.9000,350.0000,349.7500,350.0000,6600
2015-09-10 12:16:00,349.7500,350.0000,349.3000,349.9000,5800
2015-09-10 12:17:02,349.4500,349.8500,349.3000,349.8000,3300
2015-09-10 12:18:01,349.1000,349.7500,349.1000,349.7500,5500
2015-09-10 12:19:06,349.1500,349.2000,349.1000,349.1000,1900
2015-09-10 12:20:04,348.6500,349.3000,348.5000,349.1500,4900
2015-09-10 12:21:00,348.8000,348.8000,348.5500,348.5500,3500
2015-09-10 12:22:05,348.7000,348.8000,348.6000,348.8000,1500
2015-09-10 12:23:02,349.5000,349.5500,348.7500,348.9500,2100
2015-09-10 12:24:59,349.1000,349.5000,348.8500,349.3000,4100
2015-09-10 12:25:00,349.0000,349.1000,348.9000,349.1000,1600
2015-09-10 12:26:59,349.0500,349.1000,348.9000,349.0000,2600
2015-09-10 12:27:00,349.1000,349.2000,349.0500,349.0500,2500
2015-09-10 12:28:00,349.2000,349.5000,349.1000,349.1000,3200
2015-09-10 12:29:02,349.3500,349.5000,349.1000,349.1500,3200
2015-09-10 12:30:00,349.3000,349.8500,349.3000,349.5000,4200
2015-09-10 12:31:10,349.7500,349.7500,349.1000,349.1000,4500
2015-09-10 12:32:59,348.9500,349.7000,348.9500,349.5500,6600
2015-09-10 12:33:00,348.6000,349.2000,348.6000,348.9500,4100
2015-09-10 12:34:02,348.7000,348.8000,348.5000,348.6000,3300
2015-09-10 12:35:59,348.5500,348.8500,348.5000,348.6500,6800
2015-09-10 12:36:00,349.0500,349.1000,348.6500,348.6500,6100
2015-09-10 12:37:57,349.2000,349.4500,348.9500,349.0500,8700
2015-09-10 12:38:00,349.3000,349.3000,349.1000,349.2000,2200
2015-09-10 12:39:01,349.3000,349.5500,349.2000,349.4500,4100
2015-09-10 12:40:59,349.4500,349.4500,349.0500,349.2000,4300
2015-09-10 12:41:00,349.0000,349.5000,349.0000,349.5000,4100
2015-09-10 12:42:00,349.3500,349.4500,349.0000,349.0000,2500
2015-09-10 12:43:58,349.3500,349.4000,349.2500,349.3500,2500
2015-09-10 12:44:00,349.2000,349.2500,349.0000,349.2500,3000
2015-09-10 12:45:11,349.0000,349.0500,349.0000,349.0500,4600
2015-09-10 12:46:01,349.0000,349.1000,348.9500,349.0000,5300
2015-09-10 12:47:59,348.9000,349.1000,348.5500,349.0000,17200
2015-09-10 12:48:01,349.1000,349.1000,348.7000,348.7000,12200
2015-09-10 12:49:01,349.0500,349.1000,348.8000,349.1000,5900
2015-09-10 12:50:10,349.0000,349.1000,348.8500,349.0500,6200
2015-09-10 12:51:00,349.2500,349.5000,349.0500,349.3000,3400
2015-09-10 12:52:00,349.2000,349.2500,349.0000,349.2500,2000
2015-09-10 12:53:03,349.1500,349.3000,349.1000,349.2000,4900
2015-09-10 12:54:00,349.1500,349.3000,349.0000,349.1500,4600
2015-09-10 12:55:00,348.7500,349.1500,348.7500,349.0000,8100
2015-09-10 12:56:03,348.4000,348.8500,348.1000,348.7500,10600
2015-09-10 12:57:01,348.2000,348.5500,348.1500,348.5000,4800
2015-09-10 12:58:03,348.5000,348.6500,348.2000,348.4500,4000
2015-09-10 12:59:03,348.3000,348.6000,348.2500,348.2500,2300
2015-09-10 13:00:59,348.5500,348.6000,348.3500,348.6000,2800
2015-09-10 13:01:00,348.9500,348.9500,348.3500,348.5500,7000
2015-09-10 13:02:00,348.7500,349.2500,348.7500,348.9500,2600
2015-09-10 13:03:01,349.1000,349.3000,348.8000,348.8000,2400
2015-09-10 13:04:00,349.0000,349.2500,349.0000,349.1000,1900
2015-09-10 13:05:00,349.0000,349.3000,349.0000,349.0000,2400
2015-09-10 13:06:00,349.2500,349.4500,349.0000,349.0000,3200
2015-09-10 13:07:59,349.1500,349.3000,349.0500,349.2500,2600
2015-09-10 13:08:00,349.3500,349.4000,349.1000,349.3000,2300
2015-09-10 13:09:00,349.6500,349.6500,349.2000,349.3500,3200
2015-09-10 13:10:59,349.3000,349.9500,349.2500,349.9500,4900
2015-09-10 13:11:00,349.3000,349.5500,349.2000,349.3000,1900
2015-09-10 13:12:00,349.3500,349.5500,349.3000,349.3000,2900
2015-09-10 13:13:00,349.8000,349.8000,349.2500,349.3500,5200
2015-09-10 13:14:59,349.6500,349.8000,349.6500,349.8000,2400
2015-09-10 13:15:01,349.3500,349.8000,349.3500,349.8000,2200
2015-09-10 13:16:09,349.6000,349.7500,349.1000,349.2500,2800
2015-09-10 13:17:03,349.4000,349.7500,349.4000,349.5500,2200
2015-09-10 13:18:01,349.7000,349.8500,349.6000,349.6500,2800
2015-09-10 13:19:05,349.5500,349.7000,349.4000,349.7000,1900
2015-09-10 13:20:05,349.5500,349.6500,349.5500,349.6000,2100
2015-09-10 13:21:01,349.6000,349.8000,349.3500,349.7500,4700
2015-09-10 13:22:04,349.7500,349.7500,349.4000,349.6500,2200
2015-09-10 13:23:00,349.3000,349.7000,349.3000,349.5500,4500
2015-09-10 13:24:01,349.4500,349.6000,349.4000,349.6000,1900
2015-09-10 13:25:00,349.5000,349.6000,349.3000,349.5500,2700
2015-09-10 13:26:01,349.8500,350.0000,349.6000,349.6000,9900
2015-09-10 13:27:01,350.2500,350.4000,349.9500,349.9500,4600
2015-09-10 13:28:02,349.9500,350.2500,349.3500,350.2500,3400
2015-09-10 13:29:00,349.5000,349.9500,349.4500,349.7000,3200
2015-09-10 13:30:01,349.7500,349.7500,349.4000,349.4500,5400
2015-09-10 13:31:04,349.7000,349.9000,349.4000,349.7500,2800
2015-09-10 13:32:00,349.6500,349.7000,349.5000,349.6000,2300
2015-09-10 13:33:01,349.8500,349.8500,349.6000,349.8000,3700
2015-09-10 13:34:00,349.8000,349.9500,349.7500,349.7500,3300
2015-09-10 13:35:00,349.7500,349.9000,349.7500,349.7500,2900
2015-09-10 13:36:01,349.7000,349.9000,349.6000,349.7000,2000
2015-09-10 13:37:00,349.8000,350.0500,349.7000,349.7000,5200
2015-09-10 13:38:01,349.7500,349.9500,349.7500,349.8000,2200
2015-09-10 13:39:56,349.7500,349.8500,349.7500,349.8500,2400
2015-09-10 13:40:00,349.6000,349.7500,349.5000,349.7500,5900
2015-09-10 13:41:00,349.5000,349.7000,349.5000,349.6000,4600
2015-09-10 13:42:02,349.5000,349.6000,349.5000,349.5000,3900
2015-09-10 13:43:00,349.3000,349.6000,349.3000,349.5000,6000
2015-09-10 13:44:08,349.5000,349.5500,349.4000,349.4000,2400
2015-09-10 13:45:00,349.5500,349.6000,349.4000,349.6000,5500
2015-09-10 13:46:00,349.8000,349.8000,349.4000,349.4500,10900
2015-09-10 13:47:01,349.6500,349.8000,349.5000,349.7000,2400
2015-09-10 13:48:59,349.8500,349.8500,349.5000,349.5000,2100
2015-09-10 13:49:00,349.6000,349.9000,349.5500,349.9000,2300
2015-09-10 13:50:00,349.8500,349.9000,349.6000,349.6000,2100
2015-09-10 13:51:01,349.8500,349.9500,349.8500,349.9000,3700
2015-09-10 13:52:59,349.9500,349.9500,349.8500,349.8500,2900
2015-09-10 13:53:58,350.0000,350.1000,349.8500,349.8500,5800
2015-09-10 13:54:00,349.9500,350.3000,349.9000,350.2000,5000
2015-09-10 13:55:59,350.7000,350.9000,349.9000,350.0500,12800
2015-09-10 13:56:59,349.3500,350.3500,349.3500,350.3500,6700
2015-09-10 13:57:00,349.4500,349.7000,349.0500,349.7000,15500
2015-09-10 13:58:02,348.6000,349.7500,348.6000,349.3500,32900
2015-09-10 13:59:59,348.8000,348.8500,348.5500,348.8000,8700
2015-09-10 14:00:59,348.5000,348.9000,348.5000,348.8000,3500
2015-09-10 14:01:00,348.0000,348.6500,348.0000,348.4500,17400
2015-09-10 14:02:59,348.0500,348.1500,348.0000,348.0000,34400
2015-09-10 14:03:00,348.3000,348.3000,348.0000,348.2000,10500
2015-09-10 14:04:03,348.1000,348.3000,348.0500,348.2000,5600
2015-09-10 14:05:02,348.3000,348.3000,348.0500,348.0500,4200
2015-09-10 14:06:00,348.3500,348.5500,348.1000,348.3000,4800
2015-09-10 14:07:02,348.5000,348.6500,348.2000,348.6000,8900
2015-09-10 14:08:03,348.5000,348.7500,348.2500,348.3000,5400
2015-09-10 14:09:04,348.8000,348.8000,348.5000,348.6000,4100
2015-09-10 14:10:05,348.9000,349.1000,348.6500,348.8500,9200
2015-09-10 14:11:00,349.0000,349.0000,348.8000,349.0000,2700
2015-09-10 14:12:00,348.6000,348.9000,348.5500,348.9000,8300
2015-09-10 14:13:04,348.7500,348.8000,348.5500,348.5500,2600
2015-09-10 14:14:00,349.1500,349.1500,348.5000,348.7500,8000
2015-09-10 14:15:00,349.0000,349.1000,348.8500,349.0000,2200
2015-09-10 14:16:59,348.5000,348.8500,348.5000,348.8500,5600
2015-09-10 14:17:00,348.6500,348.7000,348.5000,348.5000,5700
2015-09-10 14:18:00,348.6000,348.8500,348.5000,348.5000,4300
2015-09-10 14:19:59,348.7500,348.8500,348.6000,348.6000,3300
2015-09-10 14:20:00,348.7000,348.8000,348.5000,348.7000,2900
2015-09-10 14:21:59,348.5000,348.6500,348.3500,348.5000,16800
2015-09-10 14:22:00,348.6500,348.6500,348.5000,348.6000,3000
2015-09-10 14:23:00,348.6000,348.7000,348.5000,348.5000,2500
2015-09-10 14:24:01,348.7000,348.8000,348.5500,348.6500,5500
2015-09-10 14:25:59,348.7000,348.8000,348.6500,348.7000,3800
2015-09-10 14:26:00,348.9000,348.9500,348.6000,348.6500,3400
2015-09-10 14:27:00,348.9500,349.0000,348.7000,348.7000,5400
2015-09-10 14:28:59,349.2500,349.5000,348.9000,348.9000,5300
2015-09-10 14:29:00,349.4500,349.5000,349.1500,349.3500,6000
2015-09-10 14:30:04,349.1500,349.5000,349.1500,349.4500,8600
2015-09-10 14:31:59,349.5000,349.5000,349.1500,349.1500,7100
2015-09-10 14:32:00,349.5000,349.7000,349.4500,349.5000,4700
2015-09-10 14:33:01,349.5000,349.7000,349.5000,349.5000,2400
2015-09-10 14:34:00,349.6500,349.7000,349.5000,349.5000,3300
2015-09-10 14:35:57,349.5000,349.7000,349.5000,349.7000,4800
2015-09-10 14:36:00,349.9500,349.9500,349.5000,349.5000,15200
2015-09-10 14:37:00,349.9500,350.2000,349.8000,349.8000,25500
2015-09-10 14:38:02,349.8000,350.1000,349.8000,350.0000,29000
2015-09-10 14:39:00,349.8500,350.0000,349.8000,349.8000,4700
2015-09-10 14:40:00,349.5500,349.9500,349.5500,349.8500,3700
2015-09-10 14:41:59,349.7500,349.7500,349.2000,349.5500,3700
2015-09-10 14:42:59,349.7000,349.7500,349.5000,349.6000,6600
2015-09-10 14:43:00,349.8500,350.1000,349.5000,349.7000,14100
2015-09-10 14:44:01,349.9000,350.0000,349.6500,350.0000,10100
2015-09-10 14:45:01,349.9000,349.9000,349.7000,349.7000,3200
2015-09-10 14:46:01,350.0000,350.2000,349.7000,349.7500,19700
2015-09-10 14:47:59,350.0000,350.3000,349.7500,349.8500,25600
2015-09-10 14:48:00,350.0000,350.1500,349.7000,349.9500,23300
2015-09-10 14:49:59,349.1000,350.0000,349.1000,350.0000,3400
2015-09-10 14:50:00,349.2500,349.3000,349.1000,349.1000,7300
2015-09-10 14:51:59,349.8500,350.0500,349.2500,349.3000,30100
2015-09-10 14:52:59,350.0000,350.2000,349.8500,350.0000,51800
2015-09-10 14:53:00,349.7500,350.1000,349.7500,350.0000,27500
2015-09-10 14:54:00,349.3000,350.0000,349.3000,349.8000,8100
2015-09-10 14:55:59,349.3000,349.6000,349.1000,349.3000,4800
2015-09-10 14:56:00,350.0500,350.1500,349.3000,349.3000,7800
2015-09-10 14:57:01,350.0000,350.1000,350.0000,350.0500,6400
2015-09-10 14:58:00,350.0500,350.3000,350.0000,350.0500,6200
2015-09-10 14:59:02,350.0000,350.2000,350.0000,350.0500,2200
2015-09-10 15:00:00,350.0000,350.2000,349.9500,350.0000,13500
2015-09-10 15:01:04,350.0000,350.0500,349.9500,350.0000,20000
2015-09-10 15:02:00,350.1000,350.1000,349.9500,349.9500,16700
2015-09-10 15:03:59,350.0000,350.1000,350.0000,350.0500,14900
2015-09-10 15:04:01,350.0000,350.1000,350.0000,350.0000,12800
2015-09-10 15:05:00,350.0000,350.0500,350.0000,350.0000,13500
2015-09-10 15:06:59,350.0500,350.0500,349.9500,350.0000,22500
2015-09-10 15:07:58,350.0500,350.0500,349.8000,350.0000,26700
2015-09-10 15:08:00,350.1000,350.1000,350.0000,350.0000,20000
2015-09-10 15:09:59,350.1000,350.1000,350.0000,350.1000,16800
2015-09-10 15:10:00,350.1500,350.1500,350.0000,350.0500,17500
2015-09-10 15:11:59,350.1000,350.1500,350.0000,350.0000,15100
2015-09-10 15:12:00,350.0500,350.1500,350.0500,350.1000,14000
2015-09-10 15:13:00,350.0500,350.1000,350.0000,350.0500,10800
2015-09-10 15:14:00,350.0500,350.0500,350.0000,350.0000,20700
2015-09-10 15:15:59,350.2000,350.2500,350.0000,350.0000,32100
2015-09-10 15:16:00,350.1500,350.3500,350.1500,350.2500,13600
2015-09-10 15:17:59,350.2000,350.3000,350.1000,350.2000,24300
2015-09-10 15:18:01,350.3500,350.4000,350.2000,350.2000,22900
2015-09-10 15:19:59,350.4500,350.5000,350.3000,350.3500,21800
2015-09-10 15:20:59,350.6000,350.6000,350.4500,350.5000,20000
2015-09-10 15:21:58,350.8000,350.8000,350.6000,350.6500,26700
2015-09-10 15:22:59,350.7500,350.7500,350.7000,350.7000,23500
2015-09-10 15:23:00,350.7500,350.8000,350.5000,350.7000,45000
2015-09-10 15:24:59,350.9000,350.9000,350.7500,350.7500,23500
2015-09-10 15:25:00,351.2000,351.3000,351.0000,351.0000,22700
2015-09-10 15:26:59,351.2500,351.4000,351.0000,351.0000,42500
2015-09-10 15:27:00,351.3000,351.4000,351.2500,351.2500,14400
2015-09-10 15:28:59,351.2500,351.3000,351.2500,351.2500,32900
2015-09-10 15:29:59,351.5000,351.7500,351.2500,351.2500,13000
2015-09-10 15:30:00,351.5000,351.5000,351.5000,351.5000,0
2015-09-11 09:15:01,353.2500,353.7000,352.0000,352.0000,35500
2015-09-11 09:16:00,353.1000,353.3000,352.5000,353.2500,17800
2015-09-11 09:17:02,353.2000,353.5000,352.8000,353.0500,15600
2015-09-11 09:18:59,352.9500,353.5500,352.9000,353.1500,15300
2015-09-11 09:19:59,352.6500,353.1000,352.6500,352.9500,10100
2015-09-11 09:20:41,352.8000,352.8000,352.8000,352.8000,4200
2015-09-11 09:21:59,352.1500,352.8000,352.0000,352.8000,16400
2015-09-11 09:22:00,352.3000,352.3000,352.0000,352.2500,8100
2015-09-11 09:23:00,352.1500,352.6500,352.1000,352.1500,11300
2015-09-11 09:24:00,352.3500,352.7500,352.0000,352.1500,8700
2015-09-11 09:25:59,351.5000,352.3500,351.2000,352.2500,32500
2015-09-11 09:26:59,351.7500,351.7500,351.0500,351.0500,13100
2015-09-11 09:27:00,351.7500,351.9000,351.4000,351.7500,10000
2015-09-11 09:28:01,351.8500,351.9500,351.6500,351.8500,8100
2015-09-11 09:29:00,351.8000,351.8000,351.5000,351.5500,8700
2015-09-11 09:30:00,351.8000,352.0500,351.7000,351.7000,4900
2015-09-11 09:31:00,351.5000,351.8000,351.5000,351.8000,4500
2015-09-11 09:32:00,351.5500,351.7500,351.5500,351.7000,9100
2015-09-11 09:33:59,351.3000,351.7500,351.1000,351.7500,6800
2015-09-11 09:34:59,350.4000,351.2000,350.4000,351.1000,18700
2015-09-11 09:35:59,350.7500,350.7500,349.7500,350.4000,26500
2015-09-11 09:36:59,351.6000,351.6000,351.0500,351.3000,12700
2015-09-11 09:37:01,350.5500,351.6500,350.5500,351.6500,9500
2015-09-11 09:38:01,350.9500,351.0000,350.5500,350.5500,3200
2015-09-11 09:39:04,351.5000,351.5000,350.8500,350.9500,5200
2015-09-11 09:40:00,351.3500,351.6500,351.2500,351.4000,8000
2015-09-11 09:41:03,351.0500,351.3500,351.0000,351.3500,3500
2015-09-11 09:42:02,350.6500,351.2000,350.6500,351.2000,8300
2015-09-11 09:43:00,350.0500,350.8000,350.0500,350.6000,8600
2015-09-11 09:44:02,350.3500,350.3500,350.0000,350.1000,10000
2015-09-11 09:45:59,350.5000,350.6000,350.3000,350.3000,2600
2015-09-11 09:46:00,350.5000,350.6000,350.3000,350.4500,11800
2015-09-11 09:47:04,350.8500,350.8500,350.2000,350.5000,4000
2015-09-11 09:48:01,351.0000,351.2500,350.4500,350.8500,3400
2015-09-11 09:49:00,351.1000,351.1000,350.7500,351.0000,4200
2015-09-11 09:50:04,351.5500,351.6500,351.0000,351.1000,10500
2015-09-11 09:51:59,352.0500,352.1500,351.5500,351.5500,12200
2015-09-11 09:52:00,351.7000,352.1500,351.7000,352.1500,13200
2015-09-11 09:53:59,351.8000,351.8000,351.6500,351.7000,4800
2015-09-11 09:54:00,351.7500,351.9000,351.5000,351.8500,12300
2015-09-11 09:55:00,351.9000,352.1000,351.7000,351.7500,11500
2015-09-11 09:56:59,351.8500,351.9000,351.8500,351.9000,3600
2015-09-11 09:57:00,351.9500,352.0000,351.7000,351.8500,3400
2015-09-11 09:58:02,351.7500,352.0000,351.7500,351.9500,7800
2015-09-11 09:59:03,351.7000,351.8000,351.1500,351.8000,4500
2015-09-11 10:00:00,351.7500,351.8500,351.6500,351.7000,2300
2015-09-11 10:01:02,351.8000,351.9000,351.7500,351.9000,1700
2015-09-11 10:02:02,351.9000,351.9000,351.7500,351.8000,5000
2015-09-11 10:03:00,351.7500,351.8500,351.7500,351.8000,2200
2015-09-11 10:04:00,351.7500,351.8000,351.7500,351.7500,1400
2015-09-11 10:05:00,351.9000,351.9000,351.7500,351.8000,1800
2015-09-11 10:06:00,351.7000,351.9000,351.6000,351.9000,4000
2015-09-11 10:07:59,351.8500,351.9500,351.6000,351.6500,4500
2015-09-11 10:08:00,351.7500,352.0000,351.7500,351.8500,6200
2015-09-11 10:09:01,351.8000,351.9000,351.7500,351.7500,3900
2015-09-11 10:10:01,351.7500,351.9500,351.7500,351.8000,2900
2015-09-11 10:11:01,351.6000,351.9500,351.5000,351.9500,6500
2015-09-11 10:12:04,351.3500,351.6000,351.2000,351.6000,3800
2015-09-11 10:13:13,351.0500,351.5500,351.0500,351.3500,3300
2015-09-11 10:14:01,351.4500,351.5000,351.0000,351.0000,5000
2015-09-11 10:15:00,351.3500,351.5000,351.3500,351.4500,1700
2015-09-11 10:16:10,351.2000,351.4000,351.1500,351.3500,1500
2015-09-11 10:17:10,351.1000,351.3000,351.0000,351.1500,4600
2015-09-11 10:18:59,351.2000,351.4500,351.0000,351.1000,4900
2015-09-11 10:19:59,350.5000,351.3500,350.5000,351.2500,13700
2015-09-11 10:20:00,350.6000,350.6000,350.3000,350.5000,9300
2015-09-11 10:21:01,350.5500,350.6000,350.3500,350.3500,8400
2015-09-11 10:22:05,350.8000,350.8000,350.5500,350.6000,4700
2015-09-11 10:23:01,350.7500,350.9000,350.7500,350.8000,3700
2015-09-11 10:24:00,350.9500,351.0000,350.7500,350.8000,5200
2015-09-11 10:25:03,350.9000,351.0000,350.8000,351.0000,3700
2015-09-11 10:26:03,350.6500,350.9500,350.6000,350.8500,10400
2015-09-11 10:27:59,350.7500,350.8000,350.6000,350.6500,3100
2015-09-11 10:28:00,350.9000,351.0000,350.7500,350.8000,6400
2015-09-11 10:29:04,350.9000,351.0500,350.9000,351.0000,5000
2015-09-11 10:30:02,350.9500,351.0000,350.9500,351.0000,2400
2015-09-11 10:31:03,350.9500,351.0000,350.9500,351.0000,4000
2015-09-11 10:32:59,351.2000,351.2500,350.9500,350.9500,7100
2015-09-11 10:33:59,351.2000,351.3500,351.2000,351.2500,4600
2015-09-11 10:34:58,351.1500,351.2500,351.1500,351.2500,8200
2015-09-11 10:35:00,351.1000,351.1500,351.0000,351.1500,7400
2015-09-11 10:36:01,351.1500,351.3000,351.1000,351.2000,1500
2015-09-11 10:37:03,351.1000,351.2000,351.1000,351.2000,4300
2015-09-11 10:38:03,351.1000,351.2000,351.1000,351.2000,8600
2015-09-11 10:39:59,351.0000,351.1500,351.0000,351.1000,8200
2015-09-11 10:40:00,351.0000,351.0500,350.9000,351.0000,7000
2015-09-11 10:41:59,350.8000,351.0000,350.7500,351.0000,6200
2015-09-11 10:42:00,350.5500,350.9500,350.5500,350.8000,6000
2015-09-11 10:43:04,350.6000,350.8000,350.5000,350.5500,5000
2015-09-11 10:44:01,350.6000,350.6500,350.5500,350.6500,4100
2015-09-11 10:45:06,351.0500,351.1000,350.5000,350.6000,4300
2015-09-11 10:46:59,350.9500,351.2500,350.9500,351.1000,3600
2015-09-11 10:47:00,350.7500,350.9500,350.6500,350.9000,8700
2015-09-11 10:48:02,350.7000,350.8500,350.7000,350.7000,2000
2015-09-11 10:49:59,350.5500,350.8000,350.5000,350.7500,19200
2015-09-11 10:50:00,350.5000,350.6500,350.3500,350.5500,22500
2015-09-11 10:51:59,350.1500,351.9000,350.1500,350.6500,38100
2015-09-11 10:52:59,350.6000,351.7500,350.0000,350.0000,58100
2015-09-11 10:53:00,350.7500,350.9000,350.5000,350.5000,40600
2015-09-11 10:54:00,350.6500,350.8500,350.6000,350.7500,18200
2015-09-11 10:55:59,351.2500,351.8000,350.8500,350.8500,37600
2015-09-11 10:56:00,351.6500,351.6500,351.2500,351.4500,4900
2015-09-11 10:57:01,352.4500,352.6000,351.6500,351.6500,21700
2015-09-11 10:58:00,352.1000,352.5000,352.1000,352.4500,6400
2015-09-11 10:59:00,351.9500,352.2000,351.9000,352.2000,9200
2015-09-11 11:00:01,351.7500,352.2000,351.4500,351.9500,5800
2015-09-11 11:01:01,351.7000,351.8000,351.6000,351.6000,2400
2015-09-11 11:02:04,352.2000,352.4000,351.7000,351.7000,7300
2015-09-11 11:03:59,352.0500,352.3000,352.0500,352.2500,2400
2015-09-11 11:04:00,352.3500,352.3500,352.0000,352.1500,3600
2015-09-11 11:05:02,352.3000,352.4000,352.2000,352.3500,1900
2015-09-11 11:06:01,352.7500,352.8000,352.3000,352.3000,4800
2015-09-11 11:07:59,352.6000,352.7500,352.6000,352.6000,5300
2015-09-11 11:08:59,352.7000,352.7500,352.6000,352.7000,4100
2015-09-11 11:09:00,352.6000,352.9000,352.5500,352.9000,4000
2015-09-11 11:10:01,352.3500,352.7000,352.3500,352.7000,5200
2015-09-11 11:11:03,351.0500,352.4000,351.0500,352.3500,11600
2015-09-11 11:12:03,351.4500,351.6000,351.0500,351.0500,10900
2015-09-11 11:13:59,351.2000,351.7000,351.0000,351.5000,9100
2015-09-11 11:14:00,350.7000,351.2000,350.0500,351.0500,44500
2015-09-11 11:15:04,351.2500,351.6500,350.7500,350.8500,2600
2015-09-11 11:16:59,351.2000,351.3500,351.0500,351.3500,7000
2015-09-11 11:17:00,352.1000,352.2500,350.7500,351.1000,33200
2015-09-11 11:18:00,350.2500,352.5000,350.2500,352.2000,65500
2015-09-11 11:19:01,351.0500,351.6000,350.0500,350.0500,36200
2015-09-11 11:20:59,350.6000,351.3000,350.4000,351.0500,22300
2015-09-11 11:21:58,351.2000,351.2500,350.6000,350.8000,6800
2015-09-11 11:22:59,351.4000,351.5000,351.1000,351.2000,1800
2015-09-11 11:23:00,351.4500,351.6000,351.3000,351.4000,2400
2015-09-11 11:24:02,351.0500,351.5000,351.0500,351.5000,3300
2015-09-11 11:25:58,350.7000,351.3500,350.7000,351.3500,1800
2015-09-11 11:26:59,350.6500,350.7000,350.5000,350.7000,3400
2015-09-11 11:27:00,350.6000,350.6500,350.5000,350.6000,5300
2015-09-11 11:28:01,350.8000,350.8500,350.6000,350.6500,8600
2015-09-11 11:29:03,350.9000,350.9000,350.7500,350.9000,3600
2015-09-11 11:30:59,350.7500,351.1500,350.7500,351.0000,12700
2015-09-11 11:31:00,350.9000,351.0500,350.8500,350.8500,2900
2015-09-11 11:32:04,350.6000,350.9500,350.5500,350.9500,11700
2015-09-11 11:33:04,350.5500,350.8000,350.4500,350.8000,4800
2015-09-11 11:34:04,350.6500,350.7500,350.6000,350.7500,4700
2015-09-11 11:35:03,351.0500,351.2000,350.5000,350.8000,5800
2015-09-11 11:36:05,350.8500,351.2500,350.6500,351.2500,29000
2015-09-11 11:37:03,350.8500,351.0000,350.8000,350.8000,8900
2015-09-11 11:38:01,350.8500,351.2000,350.8500,350.9000,7300
2015-09-11 11:39:03,350.9000,351.1000,350.8000,350.8500,1600
2015-09-11 11:40:02,351.1000,351.1000,350.8000,350.9000,3100
2015-09-11 11:41:04,350.9500,351.0500,350.9000,351.0000,1600
2015-09-11 11:42:58,351.0000,351.1500,350.9500,351.1000,900
2015-09-11 11:43:01,351.2000,351.3500,351.0000,351.0000,2200
2015-09-11 11:44:02,351.0000,351.3500,351.0000,351.2000,1400
2015-09-11 11:45:03,351.1000,351.2000,351.0000,351.1000,1400
2015-09-11 11:46:00,351.0000,351.2000,351.0000,351.1000,2600
2015-09-11 11:47:00,351.1000,351.3000,351.0000,351.0000,4400
2015-09-11 11:48:59,351.0000,351.2500,351.0000,351.0500,2300
2015-09-11 11:49:59,350.2000,351.0000,350.2000,351.0000,10700
2015-09-11 11:50:59,350.2000,350.4000,350.0000,350.2000,2900
2015-09-11 11:51:00,350.4500,350.6500,350.2000,350.2000,7500
2015-09-11 11:52:06,350.5000,350.5500,350.0000,350.5000,11400
2015-09-11 11:53:00,350.5000,350.8500,350.5000,350.5000,1200
2015-09-11 11:54:00,351.0000,351.2500,350.5500,350.5500,4000
2015-09-11 11:55:59,350.8500,351.1000,350.7500,351.0000,2200
2015-09-11 11:56:58,350.8500,351.2000,350.8500,350.8500,3000
2015-09-11 11:57:58,350.7500,351.1500,350.7000,350.8500,3900
2015-09-11 11:58:00,350.6500,351.0000,350.6000,350.7500,2200
2015-09-11 11:59:59,351.1000,351.1000,350.6500,350.6500,2600
2015-09-11 12:00:00,351.0000,351.0000,350.7500,350.9500,3500
2015-09-11 12:01:07,350.8500,351.1000,350.7500,351.0000,3300
2015-09-11 12:02:14,350.7500,351.1500,350.6500,351.1000,4100
2015-09-11 12:03:05,350.9000,350.9500,350.6500,350.7500,7800
2015-09-11 12:04:59,350.5500,350.9000,350.5500,350.9000,7400
2015-09-11 12:05:59,350.6000,350.7500,350.5500,350.5500,3400
2015-09-11 12:06:59,350.8000,350.9500,350.6000,350.6000,7400
2015-09-11 12:07:59,351.0000,351.0000,350.6000,350.8000,11200
2015-09-11 12:08:00,350.6500,351.1000,350.6000,351.0500,10300
2015-09-11 12:09:59,351.0500,351.2000,350.6500,350.6500,2200
2015-09-11 12:10:59,351.0500,351.2000,350.8500,351.2000,2900
2015-09-11 12:11:59,351.0500,351.1500,350.8500,351.0500,2100
2015-09-11 12:12:59,351.0500,351.3000,351.0000,351.0500,6700
2015-09-11 12:13:00,351.1000,351.3500,351.0000,351.1000,2000
2015-09-11 12:14:59,350.9000,351.2000,350.8500,351.1500,5300
2015-09-11 12:15:59,351.0000,351.2500,350.8500,350.9000,1800
2015-09-11 12:16:59,351.0000,351.1000,350.8000,350.9500,16000
2015-09-11 12:17:59,351.0000,351.1000,350.8500,351.0000,3700
2015-09-11 12:18:59,351.0000,351.1000,350.9000,351.0000,3800
2015-09-11 12:19:00,350.9500,351.3500,350.9500,351.0000,5300
2015-09-11 12:20:04,350.4500,351.0000,350.3500,351.0000,5400
2015-09-11 12:21:00,350.6500,350.9000,350.4500,350.4500,1400
2015-09-11 12:22:05,350.6000,350.9000,350.5000,350.9000,2200
2015-09-11 12:23:59,350.6500,350.9000,350.6000,350.6000,1600
2015-09-11 12:24:59,350.7500,351.0000,350.6500,350.6500,1000
2015-09-11 12:25:59,350.7500,350.9500,350.7000,350.7500,900
2015-09-11 12:26:59,350.9500,351.1000,350.7000,350.7500,3500
2015-09-11 12:27:59,350.7000,350.9500,350.6500,350.7500,4300
2015-09-11 12:28:59,350.6500,350.9500,350.6500,350.7000,1500
2015-09-11 12:29:59,350.7500,350.9000,350.6500,350.6500,1200
2015-09-11 12:30:59,350.5000,350.9000,350.3500,350.7500,2400
2015-09-11 12:31:59,347.5500,350.7000,347.5500,350.4000,46400
2015-09-11 12:32:59,347.3000,347.4500,346.5000,347.4500,34400
2015-09-11 12:33:59,347.3500,347.5000,346.3000,347.3000,15300
2015-09-11 12:34:59,347.5500,347.8000,347.2000,347.3000,7600
2015-09-11 12:35:59,348.1500,348.4000,347.3500,347.4000,25000
2015-09-11 12:36:00,348.7000,348.8500,348.0000,348.1500,9300
2015-09-11 12:37:05,348.2000,348.9000,348.0500,348.6000,3000
2015-09-11 12:38:00,348.0500,348.6000,348.0000,348.5000,3900
2015-09-11 12:39:00,348.4500,348.8500,348.0500,348.0500,5100
2015-09-11 12:40:59,349.3000,349.4000,348.3500,348.6500,6200
2015-09-11 12:41:59,349.1500,349.5500,349.0000,349.3000,7600
2015-09-11 12:42:59,349.1500,349.4500,349.1500,349.1500,2200
2015-09-11 12:43:00,350.0000,350.4000,349.1500,349.1500,35000
2015-09-11 12:44:00,350.0000,350.2500,350.0000,350.2500,11300
2015-09-11 12:45:59,350.0000,350.2000,349.8500,350.2000,21600
2015-09-11 12:46:59,350.0000,350.2000,350.0000,350.1000,9400
2015-09-11 12:47:59,350.0500,350.2000,350.0000,350.0000,2900
2015-09-11 12:48:59,350.0500,350.1000,350.0000,350.0500,3700
2015-09-11 12:49:00,350.3000,350.3500,350.0000,350.0500,3900
2015-09-11 12:50:58,350.1000,350.2000,350.0000,350.2000,4700
2015-09-11 12:51:01,350.0000,350.3000,350.0000,350.0500,12900
2015-09-11 12:52:00,349.8500,350.3500,349.8000,350.0500,22400
2015-09-11 12:53:59,349.6000,349.9000,349.4000,349.6000,6900
2015-09-11 12:54:00,349.5000,350.2500,349.5000,349.6000,6600
2015-09-11 12:55:04,349.9000,350.0000,349.5000,349.7000,6600
2015-09-11 12:56:02,350.2500,350.5000,349.5500,349.7000,4400
2015-09-11 12:57:02,350.5000,350.5000,350.1500,350.1500,3000
2015-09-11 12:58:59,350.8000,351.0000,350.4000,350.5000,8900
2015-09-11 12:59:00,351.3000,351.6000,350.8000,350.8000,14400
2015-09-11 13:00:59,351.3000,351.3000,350.8000,351.2000,5700
2015-09-11 13:01:00,351.2500,351.4000,351.1500,351.3000,2500
2015-09-11 13:02:59,350.7500,351.2500,350.7000,351.2000,3000
2015-09-11 13:03:00,351.1500,351.2000,350.7500,350.7500,1500
2015-09-11 13:04:00,350.9500,351.1500,350.7500,351.1500,1500
2015-09-11 13:05:01,350.7000,351.1000,350.6500,350.9500,1600
2015-09-11 13:06:00,349.8500,350.9000,349.8500,350.7000,5900
2015-09-11 13:07:59,349.9000,350.1000,349.4500,349.8500,6000
2015-09-11 13:08:58,350.5000,350.9500,349.8500,349.8500,14400
2015-09-11 13:09:00,349.8500,350.5500,349.6500,350.5000,8500
2015-09-11 13:10:00,349.7000,349.9500,349.7000,349.8500,7600
2015-09-11 13:11:59,349.8500,350.9500,349.7000,349.8500,72500
2015-09-11 13:12:00,349.9000,350.2500,349.9000,349.9000,20200
2015-09-11 13:13:00,350.1500,350.2500,349.9000,349.9000,12300
2015-09-11 13:14:00,349.7000,350.4000,349.7000,350.1500,2100
2015-09-11 13:15:59,349.0000,349.8000,349.0000,349.8000,3500
2015-09-11 13:16:59,349.6500,349.8500,349.0500,349.1500,3600
2015-09-11 13:17:00,349.2500,349.6500,349.2000,349.5000,4300
2015-09-11 13:18:59,349.1500,349.4000,349.1000,349.2500,4100
2015-09-11 13:19:00,349.5000,349.6000,349.1500,349.1500,5200
2015-09-11 13:20:02,349.8500,350.0000,349.5000,349.5000,3100
2015-09-11 13:21:00,349.9500,350.0000,349.8500,349.9500,1400
2015-09-11 13:22:59,350.0000,350.0500,349.9000,349.9000,2500
2015-09-11 13:23:59,349.9000,350.2500,349.7500,350.1500,3000
2015-09-11 13:24:00,349.7500,350.0500,349.7500,349.9000,1100
2015-09-11 13:25:00,349.7000,350.0000,349.6000,349.7500,1400
2015-09-11 13:26:00,350.1000,350.5000,349.6000,349.6500,2500
2015-09-11 13:27:00,350.1000,350.3500,350.0000,350.1000,3500
2015-09-11 13:28:01,350.0500,350.3000,350.0500,350.1000,1000
2015-09-11 13:29:59,350.0500,350.2500,350.0500,350.0500,1700
2015-09-11 13:30:01,350.3000,350.5000,350.0500,350.0500,1500
2015-09-11 13:31:00,350.2000,350.4500,350.2000,350.3000,3100
2015-09-11 13:32:58,350.1500,350.5000,350.0500,350.5000,4900
2015-09-11 13:33:00,350.1500,350.2500,350.0000,350.1500,8100
2015-09-11 13:34:01,349.9500,350.2000,349.9500,350.1500,63300
2015-09-11 13:35:59,349.8500,350.1000,349.8500,349.9000,6800
2015-09-11 13:36:00,349.6000,350.0500,349.6000,349.9000,1300
2015-09-11 13:37:00,349.7000,350.0000,349.6000,349.6000,1200
2015-09-11 13:38:00,349.9500,350.0000,349.7000,349.7000,1100
2015-09-11 13:39:00,349.9000,350.3000,349.9000,349.9500,3100
2015-09-11 13:40:59,350.1500,350.2000,349.6000,350.0000,28000
2015-09-11 13:41:00,349.8000,350.3000,349.8000,350.1500,51700
2015-09-11 13:42:58,349.9000,350.1500,349.8000,349.8000,600
2015-09-11 13:43:00,349.9500,350.1500,349.9000,349.9000,1000
2015-09-11 13:44:59,349.3000,350.0500,349.3000,349.9500,1200
2015-09-11 13:45:00,349.3500,349.6000,349.3000,349.3000,1700
2015-09-11 13:46:59,349.1500,349.3500,349.0500,349.3000,2900
2015-09-11 13:47:00,349.1000,349.3000,349.0500,349.1500,1500
2015-09-11 13:48:01,349.0500,349.3500,349.0000,349.1000,6200
2015-09-11 13:49:59,349.2000,349.3500,349.0500,349.2500,1300
2015-09-11 13:50:59,349.1500,349.4000,349.1500,349.2000,700
2015-09-11 13:51:00,349.0000,349.1500,349.0000,349.1500,5600
2015-09-11 13:52:01,349.0000,349.1500,349.0000,349.0000,3900
2015-09-11 13:53:00,349.0000,349.1500,349.0000,349.0000,900
2015-09-11 13:54:00,349.4500,349.6000,349.0000,349.0000,1100
2015-09-11 13:55:59,349.1500,349.7000,349.0000,349.4500,3000
2015-09-11 13:56:00,349.2000,349.3500,349.1500,349.1500,800
2015-09-11 13:57:58,349.2500,349.4500,349.2000,349.2000,900
2015-09-11 13:58:00,349.2500,349.3500,349.2000,349.2500,1100
2015-09-11 13:59:00,349.2000,349.4500,349.2000,349.2500,700
2015-09-11 14:00:59,349.1000,349.3500,349.0000,349.2000,9100
2015-09-11 14:01:00,349.0500,349.3500,348.9500,349.1000,10600
2015-09-11 14:02:59,349.1000,349.3000,349.0500,349.0500,5300
2015-09-11 14:03:59,349.0500,349.2000,349.0500,349.1000,3200
2015-09-11 14:04:58,349.0500,349.2000,349.0500,349.2000,3300
2015-09-11 14:05:00,349.3000,349.6000,349.1000,349.1000,3400
2015-09-11 14:06:59,349.4500,349.5500,349.3000,349.3500,6700
2015-09-11 14:07:00,349.5500,349.8000,349.4000,349.4500,3900
2015-09-11 14:08:00,349.5000,349.7000,349.5000,349.5500,3900
2015-09-11 14:09:00,349.5000,349.7500,349.5000,349.5000,4700
2015-09-11 14:10:00,349.6000,349.8000,349.5000,349.5500,3300
2015-09-11 14:11:13,349.5500,349.8000,349.5500,349.7500,1100
2015-09-11 14:12:59,349.6000,349.8000,349.5000,349.5500,6000
2015-09-11 14:13:00,349.5000,349.7000,349.5000,349.5500,3000
2015-09-11 14:14:59,349.5500,349.6000,349.5000,349.5000,2100
2015-09-11 14:15:58,349.5000,349.6000,349.5000,349.5500,1700
2015-09-11 14:16:00,349.5000,349.6000,349.5000,349.5000,2500
2015-09-11 14:17:00,349.4500,349.8000,349.4500,349.5000,8300
2015-09-11 14:18:00,349.4500,349.6500,349.4500,349.5000,2400
2015-09-11 14:19:00,349.5500,349.6500,349.4500,349.4500,1100
2015-09-11 14:20:02,349.6500,349.8000,349.5500,349.5500,1500
2015-09-11 14:21:59,349.8000,350.0000,349.6500,349.6500,1800
2015-09-11 14:22:58,349.9500,350.0000,349.8000,349.8000,1900
2015-09-11 14:23:59,349.9000,350.1500,349.8000,349.9500,3100
2015-09-11 14:24:00,349.7000,350.1000,349.5500,349.9500,1600
2015-09-11 14:25:00,349.7500,349.9000,349.7000,349.7000,1500
2015-09-11 14:26:59,349.7000,349.9000,349.5500,349.8000,3000
2015-09-11 14:27:59,349.8500,349.9500,349.5000,349.7000,5700
2015-09-11 14:28:58,349.9500,350.1000,349.8500,349.8500,5400
2015-09-11 14:29:59,349.8500,350.0500,349.8500,349.9500,1700
2015-09-11 14:30:59,349.9500,349.9500,349.7500,349.8500,6200
2015-09-11 14:31:00,349.8500,350.1000,349.8000,349.9500,5700
2015-09-11 14:32:59,350.0000,350.4000,349.8500,350.1000,15400
2015-09-11 14:33:58,349.9500,350.2000,349.9500,350.0000,14900
2015-09-11 14:34:59,349.9500,350.1000,349.9500,349.9500,2600
2015-09-11 14:35:59,349.9500,350.0500,349.9500,349.9500,8200
2015-09-11 14:36:58,349.9000,350.1000,349.9000,350.0000,4600
2015-09-11 14:37:59,349.9500,350.1500,349.7500,349.9000,5600
2015-09-11 14:38:59,349.6500,349.9500,349.6000,349.7500,1600
2015-09-11 14:39:00,349.5500,349.9000,349.5500,349.6500,4500
2015-09-11 14:40:00,349.6000,349.8000,349.5000,349.5500,4200
2015-09-11 14:41:58,349.7500,349.8000,349.5000,349.6500,4600
2015-09-11 14:42:59,349.6500,349.9500,349.6000,349.7500,5900
2015-09-11 14:43:59,349.7500,349.9500,349.6000,349.6500,2000
2015-09-11 14:44:59,349.6500,349.8500,349.5500,349.7500,5400
2015-09-11 14:45:00,349.5500,350.0000,349.5500,349.6500,4700
2015-09-11 14:46:00,349.7000,349.8500,349.5500,349.5500,3600
2015-09-11 14:47:58,349.7000,349.8000,349.5500,349.5500,600
2015-09-11 14:48:00,349.6500,349.8000,349.5500,349.7000,3600
2015-09-11 14:49:59,349.6500,349.8500,349.6000,349.6500,1500
2015-09-11 14:50:58,349.6500,349.9000,349.6500,349.6500,1700
2015-09-11 14:51:00,349.7500,349.9000,349.6500,349.6500,1900
2015-09-11 14:52:59,349.7500,349.9000,349.7500,349.7500,3100
2015-09-11 14:53:00,349.6000,349.8500,349.6000,349.7500,2400
2015-09-11 14:54:01,349.6000,349.8500,349.6000,349.6000,2800
2015-09-11 14:55:59,349.6000,349.8000,349.6000,349.6000,2600
2015-09-11 14:56:00,349.5500,349.8000,349.5500,349.6000,1700
2015-09-11 14:57:59,349.8000,349.8000,349.5500,349.5500,4500
2015-09-11 14:58:59,349.7000,349.9000,349.6000,349.8000,5800
2015-09-11 14:59:00,349.7500,350.3000,349.6500,349.7500,12200
2015-09-11 15:00:00,350.0000,350.1500,349.7500,349.7500,5400
2015-09-11 15:01:01,349.8500,350.1000,349.6000,350.1000,6100
2015-09-11 15:02:01,349.8000,349.9500,349.7000,349.7000,2700
2015-09-11 15:03:59,350.0000,350.2000,349.8500,350.1000,12600
2015-09-11 15:04:59,349.8000,350.1500,349.6000,350.0000,7200
2015-09-11 15:05:00,349.8000,349.9000,349.7500,349.8000,2000
2015-09-11 15:06:59,349.7500,349.9500,349.5000,349.8000,5900
2015-09-11 15:07:05,349.8500,350.3000,349.8000,349.8000,8800
2015-09-11 15:08:59,349.8500,350.0000,349.7000,349.8500,4900
2015-09-11 15:09:59,349.6000,349.9000,349.6000,349.7000,5600
2015-09-11 15:10:59,349.5500,349.9000,349.5500,349.6000,10500
2015-09-11 15:11:02,349.5500,349.6000,349.5000,349.6000,7900
2015-09-11 15:12:00,349.4500,349.9000,349.4500,349.5500,26600
2015-09-11 15:13:59,349.1500,349.7000,349.1000,349.4500,12400
2015-09-11 15:14:59,348.6500,349.3500,348.6000,349.1000,41700
2015-09-11 15:15:01,347.9500,348.8500,347.5500,348.7000,38100
2015-09-11 15:16:59,348.8500,349.4000,347.7500,347.7500,26800
2015-09-11 15:17:59,348.0500,348.9500,348.0000,348.4000,23200
2015-09-11 15:18:00,349.0000,349.0000,347.9000,348.0500,21300
2015-09-11 15:19:00,348.6500,349.0000,348.4000,349.0000,9400
2015-09-11 15:20:59,347.9500,348.6500,347.9500,348.6000,10900
2015-09-11 15:21:59,347.4000,348.3000,347.4000,347.9500,16600
2015-09-11 15:22:00,347.4500,347.9500,347.2500,347.5000,8100
2015-09-11 15:23:01,347.6000,348.0000,347.4000,347.4000,10400
2015-09-11 15:24:59,347.2500,347.9000,347.0000,347.6000,10700
2015-09-11 15:25:00,347.7500,348.0000,347.5500,347.6500,12600
2015-09-11 15:26:58,347.7000,348.0000,347.7000,347.8500,5000
2015-09-11 15:27:00,347.5000,348.0000,347.4500,347.7000,8600
2015-09-11 15:28:01,347.7500,347.7500,347.0000,347.4500,11900
2015-09-11 15:29:00,347.5500,347.5500,347.5500,347.5500,0
2015-09-14 09:15:59,348.3500,349.7500,347.7500,349.7500,10900
2015-09-14 09:16:00,347.9500,348.4000,347.6500,348.4000,7400
2015-09-14 09:17:01,349.4000,349.5000,347.9500,347.9500,16700
2015-09-14 09:18:02,348.7500,349.3500,348.6500,349.2500,10100
2015-09-14 09:19:59,349.3500,349.5000,349.0000,349.0000,2900
2015-09-14 09:20:00,349.2000,349.3500,349.0000,349.1000,6200
2015-09-14 09:21:05,349.4500,349.5000,349.0000,349.3000,7400
2015-09-14 09:22:01,349.5000,349.5000,349.2000,349.2000,6400
2015-09-14 09:23:00,349.7500,349.9500,349.5000,349.5000,5600
2015-09-14 09:24:00,349.9500,350.0000,349.8000,349.9500,9900
2015-09-14 09:25:02,349.8000,349.9000,349.7000,349.9000,6800
2015-09-14 09:26:59,349.2500,349.7000,349.2000,349.5500,4200
2015-09-14 09:27:00,349.0000,349.2500,348.6000,349.2500,9800
2015-09-14 09:28:00,349.3500,349.5000,348.8000,349.1000,3200
2015-09-14 09:29:10,349.1000,349.4500,349.1000,349.4500,1400
2015-09-14 09:30:06,349.5000,349.5000,349.1000,349.1000,2600
2015-09-14 09:31:02,349.3500,349.4000,349.1500,349.3500,4900
2015-09-14 09:32:00,349.2500,349.4000,349.1500,349.3500,1000
2015-09-14 09:33:03,349.1000,349.3500,348.9000,349.1500,7600
2015-09-14 09:34:00,349.1500,349.1500,348.8500,348.9000,800
2015-09-14 09:35:58,348.9000,349.2000,348.8500,349.2000,6700
2015-09-14 09:36:00,348.6000,348.9000,348.3000,348.8000,19500
2015-09-14 09:37:01,348.5000,348.9500,348.4000,348.6000,8900
2015-09-14 09:38:01,348.3000,348.5000,348.2000,348.5000,9000
2015-09-14 09:39:03,348.2500,348.3000,347.7000,348.2000,6100
2015-09-14 09:40:04,348.7000,348.7000,348.1000,348.1000,3500
2015-09-14 09:41:59,349.5000,349.5000,348.7000,348.7000,10200
2015-09-14 09:42:59,348.6000,349.5000,348.4000,349.5000,13400
2015-09-14 09:43:00,348.3000,348.6000,348.0000,348.6000,10400
2015-09-14 09:44:01,348.9000,349.0500,348.3000,348.3000,2600
2015-09-14 09:45:01,349.0500,349.1000,348.8000,349.0000,1900
2015-09-14 09:46:13,349.3000,349.4000,348.7500,348.8000,5200
2015-09-14 09:47:00,349.1000,349.4500,348.8000,349.0500,3700
2015-09-14 09:48:01,348.8500,349.2000,348.8000,349.1000,10200
2015-09-14 09:49:00,348.5000,348.8500,348.5000,348.7500,5900
2015-09-14 09:50:01,348.5000,348.5000,348.0000,348.1500,10700
2015-09-14 09:51:01,348.7500,349.5000,348.7500,349.0000,6500
2015-09-14 09:52:09,349.1000,349.4000,348.8000,348.8500,500
2015-09-14 09:53:00,349.1500,349.1500,348.9500,349.0500,1600
2015-09-14 09:54:35,348.8000,349.0000,348.7500,349.0000,6400
2015-09-14 09:55:59,348.2000,348.7500,348.2000,348.7500,8200
2015-09-14 09:56:00,348.7000,349.0000,348.1500,348.1500,6300
2015-09-14 09:57:01,348.1500,348.6000,348.1500,348.6000,8300
2015-09-14 09:58:14,348.2500,348.6000,348.2000,348.2000,5800
2015-09-14 09:59:00,347.7500,348.3000,347.5000,348.3000,12800
2015-09-14 10:00:00,347.9500,348.2000,347.6000,347.7000,5200
2015-09-14 10:01:04,347.8500,348.0500,347.8000,347.9500,3200
2015-09-14 10:02:05,347.9500,347.9500,347.8000,347.8500,5000
2015-09-14 10:03:02,348.1500,348.2500,347.9000,347.9000,3300
2015-09-14 10:04:12,348.2500,348.4500,348.1500,348.1500,600
2015-09-14 10:05:02,348.3000,348.5000,348.2500,348.2500,2700
2015-09-14 10:06:09,348.1000,348.3000,348.1000,348.3000,15300
2015-09-14 10:07:14,348.1500,348.5000,348.1500,348.2500,3900
2015-09-14 10:08:59,346.3000,348.1500,346.3000,348.1500,11100
2015-09-14 10:09:00,346.9500,347.0000,346.1500,346.4500,9100
2015-09-14 10:10:02,347.2000,347.5000,346.9000,346.9000,14600
2015-09-14 10:11:00,346.7500,347.1500,346.7000,347.1500,3400
2015-09-14 10:12:01,346.6500,346.7000,346.4000,346.7000,1700
2015-09-14 10:13:00,347.0500,347.1500,346.9500,346.9500,1700
2015-09-14 10:14:01,347.1000,347.3000,347.1000,347.2500,5200
2015-09-14 10:15:01,346.5000,347.0500,346.4000,347.0500,6800
2015-09-14 10:16:00,346.7000,346.7000,346.3000,346.5000,3100
2015-09-14 10:17:04,347.1500,347.3000,346.6000,346.8500,1600
2015-09-14 10:18:12,347.5000,347.5000,347.2000,347.2000,3100
2015-09-14 10:19:07,348.1500,348.6000,347.4000,347.5000,10500
2015-09-14 10:20:06,347.6000,348.0000,347.3500,347.9000,12400
2015-09-14 10:21:00,347.5000,348.2000,347.5000,347.6500,9500
2015-09-14 10:22:00,347.8500,348.0000,347.5000,347.5000,700
2015-09-14 10:23:10,348.0000,348.2500,347.7500,347.9000,6300
2015-09-14 10:24:04,348.3500,348.3500,348.0000,348.0000,1000
2015-09-14 10:25:59,348.4000,348.4500,348.4000,348.4500,1300
2015-09-14 10:26:00,348.3000,348.5000,348.3000,348.4000,2800
2015-09-14 10:27:04,348.4000,348.5000,348.3000,348.5000,900
2015-09-14 10:28:06,348.2500,348.4500,348.2500,348.3000,3900
2015-09-14 10:29:06,348.2500,348.4000,348.2500,348.4000,2200
2015-09-14 10:30:00,348.4500,348.4500,348.2500,348.2500,4600
2015-09-14 10:31:17,348.6500,348.6500,348.4000,348.6000,500
2015-09-14 10:32:01,348.5000,348.6500,348.5000,348.6500,1800
2015-09-14 10:33:11,348.6500,348.7000,348.6000,348.6000,500
2015-09-14 10:34:59,348.7000,348.7000,348.6500,348.7000,4000
2015-09-14 10:35:00,349.1500,349.3500,348.7000,348.7000,17600
2015-09-14 10:36:01,348.7500,349.1500,348.5000,349.1500,32900
2015-09-14 10:37:00,349.5500,349.5500,348.6000,348.7500,19200
2015-09-14 10:38:00,349.9500,350.2000,349.5000,349.5000,34200
2015-09-14 10:39:59,350.0000,350.1000,349.9000,350.1000,2100
2015-09-14 10:40:00,349.8000,350.0000,349.7500,350.0000,5500
2015-09-14 10:41:03,349.9500,349.9500,349.7500,349.8500,2200
2015-09-14 10:42:07,349.9500,350.0000,349.8000,349.9500,3900
2015-09-14 10:43:03,349.7000,350.0000,349.7000,349.8000,2500
2015-09-14 10:44:01,349.9500,349.9500,349.7500,349.8500,4600
2015-09-14 10:45:01,351.2500,351.3000,349.9500,350.0000,15800
2015-09-14 10:46:59,351.6500,351.7500,350.9500,351.1000,12200
2015-09-14 10:47:00,350.8000,351.8000,350.8000,351.6500,7300
2015-09-14 10:48:01,351.4000,351.5500,350.8500,351.0000,11600
2015-09-14 10:49:59,351.4000,351.5000,351.3000,351.4000,6500
2015-09-14 10:50:58,351.3500,351.4000,351.3000,351.4000,5900
2015-09-14 10:51:00,351.0000,351.4000,351.0000,351.4000,20200
2015-09-14 10:52:07,351.0500,351.3500,350.9500,351.0000,4300
2015-09-14 10:53:04,350.8000,351.1500,350.8000,351.1500,7300
2015-09-14 10:54:59,350.7000,351.0000,350.6000,350.8000,1800
2015-09-14 10:55:00,350.8500,351.0000,350.7000,350.7000,5200
2015-09-14 10:56:02,351.2000,351.2000,350.8500,350.9500,6300
2015-09-14 10:57:00,351.1500,351.2500,351.1000,351.1000,4700
2015-09-14 10:58:01,351.7500,351.7500,351.3000,351.3000,7000
2015-09-14 10:59:59,351.5000,351.7500,351.4500,351.7500,3000
2015-09-14 11:00:59,351.6500,351.6500,351.5000,351.5000,4100
2015-09-14 11:01:00,351.4000,351.6500,351.3000,351.6500,4500
2015-09-14 11:02:02,350.5500,351.1500,350.4000,351.1500,4700
2015-09-14 11:03:01,350.3000,350.5500,350.3000,350.5000,2800
2015-09-14 11:04:03,350.3000,350.5000,350.3000,350.5000,1500
2015-09-14 11:05:03,350.3500,350.3500,350.3000,350.3500,4400
2015-09-14 11:06:03,350.3500,350.3500,350.3000,350.3500,2900
2015-09-14 11:07:01,350.2000,350.3500,350.2000,350.3500,1200
2015-09-14 11:08:01,350.1000,350.2500,350.1000,350.2500,4200
2015-09-14 11:09:07,350.1500,350.2000,350.0500,350.1000,6800
2015-09-14 11:10:10,350.1000,350.1500,350.0000,350.1500,2600
2015-09-14 11:11:00,350.1000,350.1000,350.0000,350.1000,1700
2015-09-14 11:12:01,350.0000,350.1000,350.0000,350.1000,2200
2015-09-14 11:13:06,350.1000,350.1000,350.0000,350.0000,1200
2015-09-14 11:14:04,350.1500,350.1500,350.0000,350.0500,6000
2015-09-14 11:15:05,350.2500,350.2500,350.1500,350.2000,900
2015-09-14 11:16:00,350.2000,350.2000,350.1000,350.1000,1600
2015-09-14 11:17:02,350.2000,350.2000,350.1500,350.2000,1400
2015-09-14 11:18:10,350.2000,350.2000,350.1500,350.1500,1000
2015-09-14 11:19:07,350.0500,350.2000,350.0500,350.1500,5900
2015-09-14 11:20:06,350.1000,350.1000,350.0500,350.0500,600
2015-09-14 11:21:00,350.0500,350.1000,350.0500,350.1000,2500
2015-09-14 11:22:59,350.0000,350.1000,349.9500,350.1000,5900
2015-09-14 11:23:00,350.0500,350.2500,349.9500,349.9500,8400
2015-09-14 11:24:04,350.1000,350.1000,350.0000,350.0000,3100
2015-09-14 11:25:10,349.9500,350.1000,349.9500,350.0000,1800
2015-09-14 11:26:05,350.0000,350.0000,349.9000,350.0000,9500
2015-09-14 11:27:00,350.2500,350.2500,349.9000,350.0000,5700
2015-09-14 11:28:02,350.1500,350.2500,350.1500,350.1500,1400
2015-09-14 11:29:06,350.1500,350.2500,350.1500,350.1500,900
2015-09-14 11:30:10,350.0500,350.2000,350.0500,350.1500,1600
2015-09-14 11:31:05,350.1000,350.2000,350.0500,350.2000,1600
2015-09-14 11:32:00,350.1000,350.2000,350.1000,350.1000,2900
2015-09-14 11:33:03,350.0500,350.2000,350.0500,350.1000,2500
2015-09-14 11:34:06,350.1000,350.2000,350.0500,350.0500,2000
2015-09-14 11:35:59,350.1000,350.2000,350.1000,350.1000,700
2015-09-14 11:36:00,350.1000,350.1500,350.1000,350.1000,2300
2015-09-14 11:37:06,350.1000,350.1500,350.1000,350.1000,4300
2015-09-14 11:38:08,350.0500,350.2000,350.0500,350.1500,6400
2015-09-14 11:39:59,350.0500,350.1500,350.0000,350.0500,2900
2015-09-14 11:40:05,350.0000,350.2500,350.0000,350.1500,8600
2015-09-14 11:41:05,350.0000,350.1000,350.0000,350.0500,2400
2015-09-14 11:42:10,350.0000,350.1000,350.0000,350.1000,3500
2015-09-14 11:43:00,350.0500,350.2000,350.0000,350.0000,4400
2015-09-14 11:44:04,350.0500,350.2500,350.0500,350.2000,4900
2015-09-14 11:45:00,350.0500,350.1000,350.0500,350.0500,2100
2015-09-14 11:46:02,350.0500,350.2000,350.0000,350.0500,3300
2015-09-14 11:47:01,350.2000,350.2500,350.0500,350.0500,800
2015-09-14 11:48:01,350.1000,350.2500,350.1000,350.2000,2100
2015-09-14 11:49:00,350.1000,350.2000,350.1000,350.1000,1900
2015-09-14 11:50:01,350.1500,350.2000,350.1000,350.1000,1300
2015-09-14 11:51:02,350.1000,350.2000,350.1000,350.1500,600
2015-09-14 11:52:59,350.1000,350.1500,350.1000,350.1000,2100
2015-09-14 11:53:01,350.1000,350.2500,350.1000,350.1000,5900
2015-09-14 11:54:02,350.4000,350.4000,350.1000,350.1000,1100
2015-09-14 11:55:00,350.6000,350.6000,350.3000,350.3000,5500
2015-09-14 11:56:00,350.5500,350.6000,350.4500,350.4500,300
2015-09-14 11:57:00,350.4000,350.5500,350.4000,350.5000,4200
2015-09-14 11:58:00,350.3500,350.4500,350.3500,350.4000,2900
2015-09-14 11:59:58,350.4000,350.4500,350.3500,350.3500,4400
2015-09-14 12:00:01,350.3500,350.4500,350.3500,350.4000,3300
2015-09-14 12:01:59,350.4000,350.4000,350.3500,350.3500,5500
2015-09-14 12:02:00,351.1000,351.3500,350.4000,350.4000,4900
2015-09-14 12:03:02,350.9500,351.3500,350.9500,351.1000,7700
2015-09-14 12:04:00,351.0500,351.2000,350.9500,350.9500,5600
2015-09-14 12:05:01,351.0500,351.1500,351.0500,351.0500,1300
2015-09-14 12:06:02,351.0000,351.1000,350.9500,351.0500,4500
2015-09-14 12:07:59,351.0000,351.1000,351.0000,351.0000,1100
2015-09-14 12:08:00,351.0000,351.1000,351.0000,351.0000,2500
2015-09-14 12:09:59,351.0000,351.1000,350.9000,351.0000,10000
2015-09-14 12:10:00,350.9000,351.0500,350.9000,351.0000,4800
2015-09-14 12:11:02,350.1000,351.0000,350.1000,351.0000,11000
2015-09-14 12:12:02,350.2500,350.2500,349.9500,350.0500,800
2015-09-14 12:13:00,350.3500,350.3500,350.2000,350.2000,5400
2015-09-14 12:14:59,350.3500,350.4500,350.2500,350.2500,3600
2015-09-14 12:15:59,350.3500,350.7000,350.2500,350.3500,3000
2015-09-14 12:16:00,350.7000,350.8500,350.3500,350.3500,6200
2015-09-14 12:17:01,350.6500,350.8500,350.6500,350.8500,2000
2015-09-14 12:18:01,350.6500,350.8000,350.6500,350.6500,2800
2015-09-14 12:19:01,350.8500,350.8500,350.4500,350.6000,21900
2015-09-14 12:20:59,350.7500,350.9500,350.5500,350.6500,1900
2015-09-14 12:21:00,351.0500,351.2500,350.7500,350.9500,6000
2015-09-14 12:22:01,351.0000,351.2500,351.0000,351.0500,4800
2015-09-14 12:23:59,351.0000,351.1000,350.9500,351.0000,9300
2015-09-14 12:24:01,351.0500,351.0500,350.9500,351.0000,6200
2015-09-14 12:25:59,351.0500,351.1000,351.0500,351.0500,500
2015-09-14 12:26:01,351.0000,351.1000,350.9500,351.0000,90900
2015-09-14 12:27:01,351.0000,351.0500,351.0000,351.0000,200
2015-09-14 12:28:01,351.0500,351.0500,351.0000,351.0000,2600
2015-09-14 12:29:01,351.0500,351.0500,351.0000,351.0000,1100
2015-09-14 12:30:01,351.0500,351.0500,351.0000,351.0000,1300
2015-09-14 12:31:02,351.2500,351.2500,351.0000,351.0000,5600
2015-09-14 12:32:01,351.2500,351.2500,351.2000,351.2000,1000
2015-09-14 12:33:01,351.2000,351.2500,351.1500,351.2000,4500
2015-09-14 12:34:02,351.2000,351.2000,351.1000,351.1500,2200
2015-09-14 12:35:59,351.2000,351.2000,351.0500,351.0500,7500
2015-09-14 12:36:01,351.0500,351.2000,351.0500,351.0500,3400
2015-09-14 12:37:01,351.0500,351.2000,351.0500,351.0500,3700
2015-09-14 12:38:59,351.1500,351.2000,351.0500,351.0500,1800
2015-09-14 12:39:01,351.1500,351.1500,351.0500,351.0500,1500
2015-09-14 12:40:02,351.1500,351.1500,351.0000,351.0000,800
2015-09-14 12:41:00,351.3000,351.3000,351.1000,351.1500,4700
2015-09-14 12:42:01,351.3000,351.3500,351.1500,351.1500,400
2015-09-14 12:43:01,351.4000,351.4000,351.1500,351.1500,2900
2015-09-14 12:44:01,351.4500,351.5000,351.3500,351.3500,9000
2015-09-14 12:45:01,351.4000,351.4500,351.3500,351.3500,1600
2015-09-14 12:46:02,351.3500,351.5000,351.3500,351.3500,4500
2015-09-14 12:47:02,351.4500,351.5000,351.3500,351.3500,2900
2015-09-14 12:48:02,351.4500,351.6000,351.3500,351.3500,3600
2015-09-14 12:49:01,352.3500,352.4500,351.4500,351.4500,13200
2015-09-14 12:50:01,352.4000,352.4000,352.3000,352.3500,8800
2015-09-14 12:51:01,352.5000,352.5000,352.3500,352.4000,4000
2015-09-14 12:52:02,352.4500,352.5000,352.3500,352.5000,2200
2015-09-14 12:53:02,352.5500,352.7500,352.3000,352.4000,12500
2015-09-14 12:54:02,352.9500,352.9500,352.4500,352.5500,11200
2015-09-14 12:55:01,352.8500,352.9500,352.8000,352.9000,2200
2015-09-14 12:56:01,353.0000,353.0000,352.8000,352.8000,7100
2015-09-14 12:57:00,352.8000,353.0000,352.8000,352.8500,5000
2015-09-14 12:58:02,352.8000,352.8500,352.8000,352.8000,1300
2015-09-14 12:59:00,352.7000,352.8000,352.7000,352.8000,10000
2015-09-14 13:00:01,353.0500,353.1000,352.7000,352.7000,5700
2015-09-14 13:01:01,353.0000,353.1000,352.8000,352.9000,4800
2015-09-14 13:02:01,352.9000,353.1000,352.9000,353.0000,3100
2015-09-14 13:03:01,352.8000,352.9000,352.8000,352.9000,6100
2015-09-14 13:04:02,352.8000,352.9500,352.8000,352.8000,4300
2015-09-14 13:05:01,352.7000,352.9500,352.7000,352.8500,4900
2015-09-14 13:06:01,352.8000,352.9000,352.7000,352.7000,800
2015-09-14 13:07:00,352.4000,352.8000,352.3500,352.8000,4400
2015-09-14 13:08:59,352.4500,352.4500,352.1500,352.2000,6200
2015-09-14 13:09:00,352.7000,352.7000,352.2000,352.2000,6700
2015-09-14 13:10:02,352.8000,352.9000,352.5000,352.5000,3200
2015-09-14 13:11:01,352.7500,352.9000,352.7500,352.8000,4400
2015-09-14 13:12:01,352.7500,352.7500,352.7500,352.7500,900
2015-09-14 13:13:01,352.7500,352.8500,352.7500,352.7500,1600
2015-09-14 13:14:59,353.0000,353.0000,352.7500,352.7500,5800
2015-09-14 13:15:00,353.0000,353.0000,352.9000,353.0000,4100
2015-09-14 13:16:00,353.1000,353.1000,353.0000,353.1000,1200
2015-09-14 13:17:59,353.5500,353.5500,353.0500,353.0500,5700
2015-09-14 13:18:00,353.6500,353.7000,353.4000,353.5500,2700
2015-09-14 13:19:00,353.5500,353.6500,353.5500,353.6500,2300
2015-09-14 13:20:00,353.2000,353.5500,353.2000,353.5500,13200
2015-09-14 13:21:01,353.5500,353.6500,353.2000,353.2000,2200
2015-09-14 13:22:01,353.2500,353.6500,353.2000,353.4500,9400
2015-09-14 13:23:02,353.2000,353.5000,353.2000,353.2000,1700
2015-09-14 13:24:01,352.7000,353.1000,352.7000,353.1000,3000
2015-09-14 13:25:00,353.2500,353.2500,352.2000,352.7000,12700
2015-09-14 13:26:01,352.7000,353.2000,352.7000,353.1000,1900
2015-09-14 13:27:01,352.4500,352.7500,352.4500,352.7500,2500
2015-09-14 13:28:01,352.8500,352.8500,352.4500,352.5000,2500
2015-09-14 13:29:01,353.2000,353.2000,352.7000,352.8000,800
2015-09-14 13:30:02,353.3000,353.3000,353.0500,353.0500,1200
2015-09-14 13:31:01,353.1500,353.1500,353.1000,353.1000,200
2015-09-14 13:32:01,353.3000,353.4000,353.1500,353.1500,3800
2015-09-14 13:33:02,353.0500,353.4500,353.0500,353.2000,6300
2015-09-14 13:34:00,353.0500,353.4500,353.0500,353.1500,6300
2015-09-14 13:35:59,352.0000,353.2000,352.0000,353.0500,25800
2015-09-14 13:36:58,352.0500,352.5500,352.0000,352.0000,5700
2015-09-14 13:37:00,352.0000,352.1000,352.0000,352.0500,6600
2015-09-14 13:38:59,351.5500,352.1000,351.5500,352.0000,24900
2015-09-14 13:39:59,352.5000,352.5000,351.6500,351.8500,17600
2015-09-14 13:40:00,352.6000,352.7500,352.2000,352.2500,4400
2015-09-14 13:41:01,352.7500,352.7500,352.4000,352.4000,2800
2015-09-14 13:42:01,352.7000,352.9500,352.6500,352.6500,4900
2015-09-14 13:43:01,352.6500,352.7000,352.5500,352.7000,3700
2015-09-14 13:44:01,352.5500,352.8500,352.5500,352.5500,900
2015-09-14 13:45:00,352.6000,352.6500,352.4500,352.5000,2800
2015-09-14 13:46:00,352.5500,352.6000,352.4500,352.6000,900
2015-09-14 13:47:01,352.4500,352.6000,352.4500,352.5500,1800
2015-09-14 13:48:00,352.5000,352.6500,352.4500,352.6500,2700
2015-09-14 13:49:01,352.7000,352.7000,352.5000,352.5000,800
2015-09-14 13:50:01,352.4500,352.7000,352.4500,352.5000,2300
2015-09-14 13:51:01,352.5000,352.5000,352.3000,352.4000,6400
2015-09-14 13:52:59,352.4000,352.5000,352.3000,352.5000,2100
2015-09-14 13:53:01,352.4000,352.4000,352.3000,352.3000,2000
2015-09-14 13:54:01,352.5000,352.5000,352.3000,352.3000,900
2015-09-14 13:55:59,352.4000,352.5500,352.3000,352.3500,1500
2015-09-14 13:56:00,352.4000,352.4000,352.3000,352.4000,700
2015-09-14 13:57:00,352.4000,352.5500,352.3500,352.4000,1200
2015-09-14 13:58:02,352.5000,352.5000,352.3500,352.3500,900
2015-09-14 13:59:09,352.3500,352.5000,352.3500,352.5000,2600
2015-09-14 14:00:02,352.3000,352.4000,352.3000,352.3500,5400
2015-09-14 14:01:02,352.2500,352.4000,352.2500,352.3000,1000
2015-09-14 14:02:02,352.4000,352.5000,352.2500,352.2500,2200
2015-09-14 14:03:02,352.3000,352.4000,352.2500,352.4000,500
2015-09-14 14:04:02,352.3000,352.4000,352.3000,352.3000,1000
2015-09-14 14:05:02,352.3500,352.4500,352.3000,352.3000,1600
2015-09-14 14:06:01,352.9500,352.9500,352.4500,352.4500,3900
2015-09-14 14:07:01,353.2000,353.3000,352.9000,352.9000,2300
2015-09-14 14:08:01,353.4500,353.5000,353.2000,353.2000,3400
2015-09-14 14:09:00,353.4000,353.4500,353.4000,353.4000,4300
2015-09-14 14:10:01,353.3000,353.5000,353.3000,353.4000,2400
2015-09-14 14:11:01,353.3000,353.3500,353.3000,353.3000,500
2015-09-14 14:12:02,353.1000,353.3500,353.1000,353.3000,4900
2015-09-14 14:13:02,352.8000,353.0500,352.7500,352.9500,6600
2015-09-14 14:14:00,353.0000,353.0000,352.7500,352.8500,2600
2015-09-14 14:15:01,353.0500,353.1000,352.8500,353.0000,6400
2015-09-14 14:16:01,353.2500,353.2500,352.8000,353.0500,2000
2015-09-14 14:17:01,353.0000,353.0000,352.8000,352.9000,1600
2015-09-14 14:18:55,352.8000,352.8000,352.8000,352.8000,200
2015-09-14 14:19:59,353.0500,353.0500,352.7500,352.8000,2200
2015-09-14 14:20:00,352.9500,353.0000,352.8000,352.8500,700
2015-09-14 14:21:02,353.0000,353.0000,352.9500,352.9500,2200
2015-09-14 14:22:02,353.0500,353.2500,353.0000,353.0000,2400
2015-09-14 14:23:01,353.0000,353.1000,352.8000,352.9500,2200
2015-09-14 14:24:02,353.2000,353.2000,352.7500,352.8500,2800
2015-09-14 14:25:11,353.1000,353.2500,352.9000,352.9000,2100
2015-09-14 14:26:01,353.2000,353.2500,352.9000,353.2500,3700
2015-09-14 14:27:02,352.9500,353.1000,352.9500,352.9500,900
2015-09-14 14:28:01,353.2000,353.2000,352.9000,352.9500,4300
2015-09-14 14:29:02,353.1500,353.1500,352.9500,352.9500,1200
2015-09-14 14:30:59,353.0000,353.2500,352.9000,352.9500,6900
2015-09-14 14:31:59,353.2000,353.2000,352.9000,353.0000,3100
2015-09-14 14:32:00,353.2000,353.2000,353.0500,353.2000,1000
2015-09-14 14:33:02,353.2000,353.2000,353.0000,353.0000,1000
2015-09-14 14:34:59,353.2500,353.2500,353.0000,353.0000,3400
2015-09-14 14:35:00,353.0500,353.3000,353.0500,353.2500,1200
2015-09-14 14:36:01,353.3000,353.3000,353.0000,353.1000,1300
2015-09-14 14:37:01,353.4000,353.5000,353.1500,353.3000,3000
2015-09-14 14:38:59,353.4000,353.5000,353.1000,353.4000,1800
2015-09-14 14:39:00,353.4500,353.4500,353.2000,353.4000,1300
2015-09-14 14:40:02,353.0000,353.4500,353.0000,353.2000,3800
2015-09-14 14:41:01,352.8500,353.2000,352.8500,353.0000,3000
2015-09-14 14:42:59,353.3000,353.4000,352.8000,352.8000,2100
2015-09-14 14:43:59,353.0500,353.3000,353.0000,353.3000,7200
2015-09-14 14:44:00,353.5000,353.5000,353.0000,353.3000,3100
2015-09-14 14:45:01,353.6500,353.7500,353.3000,353.3000,6500
2015-09-14 14:46:01,354.5000,354.6000,353.3500,353.3500,17200
2015-09-14 14:47:00,354.4000,354.7000,353.7500,354.7000,8700
2015-09-14 14:48:00,354.0500,354.3500,353.8500,354.3500,3400
2015-09-14 14:49:59,354.0500,354.3000,353.9000,354.0500,8800
2015-09-14 14:50:59,354.2500,354.2500,353.9500,353.9500,10800
2015-09-14 14:51:00,354.0000,354.2000,353.7000,354.1500,6500
2015-09-14 14:52:01,354.2000,354.2000,353.8000,353.8000,4000
2015-09-14 14:53:59,354.4000,354.7000,354.0000,354.1500,11200
2015-09-14 14:54:00,354.5500,354.7000,354.3000,354.6500,9900
2015-09-14 14:55:58,354.0000,354.4000,354.0000,354.2000,6200
2015-09-14 14:56:00,354.2500,354.2500,353.8000,354.2500,11900
2015-09-14 14:57:59,354.0000,354.2000,353.8000,354.0000,7000
2015-09-14 14:58:00,354.0000,354.1500,353.8500,353.8500,11400
2015-09-14 14:59:01,354.3500,354.4000,354.0000,354.0000,7900
2015-09-14 15:00:01,354.2000,354.4000,354.0500,354.3000,31100
2015-09-14 15:01:01,354.4500,354.4500,354.0500,354.0500,9300
2015-09-14 15:02:00,354.4500,354.5000,354.3500,354.3500,22800
2015-09-14 15:03:01,354.3000,354.4000,354.2000,354.3000,12200
2015-09-14 15:04:59,354.4000,354.4000,354.2000,354.2000,15200
2015-09-14 15:05:00,353.8000,354.4000,353.7000,354.2500,51600
2015-09-14 15:06:01,354.0000,354.0000,353.7500,353.7500,37500
2015-09-14 15:07:01,354.0000,354.0500,353.8500,353.8500,19700
2015-09-14 15:08:01,353.8000,354.0000,353.8000,353.9000,28200
2015-09-14 15:09:01,353.8500,354.1000,353.7000,353.7500,33300
2015-09-14 15:10:00,354.1000,354.1000,353.8500,354.1000,21300
2015-09-14 15:11:00,353.8000,354.0000,353.8000,354.0000,27300
2015-09-14 15:12:59,353.7000,353.9500,353.7000,353.8000,24400
2015-09-14 15:13:01,353.9000,354.1000,353.7000,353.7000,23600
2015-09-14 15:14:01,354.5000,354.5000,353.9000,353.9000,21800
2015-09-14 15:15:01,354.5000,354.8000,354.3000,354.3000,32600
2015-09-14 15:16:02,354.4000,354.7500,354.3500,354.3500,24500
2015-09-14 15:17:59,354.8500,355.0000,354.4500,354.5500,19600
2015-09-14 15:18:00,354.4000,355.0000,354.4000,354.8500,33100
2015-09-14 15:19:59,354.0500,354.5000,354.0000,354.4000,18700
2015-09-14 15:20:00,354.1000,354.2000,353.9000,354.0000,36000
2015-09-14 15:21:00,354.2000,354.2000,354.0500,354.1000,11500
2015-09-14 15:22:59,354.3000,354.4000,354.1500,354.2000,17700
2015-09-14 15:23:59,354.4500,354.5000,354.3500,354.3500,19200
2015-09-14 15:24:00,354.4000,354.4500,354.3000,354.4000,17200
2015-09-14 15:25:59,354.3000,354.4000,354.2500,354.3000,18500
2015-09-14 15:26:00,354.0500,354.3000,354.0000,354.3000,42900
2015-09-14 15:27:00,354.2000,354.4500,354.0000,354.0000,14700
2015-09-14 15:28:59,354.0500,354.2000,354.0000,354.2000,13400
2015-09-14 15:29:00,354.0500,354.0500,354.0500,354.0500,0
2015-09-15 09:15:59,351.1500,354.0000,350.2500,353.9500,18400
2015-09-15 09:16:00,351.6500,351.6500,350.5500,351.0500,8900
2015-09-15 09:17:00,352.4000,352.4000,351.6000,351.6000,6900
2015-09-15 09:18:59,352.4000,352.4000,351.9500,352.2500,8500
2015-09-15 09:19:00,352.2000,352.7000,352.1500,352.1500,3700
2015-09-15 09:20:59,352.0000,352.5500,352.0000,352.4500,7200
2015-09-15 09:21:00,352.2500,352.7000,352.0000,352.3000,7500
2015-09-15 09:22:59,352.9500,353.0000,352.2500,352.3000,3000
2015-09-15 09:23:59,352.1500,353.3000,352.0500,353.0000,5400
2015-09-15 09:24:59,352.0500,353.1500,352.0000,352.1000,13000
2015-09-15 09:25:00,352.3000,352.3000,351.0000,352.0000,10100
2015-09-15 09:26:00,352.1500,352.6500,351.7500,352.5000,2500
2015-09-15 09:27:01,351.4500,352.4000,351.0500,352.3000,7800
2015-09-15 09:28:01,352.0000,352.0000,351.3000,351.4500,4100
2015-09-15 09:29:00,351.8500,352.0000,351.5500,351.8500,1800
2015-09-15 09:30:05,351.9500,352.1000,351.5500,351.5500,700
2015-09-15 09:31:04,351.5500,352.5000,351.3000,351.9500,7200
2015-09-15 09:32:01,351.2000,351.4000,351.1000,351.3000,1500
2015-09-15 09:33:59,351.2500,351.4000,351.1500,351.4000,1400
2015-09-15 09:34:00,350.7000,351.3000,350.7000,351.2500,2700
2015-09-15 09:35:02,350.8500,351.0000,350.5500,350.5500,2700
2015-09-15 09:36:02,350.8500,351.0000,350.7000,350.8000,1200
2015-09-15 09:37:04,350.7000,350.8500,350.5000,350.7000,4700
2015-09-15 09:38:59,350.8000,350.8000,350.6500,350.8000,800
2015-09-15 09:39:58,350.5500,350.9500,350.5500,350.9500,6600
2015-09-15 09:40:58,350.0000,350.2000,349.7000,350.2000,8500
2015-09-15 09:41:00,350.7500,350.8000,350.0000,350.0000,7500
2015-09-15 09:42:02,350.1500,350.7500,350.0000,350.7500,3400
2015-09-15 09:43:02,349.9000,350.1500,349.8000,350.1000,4400
2015-09-15 09:44:01,350.3500,350.9000,350.0000,350.0500,11200
2015-09-15 09:45:01,350.7500,351.0000,350.1500,350.5000,3500
2015-09-15 09:46:01,350.8500,351.5000,350.5500,350.9500,9300
2015-09-15 09:47:02,351.2000,351.2000,350.5000,350.8000,5300
2015-09-15 09:48:03,350.7000,351.5000,350.7000,350.8500,5300
2015-09-15 09:49:01,351.2000,351.4000,350.5500,351.0000,4200
2015-09-15 09:50:00,351.3500,351.3500,351.0500,351.0500,2000
2015-09-15 09:51:00,351.6500,351.6500,351.2000,351.2500,1900
2015-09-15 09:52:00,351.4000,351.6500,351.3000,351.6500,1500
2015-09-15 09:53:03,351.1500,351.4000,351.0500,351.4000,3100
2015-09-15 09:54:00,350.9000,351.3000,350.9000,351.3000,900
2015-09-15 09:55:03,350.9500,351.2000,350.7500,350.7500,1400
2015-09-15 09:56:00,350.8000,351.1000,350.8000,351.0000,1400
2015-09-15 09:57:00,350.7000,351.2500,350.7000,351.0000,2200
2015-09-15 09:58:00,350.7000,351.2000,350.5000,350.9500,8300
2015-09-15 09:59:02,350.6000,350.9500,350.6000,350.9500,300
2015-09-15 10:00:03,350.6000,350.9000,350.5000,350.6000,800
2015-09-15 10:01:00,351.2000,351.2000,350.6000,350.9000,1900
2015-09-15 10:02:01,350.8000,351.2000,350.5500,351.0000,600
2015-09-15 10:03:02,350.8000,351.0500,350.5500,350.8000,600
2015-09-15 10:04:58,351.3000,351.3000,350.7000,351.0000,2000
2015-09-15 10:05:00,351.6500,352.4500,351.0000,351.4000,5600
2015-09-15 10:06:00,351.4000,351.9000,351.0500,351.4000,5200
2015-09-15 10:07:01,351.5000,351.7000,351.3500,351.4000,600
2015-09-15 10:08:58,351.6000,351.6000,351.4000,351.4000,700
2015-09-15 10:09:01,351.2500,351.6000,351.2000,351.6000,2300
2015-09-15 10:10:56,351.0000,351.3500,351.0000,351.1000,1400
2015-09-15 10:11:02,350.9000,351.2000,350.9000,351.0000,1900
2015-09-15 10:12:03,350.7000,350.9000,350.5500,350.8000,1200
2015-09-15 10:13:03,350.9500,351.2500,350.7000,350.7000,2000
2015-09-15 10:14:02,351.4000,351.4000,350.9500,351.2500,800
2015-09-15 10:15:03,351.1500,351.3000,351.0500,351.2500,500
2015-09-15 10:16:03,351.0000,351.1500,351.0000,351.1500,300
2015-09-15 10:17:00,351.0000,351.1000,351.0000,351.1000,900
2015-09-15 10:18:02,350.8500,351.0500,350.7000,351.0000,1000
2015-09-15 10:19:03,351.1000,351.2000,350.7000,350.8500,700
2015-09-15 10:20:01,351.3000,351.3000,350.8500,351.1000,1200
2015-09-15 10:21:01,351.1000,351.3000,351.0500,351.3000,200
2015-09-15 10:22:00,350.8000,351.0000,350.5500,351.0000,1700
2015-09-15 10:23:02,350.7000,350.8500,350.6000,350.8500,1300
2015-09-15 10:24:03,350.8000,350.9500,350.6000,350.8500,2900
2015-09-15 10:25:01,351.1000,351.2000,350.8000,350.9500,1900
2015-09-15 10:26:00,351.2000,351.4000,351.1000,351.1000,1300
2015-09-15 10:27:59,352.0000,352.0000,351.3000,351.3500,2400
2015-09-15 10:28:00,351.6500,352.0500,351.4000,351.9500,3000
2015-09-15 10:29:01,351.9000,352.0000,351.6500,351.7000,2700
2015-09-15 10:30:03,351.8000,351.8500,351.7500,351.8500,400
2015-09-15 10:31:02,352.2500,352.3000,351.8500,351.9000,4900
2015-09-15 10:32:03,352.1500,352.4000,352.0500,352.2000,2700
2015-09-15 10:33:03,352.1000,352.5000,352.1000,352.2000,3700
2015-09-15 10:34:59,352.6500,352.6500,352.2000,352.4500,6100
2015-09-15 10:35:00,352.7500,352.9000,352.5000,352.6500,4100
2015-09-15 10:36:59,352.5500,352.9000,352.5000,352.8000,2400
2015-09-15 10:37:01,352.5000,352.7500,352.2500,352.6000,4200
2015-09-15 10:38:00,352.7500,352.7500,352.5000,352.5500,1100
2015-09-15 10:39:01,352.5500,352.7500,352.4000,352.7500,3400
2015-09-15 10:40:04,352.6000,352.7000,352.4000,352.6000,4200
2015-09-15 10:41:02,352.6000,352.6500,352.3000,352.6500,1600
2015-09-15 10:42:01,352.0000,352.6000,352.0000,352.6000,2900
2015-09-15 10:43:01,352.4500,352.5000,352.2000,352.2000,1700
2015-09-15 10:44:03,352.2000,352.5000,352.0500,352.4500,3200
2015-09-15 10:45:03,352.3000,352.3500,352.3000,352.3000,800
2015-09-15 10:46:03,352.3000,352.3000,352.2000,352.2000,2200
2015-09-15 10:47:02,352.3000,352.3000,352.0500,352.2500,1700
2015-09-15 10:48:01,352.3500,352.7000,352.2000,352.3000,3200
2015-09-15 10:49:03,352.2000,352.3500,352.0000,352.2500,900
2015-09-15 10:50:03,352.1000,352.2500,352.1000,352.2000,500
2015-09-15 10:51:00,352.3000,352.4000,352.1000,352.1500,1400
2015-09-15 10:52:03,352.0500,352.3000,352.0500,352.2500,2400
2015-09-15 10:53:01,352.6000,352.6000,352.0000,352.2500,1300
2015-09-15 10:54:01,352.6000,352.6500,352.2500,352.4000,201100
2015-09-15 10:55:01,352.5000,352.7000,352.5000,352.7000,2200
2015-09-15 10:56:01,352.5500,352.7000,352.4500,352.6000,1000
2015-09-15 10:57:03,352.3000,352.4500,352.0500,352.4500,1900
2015-09-15 10:58:00,352.6000,352.6000,352.2500,352.2500,800
2015-09-15 10:59:00,352.4500,352.7000,352.3000,352.6500,2400
2015-09-15 11:00:00,352.5000,352.7000,352.4000,352.4500,500
2015-09-15 11:01:01,352.5500,352.6000,352.3000,352.6000,600
2015-09-15 11:02:59,352.4500,352.7000,352.3500,352.4000,1200
2015-09-15 11:03:00,352.6000,352.7000,352.3000,352.4500,700
2015-09-15 11:04:02,352.5000,352.6000,352.2500,352.6000,800
2015-09-15 11:05:00,352.6000,352.6500,352.3000,352.5000,800
2015-09-15 11:06:03,352.5000,352.7000,352.5000,352.6000,1700
2015-09-15 11:07:01,352.4500,352.6500,352.2500,352.5000,2000
2015-09-15 11:08:02,352.5500,352.7000,352.2500,352.4500,1700
2015-09-15 11:09:01,352.3000,352.6000,352.2500,352.6000,1900
2015-09-15 11:10:03,352.3500,352.5500,352.2500,352.3500,1100
2015-09-15 11:11:02,352.4500,352.5000,352.2500,352.3500,1000
2015-09-15 11:12:02,352.2500,352.6500,352.2500,352.2500,3800
2015-09-15 11:13:04,352.2500,352.4000,352.0000,352.4000,2400
2015-09-15 11:14:03,352.2000,352.2500,352.0000,352.2500,500
2015-09-15 11:15:01,352.0000,352.2000,352.0000,352.0000,1300
2015-09-15 11:16:00,352.1500,352.2000,352.0000,352.2000,800
2015-09-15 11:17:01,352.0500,352.2000,352.0500,352.1000,1500
2015-09-15 11:18:59,352.2000,352.3500,352.0000,352.1500,1700
2015-09-15 11:19:00,352.0000,352.2000,352.0000,352.0000,1200
2015-09-15 11:20:01,352.0000,352.2000,352.0000,352.1000,2000
2015-09-15 11:21:58,350.5500,352.0000,350.4000,352.0000,14300
2015-09-15 11:22:00,351.6000,351.6000,350.5500,350.5500,2500
2015-09-15 11:23:02,350.8500,351.8000,350.8500,351.5500,2800
2015-09-15 11:24:01,350.9000,351.3500,350.6000,350.7000,10600
2015-09-15 11:25:00,350.2500,350.7500,350.1000,350.7500,10100
2015-09-15 11:26:01,350.4500,350.6000,350.1500,350.1500,1200
2015-09-15 11:27:01,350.4000,350.5500,350.1000,350.3000,2400
2015-09-15 11:28:01,350.3000,350.5500,350.2500,350.3000,500
2015-09-15 11:29:01,350.4000,350.5000,350.2500,350.3000,900
2015-09-15 11:30:00,350.2500,350.6500,350.2500,350.5000,4000
2015-09-15 11:31:00,350.4000,350.4500,350.2000,350.3000,2400
2015-09-15 11:32:01,349.5000,350.4000,349.3500,350.3000,15400
2015-09-15 11:33:59,349.1500,349.4500,349.0000,349.4000,6800
2015-09-15 11:34:01,349.7500,349.7500,349.0500,349.1000,8600
2015-09-15 11:35:59,349.9000,349.9500,349.7000,349.7000,2100
2015-09-15 11:36:00,350.0000,350.0000,349.7500,349.9000,1600
2015-09-15 11:37:00,350.1500,350.3000,350.0500,350.1000,10400
2015-09-15 11:38:01,350.1500,350.4000,350.1000,350.1000,1200
2015-09-15 11:39:01,350.0500,350.2500,350.0000,350.0000,300
2015-09-15 11:40:01,350.0000,350.2000,350.0000,350.0500,6500
2015-09-15 11:41:01,350.3000,350.3000,350.0000,350.0000,700
2015-09-15 11:42:01,350.0000,350.3000,350.0000,350.0500,5400
2015-09-15 11:43:59,350.0500,350.2000,350.0000,350.1000,2200
2015-09-15 11:44:00,350.2000,350.2000,350.0000,350.0000,8700
2015-09-15 11:45:00,349.8500,350.1000,349.8500,350.0000,4400
2015-09-15 11:46:01,350.2000,350.2000,349.8000,349.8000,2500
2015-09-15 11:47:01,350.2000,350.4000,350.0000,350.0000,1500
2015-09-15 11:48:01,350.4000,350.4500,350.1500,350.2000,2100
2015-09-15 11:49:01,350.4500,350.5000,350.2500,350.2500,1900
2015-09-15 11:50:01,350.3500,350.5500,350.3500,350.4000,900
2015-09-15 11:51:02,350.5000,350.5500,350.3500,350.3500,100
2015-09-15 11:52:01,350.4500,350.5000,350.3500,350.4000,1900
2015-09-15 11:53:01,350.4000,350.5000,350.4000,350.4000,2100
2015-09-15 11:54:01,350.2500,350.5500,350.2500,350.4000,6100
2015-09-15 11:55:01,350.4000,350.4000,350.3000,350.3000,200
2015-09-15 11:56:57,350.3000,350.4000,350.3000,350.3000,500
2015-09-15 11:57:02,350.3000,350.4000,350.3000,350.3000,6300
2015-09-15 11:58:53,350.3000,350.3500,350.3000,350.3500,200
2015-09-15 11:59:00,350.3000,350.6000,350.3000,350.6000,1700
2015-09-15 12:00:53,350.3000,350.5000,350.3000,350.3000,400
2015-09-15 12:01:59,350.5000,350.5000,350.3000,350.3000,400
2015-09-15 12:02:01,350.3000,350.4500,350.3000,350.3000,1500
2015-09-15 12:03:02,350.8000,350.8000,350.3000,350.3000,1500
2015-09-15 12:04:01,350.6500,350.7500,350.3500,350.6000,700
2015-09-15 12:05:01,350.5500,350.9500,350.5000,350.6500,1900
2015-09-15 12:06:01,350.4000,350.8500,350.4000,350.5500,8900
2015-09-15 12:07:01,350.6500,350.6500,350.4000,350.4000,1600
2015-09-15 12:08:02,350.5500,350.7000,350.4500,350.4500,400
2015-09-15 12:09:01,350.7000,350.7500,350.5000,350.5500,300
2015-09-15 12:10:00,350.5000,350.7000,350.5000,350.7000,600
2015-09-15 12:11:01,350.7500,350.8500,350.5000,350.5000,1000
2015-09-15 12:12:01,350.8500,350.9000,350.6000,350.6500,6100
2015-09-15 12:13:00,350.9500,350.9500,350.8000,350.8000,500
2015-09-15 12:14:01,350.8000,350.9000,350.8000,350.8000,300
2015-09-15 12:15:01,351.0000,351.1000,350.8000,350.8000,3700
2015-09-15 12:16:00,350.9500,351.2000,350.9000,351.1000,900
2015-09-15 12:17:02,350.9000,351.2000,350.9000,351.0000,5700
2015-09-15 12:18:01,351.0000,351.1500,350.9000,350.9000,800
2015-09-15 12:19:01,351.1500,351.1500,351.0000,351.0000,300
2015-09-15 12:20:00,350.9500,351.1500,350.9500,351.0000,1500
2015-09-15 12:21:01,350.9000,351.1000,350.9000,351.0000,4600
2015-09-15 12:22:02,350.9000,351.1500,350.9000,350.9500,5600
2015-09-15 12:23:01,350.9000,351.1000,350.9000,350.9000,600
2015-09-15 12:24:01,350.9000,351.1000,350.9000,350.9000,3700
2015-09-15 12:25:01,350.9000,351.0000,350.9000,350.9000,300
2015-09-15 12:26:01,350.9500,351.1000,350.9000,350.9000,1500
2015-09-15 12:27:02,350.9000,351.1000,350.9000,350.9500,300
2015-09-15 12:28:01,350.9000,351.1000,350.9000,350.9000,1100
2015-09-15 12:29:00,351.1000,351.3000,350.9000,351.1000,2700
2015-09-15 12:30:01,351.0500,351.3000,351.0000,351.1000,600
2015-09-15 12:31:00,351.1000,351.2500,351.0000,351.1500,800
2015-09-15 12:32:01,351.2000,351.4000,351.0000,351.1000,1400
2015-09-15 12:33:00,351.0500,351.4000,351.0000,351.2000,500
2015-09-15 12:34:01,351.1000,351.3000,351.0000,351.0500,700
2015-09-15 12:35:01,351.1000,351.3000,351.1000,351.1000,600
2015-09-15 12:36:01,351.3000,351.4000,351.1000,351.2500,500
2015-09-15 12:37:01,351.5500,351.5500,351.3000,351.3000,1200
2015-09-15 12:38:01,351.3500,351.6000,351.3000,351.5000,1900
2015-09-15 12:39:58,351.4500,351.6500,351.3500,351.3500,700
2015-09-15 12:40:00,351.4000,351.7500,351.3500,351.6500,5000
2015-09-15 12:41:02,351.3000,351.6000,351.0500,351.6000,1000
2015-09-15 12:42:01,351.1000,351.5000,351.1000,351.3000,1600
2015-09-15 12:43:01,351.1000,352.0000,351.1000,351.2500,7100
2015-09-15 12:44:01,351.0500,351.4500,351.0000,351.1500,8000
2015-09-15 12:45:59,351.0500,351.2000,351.0000,351.0000,1200
2015-09-15 12:46:08,351.0000,351.0500,350.9000,351.0000,3000
2015-09-15 12:47:01,351.3000,351.3000,351.0000,351.0000,600
2015-09-15 12:48:00,351.0000,351.4500,351.0000,351.3000,700
2015-09-15 12:49:01,351.0500,351.2500,351.0000,351.0000,1000
2015-09-15 12:50:59,351.0000,351.2500,351.0000,351.0500,700
2015-09-15 12:51:58,351.0500,351.2500,351.0000,351.0000,600
2015-09-15 12:52:59,351.0500,351.2500,351.0500,351.2000,800
2015-09-15 12:53:01,351.0500,351.2000,351.0500,351.0500,1700
2015-09-15 12:54:59,351.0000,351.1000,350.9000,351.0000,4400
2015-09-15 12:55:00,351.0000,351.1000,351.0000,351.0000,1400
2015-09-15 12:56:59,351.0000,351.1500,351.0000,351.0000,2300
2015-09-15 12:57:59,351.0000,351.1500,351.0000,351.0000,900
2015-09-15 12:58:59,351.0000,351.1500,351.0000,351.1500,2300
2015-09-15 12:59:01,351.0000,351.1500,351.0000,351.0000,1300
2015-09-15 13:00:59,350.9500,351.1500,350.9500,351.0000,4200
2015-09-15 13:01:00,350.6000,351.2000,350.6000,350.9500,3700
2015-09-15 13:02:02,350.3500,350.7000,350.3500,350.6000,1500
2015-09-15 13:03:59,350.0000,350.6000,350.0000,350.3500,5700
2015-09-15 13:04:59,350.0500,350.3500,350.0000,350.0000,1000
2015-09-15 13:05:00,350.0000,350.3000,350.0000,350.0500,4500
2015-09-15 13:06:59,350.1000,350.3500,350.0000,350.0000,1500
2015-09-15 13:07:00,350.0500,350.3000,350.0000,350.0000,1500
2015-09-15 13:08:00,350.0000,350.3000,350.0000,350.0000,3200
2015-09-15 13:09:01,350.3000,350.3500,350.0000,350.0000,3300
2015-09-15 13:10:59,350.5500,350.7000,350.3000,350.3000,5100
2015-09-15 13:11:59,350.6500,350.7000,350.5000,350.5000,9200
2015-09-15 13:12:59,350.8000,351.0000,350.6500,350.7000,8500
2015-09-15 13:13:00,351.0000,351.4500,350.6500,350.6500,5100
2015-09-15 13:14:59,351.0000,351.2500,350.7500,351.0000,2600
2015-09-15 13:15:00,351.0000,351.2500,351.0000,351.2500,1000
2015-09-15 13:16:59,351.0000,351.2000,351.0000,351.0000,1700
2015-09-15 13:17:59,351.0000,351.2000,351.0000,351.0000,2100
2015-09-15 13:18:00,351.0000,351.2000,350.9500,351.0000,5700
2015-09-15 13:19:59,351.0000,351.1500,350.9500,351.0000,3000
2015-09-15 13:20:00,351.0000,351.4000,350.9500,351.0000,5200
2015-09-15 13:21:01,351.0000,351.2000,351.0000,351.0000,1000
2015-09-15 13:22:59,351.0000,351.2000,350.9000,351.0000,4200
2015-09-15 13:23:00,351.0000,351.4000,351.0000,351.0000,1900
2015-09-15 13:24:59,350.9000,351.2000,350.9000,351.0000,1500
2015-09-15 13:25:01,350.9000,351.2000,350.9000,350.9000,6600
2015-09-15 13:26:01,350.9000,351.0500,350.9000,350.9000,1100
2015-09-15 13:27:59,350.8000,351.0000,350.4500,350.9500,20600
2015-09-15 13:28:59,350.5500,350.8000,350.5500,350.8000,1300
2015-09-15 13:29:59,350.2500,350.7000,350.2500,350.5500,2100
2015-09-15 13:30:00,350.3000,350.5000,350.2000,350.2000,1100
2015-09-15 13:31:02,350.2000,350.3000,350.0500,350.3000,2700
2015-09-15 13:32:01,350.1500,350.3500,350.0000,350.3500,2700
2015-09-15 13:33:01,350.1500,350.2500,350.1000,350.1000,700
2015-09-15 13:34:00,350.1500,350.2500,350.1000,350.1500,1300
2015-09-15 13:35:01,350.1000,350.2000,350.1000,350.1500,4100
2015-09-15 13:36:01,350.2000,350.2000,350.1000,350.1000,3200
2015-09-15 13:37:02,350.2000,350.3000,350.2000,350.2000,3000
2015-09-15 13:38:02,350.2500,350.3500,350.2000,350.2000,500
2015-09-15 13:39:01,350.2500,350.3500,350.2500,350.3500,600
2015-09-15 13:40:01,350.3000,350.5000,350.2500,350.2500,700
2015-09-15 13:41:01,350.9000,350.9000,350.3000,350.3000,2500
2015-09-15 13:42:01,350.7500,351.1000,350.7500,350.9000,5500
2015-09-15 13:43:01,350.4000,351.0000,350.3500,350.5500,22800
2015-09-15 13:44:01,350.8000,351.0000,350.4000,350.4000,10300
2015-09-15 13:45:01,350.6500,351.0000,350.6500,350.8000,6900
2015-09-15 13:46:01,351.0000,351.1000,350.6500,350.6500,6400
2015-09-15 13:47:00,350.8500,351.0500,350.8500,351.0000,1900
2015-09-15 13:48:59,351.3000,351.3500,350.8500,350.8500,15900
2015-09-15 13:49:01,351.0000,351.2500,351.0000,351.0000,1100
2015-09-15 13:50:01,351.0000,351.2000,351.0000,351.0000,700
2015-09-15 13:51:01,350.6500,351.1000,350.6500,351.0000,2000
2015-09-15 13:52:01,350.8000,351.0000,350.5500,350.5500,3300
2015-09-15 13:53:01,350.8500,351.2000,350.8000,350.8000,2900
2015-09-15 13:54:01,350.7500,351.2000,350.5000,350.8500,5700
2015-09-15 13:55:01,350.1000,350.4000,350.1000,350.3500,5100
2015-09-15 13:56:02,350.1500,350.5000,350.0000,350.1500,1600
2015-09-15 13:57:01,350.0000,350.0500,350.0000,350.0000,5900
2015-09-15 13:58:00,350.1500,350.2000,350.0000,350.2000,3800
2015-09-15 13:59:01,350.0500,350.2000,350.0000,350.0500,2200
2015-09-15 14:00:01,350.0000,350.2000,349.5500,350.0000,20300
2015-09-15 14:01:02,350.3000,350.6000,350.0000,350.2000,5100
2015-09-15 14:02:02,350.3500,350.3500,350.1000,350.2500,4700
2015-09-15 14:03:59,350.2500,350.3500,350.0500,350.3500,1500
2015-09-15 14:04:00,350.5000,350.5000,350.0500,350.1000,5800
2015-09-15 14:05:01,350.3500,350.5000,350.1000,350.3500,2400
2015-09-15 14:06:01,350.4500,350.4500,350.1000,350.1000,2900
2015-09-15 14:07:01,350.3500,350.6000,350.2000,350.2500,3200
2015-09-15 14:08:01,350.0500,350.5500,350.0500,350.3500,1800
2015-09-15 14:09:01,350.3000,350.4000,350.0000,350.4000,3800
2015-09-15 14:10:00,350.0000,350.3000,350.0000,350.0500,4700
2015-09-15 14:11:02,350.3000,350.3000,350.0000,350.0000,1700
2015-09-15 14:12:02,350.3000,350.4500,350.1000,350.1000,1100
2015-09-15 14:13:00,350.3500,350.4500,350.1000,350.3000,4900
2015-09-15 14:14:02,350.0500,350.3500,350.0500,350.2000,2200
2015-09-15 14:15:02,350.0500,350.2000,350.0000,350.0000,16000
2015-09-15 14:16:01,350.2000,350.2000,349.7500,350.0000,15300
2015-09-15 14:17:57,350.3000,350.3000,350.0500,350.0500,1900
2015-09-15 14:18:00,350.8500,351.1500,350.2000,350.3000,7400
2015-09-15 14:19:00,350.6500,350.8000,350.0000,350.6500,48700
2015-09-15 14:20:01,350.5500,351.0000,350.0000,350.3500,22100
2015-09-15 14:21:01,351.2000,351.2500,350.4000,350.4000,6900
2015-09-15 14:22:01,350.8500,351.0500,350.5000,351.0500,2200
2015-09-15 14:23:01,350.9000,351.2000,350.6000,350.6000,1800
2015-09-15 14:24:01,350.6000,351.1000,350.5000,350.9000,2500
2015-09-15 14:25:00,350.5000,350.7000,350.1000,350.5000,6500
2015-09-15 14:26:59,350.3000,350.5500,350.2000,350.3000,1200
2015-09-15 14:27:01,350.7000,350.7000,350.2000,350.2000,2200
2015-09-15 14:28:01,350.5500,350.7000,350.3500,350.4500,1300
2015-09-15 14:29:00,350.2500,350.6500,350.1500,350.5000,3200
2015-09-15 14:30:00,350.3500,350.4000,350.1500,350.2500,4100
2015-09-15 14:31:00,350.2500,350.3500,350.0500,350.2000,2100
2015-09-15 14:32:00,350.2000,350.3500,350.0000,350.2500,4100
2015-09-15 14:33:00,350.3000,350.4000,350.0000,350.0000,3500
2015-09-15 14:34:00,350.7000,350.7000,350.2500,350.2500,3400
2015-09-15 14:35:01,350.5000,350.8000,350.5000,350.5000,10100
2015-09-15 14:36:01,350.3500,350.6500,350.1000,350.5000,9900
2015-09-15 14:37:01,350.3000,350.3000,349.7000,350.1000,50300
2015-09-15 14:38:01,350.1500,350.3000,350.1000,350.1000,2500
2015-09-15 14:39:01,350.6500,350.9000,350.1000,350.6500,7200
2015-09-15 14:40:01,351.3500,351.6500,350.7000,350.9000,6000
2015-09-15 14:41:56,351.6500,351.7000,351.1500,351.1500,6300
2015-09-15 14:42:02,351.2500,351.6500,351.0500,351.6500,6800
2015-09-15 14:43:04,351.2500,351.6500,351.1500,351.2500,6100
2015-09-15 14:44:58,351.1500,351.5000,351.1000,351.5000,7200
2015-09-15 14:45:00,350.6500,351.3500,350.5000,351.0000,11100
2015-09-15 14:46:01,351.1500,351.4000,350.6000,350.6500,10700
2015-09-15 14:47:02,351.3000,351.5000,351.1000,351.1000,4300
2015-09-15 14:48:00,351.5000,351.6500,351.0500,351.3500,4400
2015-09-15 14:49:02,350.9500,351.6000,350.9500,351.3500,9900
2015-09-15 14:50:00,351.1000,351.2000,350.1000,350.9500,20300
2015-09-15 14:51:02,350.5000,351.6000,350.5000,351.1000,9300
2015-09-15 14:52:01,351.4000,351.4000,350.2500,350.6500,8100
2015-09-15 14:53:00,351.4000,351.6000,351.1000,351.1000,10800
2015-09-15 14:54:02,351.0000,351.5000,350.6000,351.5000,13500
2015-09-15 14:55:02,350.2000,351.4500,350.2000,351.4000,5500
2015-09-15 14:56:02,350.7000,351.2000,350.4500,350.6000,4600
2015-09-15 14:57:59,350.9500,351.0000,350.4500,350.7000,9700
2015-09-15 14:58:00,351.0500,351.2000,350.7000,350.9000,8200
2015-09-15 14:59:02,350.9000,351.2500,350.9000,351.0000,11300
2015-09-15 15:00:02,351.2000,351.4000,350.9000,350.9500,10400
2015-09-15 15:01:02,350.8500,351.4500,350.8500,351.2500,10000
2015-09-15 15:02:00,351.0000,351.2500,350.8500,350.8500,16900
2015-09-15 15:03:00,351.0000,351.2000,350.8500,351.0000,11400
2015-09-15 15:04:00,351.1500,351.4000,351.0500,351.0500,12600
2015-09-15 15:05:59,351.2000,351.4000,351.0000,351.1500,10500
2015-09-15 15:06:00,350.9500,351.3500,350.9000,351.3500,14300
2015-09-15 15:07:01,351.1000,351.3500,350.9000,351.1000,14300
2015-09-15 15:08:59,351.0000,351.4000,350.9500,351.3500,10300
2015-09-15 15:09:00,350.8500,351.2500,350.8500,351.1000,14900
2015-09-15 15:10:00,351.3500,351.3500,350.8500,350.8500,17100
2015-09-15 15:11:02,350.5000,351.3000,350.5000,351.0500,21700
2015-09-15 15:12:01,351.0000,351.3000,350.8500,350.8500,16500
2015-09-15 15:13:59,351.2000,351.5000,350.8500,351.0000,32900
2015-09-15 15:14:00,350.8000,351.4000,350.8000,351.2000,18400
2015-09-15 15:15:59,350.1000,350.9500,350.1000,350.9500,18400
2015-09-15 15:16:01,350.0000,350.3000,350.0000,350.3000,22900
2015-09-15 15:17:58,350.0500,350.2000,350.0000,350.2000,13200
2015-09-15 15:18:00,350.7500,350.9000,350.0500,350.2000,25800
2015-09-15 15:19:59,351.4000,351.4000,350.5000,350.8000,26600
2015-09-15 15:20:01,351.3000,351.4000,351.1000,351.4000,13700
2015-09-15 15:21:59,351.4000,351.6500,351.2000,351.3000,11600
2015-09-15 15:22:59,351.0000,351.5500,351.0000,351.4000,12000
2015-09-15 15:23:59,351.1500,351.6500,351.0000,351.0500,13900
2015-09-15 15:24:00,351.0000,351.2500,351.0000,351.0000,15500
2015-09-15 15:25:59,350.9000,351.6000,350.9000,351.0000,46200
2015-09-15 15:26:00,351.2000,351.3500,350.7500,350.9000,31100
2015-09-15 15:27:59,351.3000,351.6000,350.8500,351.0500,10500
2015-09-15 15:28:01,352.0000,352.1000,351.1000,351.1000,48300
2015-09-15 15:29:01,351.5500,351.5500,351.5500,351.5500,0
