2015-09-10 09:30:02,25.8300,25.9200,25.8000,25.8508,179700
2015-09-10 09:31:51,25.8340,25.8340,25.8050,25.8200,14800
2015-09-10 09:32:59,25.8400,25.8560,25.7700,25.8200,103000
2015-09-10 09:33:59,25.9000,25.9300,25.8399,25.8400,82700
2015-09-10 09:34:58,25.8900,25.9299,25.8900,25.9000,80800
2015-09-10 09:35:04,25.8500,25.8900,25.8500,25.8900,20800
2015-09-10 09:36:57,25.8300,25.8500,25.8100,25.8500,39900
2015-09-10 09:37:02,25.8200,25.8501,25.8200,25.8300,81600
2015-09-10 09:38:03,25.8900,25.8900,25.8200,25.8200,52500
2015-09-10 09:39:01,25.9400,25.9600,25.9000,25.9000,72600
2015-09-10 09:40:59,25.9700,26.0000,25.9350,25.9400,62800
2015-09-10 09:41:59,25.9500,25.9900,25.9490,25.9700,89400
2015-09-10 09:42:48,25.9600,25.9600,25.9300,25.9500,59000
2015-09-10 09:43:58,25.9200,25.9600,25.9200,25.9600,21100
2015-09-10 09:44:00,25.9200,25.9748,25.9200,25.9200,79100
2015-09-10 09:45:57,26.0000,26.0200,25.9200,25.9300,121900
2015-09-10 09:46:58,25.9900,26.0200,25.9900,26.0000,39000
2015-09-10 09:47:02,25.9500,25.9800,25.9500,25.9800,11800
2015-09-10 09:48:59,26.0001,26.0200,25.9450,25.9450,43800
2015-09-10 09:49:46,26.0250,26.0250,26.0000,26.0000,27400
2015-09-10 09:50:58,26.0100,26.0250,26.0000,26.0200,20100
2015-09-10 09:51:58,26.0450,26.0450,26.0000,26.0050,24200
2015-09-10 09:52:01,26.0850,26.0900,26.0500,26.0500,23700
2015-09-10 09:53:56,26.0500,26.0800,26.0500,26.0800,46100
2015-09-10 09:54:01,26.0800,26.0800,26.0500,26.0500,32500
2015-09-10 09:55:57,26.0800,26.1100,26.0700,26.0850,32600
2015-09-10 09:56:54,26.0900,26.0900,26.0600,26.0700,15700
2015-09-10 09:57:59,26.0650,26.0900,26.0600,26.0800,44700
2015-09-10 09:58:59,26.0550,26.0700,26.0450,26.0600,43200
2015-09-10 09:59:01,26.0500,26.1000,26.0500,26.0600,26200
2015-09-10 10:00:56,26.0800,26.1000,26.0599,26.0599,27300
2015-09-10 10:01:56,26.0500,26.0700,26.0500,26.0650,15400
2015-09-10 10:02:00,26.0900,26.0950,26.0550,26.0600,20600
2015-09-10 10:03:18,26.0300,26.0900,26.0300,26.0900,19700
2015-09-10 10:04:00,26.0400,26.0500,26.0100,26.0300,19200
2015-09-10 10:05:53,26.0699,26.0800,26.0450,26.0500,23500
2015-09-10 10:06:58,26.0800,26.1100,26.0660,26.0660,35000
2015-09-10 10:07:57,26.0600,26.0750,26.0600,26.0750,14100
2015-09-10 10:08:09,26.0700,26.1000,26.0600,26.0600,21600
2015-09-10 10:09:01,26.0700,26.0700,26.0600,26.0600,9700
2015-09-10 10:10:04,26.0200,26.0700,26.0200,26.0700,27100
2015-09-10 10:11:06,26.0300,26.0400,26.0200,26.0200,16000
2015-09-10 10:12:07,26.0400,26.0500,26.0300,26.0300,12400
2015-09-10 10:13:52,26.0400,26.0400,26.0200,26.0350,16700
2015-09-10 10:14:00,26.0200,26.0401,26.0200,26.0401,18400
2015-09-10 10:15:59,26.0000,26.0300,26.0000,26.0050,46600
2015-09-10 10:16:54,26.0350,26.0400,26.0000,26.0050,16800
2015-09-10 10:17:48,26.0300,26.0500,26.0290,26.0300,18800
2015-09-10 10:18:58,26.0100,26.0300,26.0100,26.0300,8200
2015-09-10 10:19:00,26.0700,26.0700,26.0150,26.0150,25700
2015-09-10 10:20:06,26.0699,26.0750,26.0600,26.0600,15100
2015-09-10 10:21:05,26.0500,26.0750,26.0500,26.0700,15700
2015-09-10 10:22:05,26.1100,26.1100,26.0450,26.0500,39600
2015-09-10 10:23:58,26.0900,26.1100,26.0900,26.1100,12300
2015-09-10 10:24:54,26.0250,26.0900,26.0250,26.0900,39200
2015-09-10 10:25:56,26.0050,26.0300,26.0000,26.0200,34000
2015-09-10 10:26:59,26.0000,26.0200,26.0000,26.0150,43000
2015-09-10 10:27:59,26.0200,26.0200,26.0000,26.0000,45800
2015-09-10 10:28:56,26.0000,26.0200,26.0000,26.0200,24500
2015-09-10 10:29:59,25.9800,25.9900,25.9800,25.9900,71200
2015-09-10 10:30:52,25.9900,25.9900,25.9800,25.9900,13900
2015-09-10 10:31:59,26.0700,26.0700,25.9900,25.9900,40700
2015-09-10 10:32:48,26.0450,26.0700,26.0450,26.0700,23900
2015-09-10 10:33:57,26.0500,26.0500,26.0200,26.0400,22400
2015-09-10 10:34:34,26.0650,26.0700,26.0400,26.0400,18400
2015-09-10 10:35:58,26.1250,26.1300,26.1000,26.1000,62800
2015-09-10 10:36:59,26.1200,26.1300,26.1100,26.1200,34100
2015-09-10 10:37:53,26.1450,26.1600,26.1200,26.1230,28500
2015-09-10 10:38:00,26.1450,26.1600,26.1300,26.1500,11800
2015-09-10 10:39:58,26.1800,26.1880,26.1500,26.1500,13700
2015-09-10 10:40:58,26.1750,26.2000,26.1700,26.2000,25200
2015-09-10 10:41:59,26.1400,26.1700,26.1300,26.1650,30900
2015-09-10 10:42:55,26.1450,26.1450,26.1200,26.1450,21500
2015-09-10 10:43:54,26.1400,26.1700,26.1400,26.1450,25800
2015-09-10 10:44:33,26.1400,26.1500,26.1400,26.1500,5900
2015-09-10 10:45:39,26.1450,26.1500,26.1400,26.1400,21100
2015-09-10 10:46:59,26.1650,26.1800,26.1500,26.1500,15800
2015-09-10 10:47:59,26.1900,26.1900,26.1600,26.1700,20000
2015-09-10 10:48:49,26.1700,26.1900,26.1700,26.1900,15600
2015-09-10 10:49:58,26.1900,26.1900,26.1650,26.1700,16300
2015-09-10 10:50:48,26.2250,26.2300,26.1950,26.2000,40000
2015-09-10 10:51:11,26.2000,26.2299,26.2000,26.2200,11500
2015-09-10 10:52:56,26.1850,26.2000,26.1850,26.2000,9500
2015-09-10 10:53:50,26.1800,26.1950,26.1800,26.1900,13700
2015-09-10 10:54:51,26.1750,26.1900,26.1700,26.1900,5100
2015-09-10 10:55:59,26.1750,26.1800,26.1600,26.1600,32600
2015-09-10 10:56:57,26.1600,26.1800,26.1600,26.1750,10300
2015-09-10 10:57:58,26.1400,26.1650,26.1400,26.1650,22500
2015-09-10 10:58:57,26.1300,26.1400,26.1300,26.1400,13700
2015-09-10 10:59:01,26.1300,26.1400,26.1300,26.1350,56900
2015-09-10 11:00:00,26.1200,26.1400,26.1200,26.1400,59400
2015-09-10 11:01:59,26.1100,26.1300,26.1100,26.1250,12200
2015-09-10 11:02:02,26.1350,26.1400,26.1100,26.1100,35900
2015-09-10 11:03:49,26.1300,26.1400,26.0900,26.1350,127900
2015-09-10 11:04:36,26.1100,26.1400,26.1100,26.1300,61700
2015-09-10 11:05:59,26.1000,26.1000,26.0900,26.1000,111000
2015-09-10 11:06:52,26.0950,26.1050,26.0850,26.1000,39400
2015-09-10 11:07:03,26.1100,26.1200,26.0999,26.0999,37600
2015-09-10 11:08:59,26.0700,26.1100,26.0700,26.1100,27200
2015-09-10 11:09:07,26.0800,26.0800,26.0500,26.0800,46100
2015-09-10 11:10:05,26.0550,26.0800,26.0450,26.0800,83600
2015-09-10 11:11:55,26.0600,26.0700,26.0500,26.0500,10100
2015-09-10 11:12:57,26.0850,26.0900,26.0600,26.0700,16700
2015-09-10 11:13:59,26.1000,26.1000,26.0800,26.0850,24200
2015-09-10 11:14:00,26.0600,26.1000,26.0600,26.1000,21300
2015-09-10 11:15:59,26.0550,26.0700,26.0500,26.0600,115400
2015-09-10 11:16:59,26.0000,26.0500,25.9900,26.0500,141600
2015-09-10 11:17:55,26.0050,26.0100,25.9900,26.0100,46300
2015-09-10 11:18:00,26.0050,26.0150,25.9950,26.0050,36500
2015-09-10 11:19:01,25.9900,26.0200,25.9900,26.0000,31400
2015-09-10 11:20:07,25.9850,26.0050,25.9800,25.9950,33200
2015-09-10 11:21:44,25.9800,25.9900,25.9750,25.9900,13800
2015-09-10 11:22:58,25.9750,25.9850,25.9700,25.9850,33000
2015-09-10 11:23:42,25.9800,25.9800,25.9600,25.9700,47400
2015-09-10 11:24:54,25.9946,26.0000,25.9850,25.9900,12000
2015-09-10 11:25:03,25.9850,26.0000,25.9800,25.9950,16300
2015-09-10 11:26:58,26.0000,26.0000,25.9800,25.9850,26600
2015-09-10 11:27:50,25.9850,26.0000,25.9800,26.0000,17100
2015-09-10 11:28:59,25.9750,25.9900,25.9700,25.9899,16900
2015-09-10 11:29:59,25.9950,25.9950,25.9750,25.9750,57400
2015-09-10 11:30:59,26.0000,26.0000,25.9900,26.0000,78200
2015-09-10 11:31:01,25.9800,26.0000,25.9700,26.0000,49900
2015-09-10 11:32:56,25.9700,25.9800,25.9700,25.9750,8600
2015-09-10 11:33:52,26.0300,26.0400,25.9750,25.9750,70400
2015-09-10 11:34:59,26.0200,26.0500,26.0200,26.0400,33500
2015-09-10 11:35:57,26.0350,26.0450,26.0200,26.0250,16400
2015-09-10 11:36:59,26.0350,26.0350,26.0203,26.0300,9400
2015-09-10 11:37:11,26.1100,26.1100,26.0400,26.0400,33000
2015-09-10 11:38:59,26.1100,26.1200,26.1000,26.1000,30600
2015-09-10 11:39:57,26.1000,26.1300,26.0900,26.1100,28300
2015-09-10 11:40:10,26.0800,26.1000,26.0800,26.1000,3300
2015-09-10 11:41:16,26.0500,26.0800,26.0500,26.0800,69000
2015-09-10 11:42:52,26.0550,26.0650,26.0500,26.0600,95700
2015-09-10 11:43:35,26.0550,26.0550,26.0450,26.0450,42200
2015-09-10 11:44:56,26.0900,26.0969,26.0900,26.0969,50000
2015-09-10 11:45:59,26.1100,26.1100,26.0600,26.0900,293900
2015-09-10 11:46:54,26.1200,26.1300,26.1100,26.1100,64900
2015-09-10 11:47:59,26.1300,26.1400,26.1200,26.1200,44800
2015-09-10 11:48:58,26.1200,26.1300,26.1100,26.1299,65500
2015-09-10 11:49:07,26.1100,26.1300,26.1100,26.1200,42500
2015-09-10 11:50:59,26.1000,26.1000,26.0900,26.1000,23200
2015-09-10 11:51:00,26.0900,26.1050,26.0800,26.0900,26600
2015-09-10 11:52:58,26.0699,26.0900,26.0640,26.0900,29800
2015-09-10 11:53:45,26.0500,26.0700,26.0500,26.0650,26300
2015-09-10 11:54:58,26.0700,26.0700,26.0500,26.0600,55700
2015-09-10 11:55:58,26.0600,26.0800,26.0600,26.0700,25000
2015-09-10 11:56:56,26.0700,26.0700,26.0500,26.0600,40400
2015-09-10 11:57:56,26.1000,26.1000,26.0700,26.0783,36600
2015-09-10 11:58:59,26.0900,26.1200,26.0900,26.1000,29500
2015-09-10 11:59:54,26.1100,26.1100,26.1000,26.1000,14300
2015-09-10 12:00:56,26.1200,26.1200,26.1050,26.1100,20700
2015-09-10 12:01:53,26.1032,26.1200,26.1000,26.1200,8000
2015-09-10 12:02:00,26.1200,26.1200,26.1050,26.1100,9200
2015-09-10 12:03:00,26.1100,26.1200,26.1000,26.1200,13800
2015-09-10 12:04:57,26.1100,26.1200,26.1000,26.1000,3600
2015-09-10 12:05:09,26.1050,26.1200,26.1000,26.1200,15100
2015-09-10 12:06:07,26.1100,26.1100,26.1000,26.1050,8300
2015-09-10 12:07:53,26.1200,26.1200,26.1100,26.1150,16500
2015-09-10 12:08:08,26.1700,26.1700,26.1200,26.1200,64300
2015-09-10 12:09:56,26.1500,26.1800,26.1500,26.1800,23700
2015-09-10 12:10:11,26.1246,26.1550,26.1200,26.1500,19700
2015-09-10 12:11:59,26.1200,26.1250,26.1100,26.1200,9100
2015-09-10 12:12:59,26.1250,26.1250,26.1199,26.1200,313300
2015-09-10 12:13:53,26.1300,26.1300,26.1100,26.1200,8500
2015-09-10 12:14:53,26.1200,26.1300,26.1200,26.1200,10900
2015-09-10 12:15:03,26.1350,26.1350,26.1200,26.1200,9200
2015-09-10 12:16:58,26.1150,26.1300,26.1100,26.1300,36000
2015-09-10 12:17:58,26.1000,26.1200,26.0900,26.1150,76700
2015-09-10 12:18:53,26.1100,26.1250,26.1000,26.1000,74000
2015-09-10 12:19:53,26.0900,26.1100,26.0900,26.1100,7200
2015-09-10 12:20:00,26.1150,26.1150,26.0950,26.0950,25800
2015-09-10 12:21:31,26.0950,26.1200,26.0950,26.1150,4800
2015-09-10 12:22:05,26.0950,26.1100,26.0900,26.1000,18800
2015-09-10 12:23:41,26.0900,26.0950,26.0900,26.0900,800
2015-09-10 12:24:15,26.0900,26.1000,26.0900,26.0950,1700
2015-09-10 12:25:51,26.1000,26.1100,26.0950,26.1000,11800
2015-09-10 12:26:52,26.1200,26.1300,26.1000,26.1000,26500
2015-09-10 12:27:58,26.0799,26.1200,26.0700,26.1200,54800
2015-09-10 12:28:00,26.0550,26.0700,26.0500,26.0700,35500
2015-09-10 12:29:55,26.0700,26.0700,26.0500,26.0550,24000
2015-09-10 12:30:42,26.0601,26.0800,26.0600,26.0700,15700
2015-09-10 12:31:38,26.0800,26.0800,26.0600,26.0600,7000
2015-09-10 12:32:55,26.0600,26.0900,26.0600,26.0850,11600
2015-09-10 12:33:02,26.0980,26.1000,26.0600,26.0600,25900
2015-09-10 12:34:01,26.0900,26.1000,26.0850,26.0900,42200
2015-09-10 12:35:54,26.0850,26.1050,26.0850,26.0900,45700
2015-09-10 12:36:12,26.0900,26.0900,26.0800,26.0900,3200
2015-09-10 12:37:55,26.0750,26.0900,26.0750,26.0900,5200
2015-09-10 12:38:04,26.0700,26.0750,26.0700,26.0750,1900
2015-09-10 12:39:59,26.0700,26.0800,26.0700,26.0700,5000
2015-09-10 12:40:00,26.0750,26.0800,26.0600,26.0800,28000
2015-09-10 12:41:53,26.0700,26.0700,26.0500,26.0700,19900
2015-09-10 12:42:11,26.0600,26.0700,26.0600,26.0700,7200
2015-09-10 12:43:03,26.0600,26.0700,26.0500,26.0500,11000
2015-09-10 12:44:09,26.0750,26.0800,26.0650,26.0650,13500
2015-09-10 12:45:51,26.0601,26.0750,26.0600,26.0750,5800
2015-09-10 12:46:49,26.0700,26.0800,26.0600,26.0600,10300
2015-09-10 12:47:00,26.0700,26.0800,26.0700,26.0727,4800
2015-09-10 12:48:01,26.0700,26.0700,26.0600,26.0600,21300
2015-09-10 12:49:58,26.1100,26.1200,26.0850,26.0900,33000
2015-09-10 12:50:32,26.1050,26.1200,26.1050,26.1100,3500
2015-09-10 12:51:22,26.1100,26.1100,26.0950,26.1000,25100
2015-09-10 12:52:59,26.1250,26.1250,26.1049,26.1100,19900
2015-09-10 12:53:00,26.1100,26.1200,26.1100,26.1200,8000
2015-09-10 12:54:05,26.1350,26.1350,26.1150,26.1150,8600
2015-09-10 12:55:59,26.1450,26.1450,26.1300,26.1350,5800
2015-09-10 12:56:00,26.1500,26.1500,26.1400,26.1400,2100
2015-09-10 12:57:55,26.1401,26.1500,26.1400,26.1450,1100
2015-09-10 12:58:42,26.1090,26.1090,26.1090,26.1090,25700
2015-09-10 12:59:58,26.1200,26.1300,26.1200,26.1200,39200
2015-09-10 13:00:56,26.1000,26.1100,26.0950,26.1100,29800
2015-09-10 13:01:59,26.1000,26.1050,26.1000,26.1000,10000
2015-09-10 13:02:59,26.1100,26.1100,26.0900,26.1050,62300
2015-09-10 13:03:55,26.0900,26.1100,26.0900,26.1100,26600
2015-09-10 13:04:04,26.0900,26.1000,26.0800,26.1000,36800
2015-09-10 13:05:56,26.0850,26.1000,26.0800,26.0900,41700
2015-09-10 13:06:45,26.0900,26.0900,26.0800,26.0900,11800
2015-09-10 13:07:52,26.0700,26.0900,26.0650,26.0800,18100
2015-09-10 13:08:58,26.0900,26.1000,26.0800,26.0800,30400
2015-09-10 13:09:53,26.0850,26.0900,26.0800,26.0800,1700
2015-09-10 13:10:59,26.1050,26.1100,26.0800,26.0850,23400
2015-09-10 13:11:58,26.0950,26.1050,26.0900,26.1000,10400
2015-09-10 13:12:59,26.0805,26.1000,26.0750,26.1000,12800
2015-09-10 13:13:08,26.0950,26.1000,26.0800,26.0800,5300
2015-09-10 13:14:11,26.0750,26.1000,26.0750,26.0950,13300
2015-09-10 13:15:50,26.0710,26.0800,26.0700,26.0800,14900
2015-09-10 13:16:58,26.1099,26.1100,26.0700,26.0700,36100
2015-09-10 13:17:55,26.0800,26.1100,26.0800,26.1100,29000
2015-09-10 13:18:43,26.0800,26.0900,26.0800,26.0800,1700
2015-09-10 13:19:52,26.1000,26.1000,26.0800,26.0800,22300
2015-09-10 13:20:04,26.1000,26.1100,26.1000,26.1001,2600
2015-09-10 13:21:03,26.1000,26.1100,26.0900,26.1050,32400
2015-09-10 13:22:48,26.1300,26.1368,26.1300,26.1368,8700
2015-09-10 13:23:59,26.1800,26.1900,26.1300,26.1300,25900
2015-09-10 13:24:04,26.1700,26.1800,26.1650,26.1750,21700
2015-09-10 13:25:59,26.1800,26.1800,26.1600,26.1600,4000
2015-09-10 13:26:45,26.1600,26.1800,26.1600,26.1750,7100
2015-09-10 13:27:50,26.1650,26.1700,26.1600,26.1700,10800
2015-09-10 13:28:04,26.2050,26.2150,26.1600,26.1650,180200
2015-09-10 13:29:59,26.2000,26.2100,26.1950,26.2000,34500
2015-09-10 13:30:58,26.2050,26.2100,26.2000,26.2000,6100
2015-09-10 13:31:23,26.1950,26.1950,26.1900,26.1900,5500
2015-09-10 13:32:56,26.1950,26.2100,26.1800,26.1900,58600
2015-09-10 13:33:01,26.1850,26.2000,26.1850,26.2000,27500
2015-09-10 13:34:59,26.1850,26.1900,26.1800,26.1800,5100
2015-09-10 13:35:01,26.1850,26.1900,26.1800,26.1900,2500
2015-09-10 13:36:56,26.2200,26.2250,26.1850,26.1900,39600
2015-09-10 13:37:56,26.2250,26.2400,26.2100,26.2100,47700
2015-09-10 13:38:57,26.2200,26.2300,26.2150,26.2200,13600
2015-09-10 13:39:00,26.2150,26.2250,26.2150,26.2200,9800
2015-09-10 13:40:59,26.2100,26.2300,26.2100,26.2300,21000
2015-09-10 13:41:58,26.1900,26.2100,26.1900,26.2000,12800
2015-09-10 13:42:59,26.1950,26.2000,26.1800,26.2000,16300
2015-09-10 13:43:53,26.1900,26.2000,26.1900,26.1950,2100
2015-09-10 13:44:06,26.1900,26.1950,26.1900,26.1900,2200
2015-09-10 13:45:21,26.1850,26.2000,26.1800,26.2000,32400
2015-09-10 13:46:28,26.2000,26.2000,26.1801,26.1801,7200
2015-09-10 13:47:01,26.1850,26.1900,26.1800,26.1800,31200
2015-09-10 13:48:06,26.1900,26.2100,26.1850,26.1900,41800
2015-09-10 13:49:06,26.1950,26.2050,26.1600,26.2000,73600
2015-09-10 13:50:09,26.2100,26.2100,26.1900,26.1950,6000
2015-09-10 13:51:59,26.2050,26.2200,26.2000,26.2200,19000
2015-09-10 13:52:59,26.1900,26.2000,26.1850,26.2000,21100
2015-09-10 13:53:53,26.1800,26.1900,26.1700,26.1900,14800
2015-09-10 13:54:59,26.1600,26.1850,26.1600,26.1800,14300
2015-09-10 13:55:58,26.1650,26.1750,26.1550,26.1550,21600
2015-09-10 13:56:09,26.1600,26.1600,26.1500,26.1500,23900
2015-09-10 13:57:53,26.1600,26.1600,26.1500,26.1600,8500
2015-09-10 13:58:59,26.1650,26.1700,26.1450,26.1650,48900
2015-09-10 13:59:01,26.1850,26.1900,26.1600,26.1600,24800
2015-09-10 14:00:54,26.2000,26.2100,26.1950,26.2100,16700
2015-09-10 14:01:52,26.2000,26.2300,26.1901,26.2100,27200
2015-09-10 14:02:39,26.1600,26.1900,26.1600,26.1900,21300
2015-09-10 14:03:57,26.1520,26.1600,26.1450,26.1600,188700
2015-09-10 14:04:59,26.1900,26.1900,26.1500,26.1500,18400
2015-09-10 14:05:59,26.1950,26.1950,26.1850,26.1900,19200
2015-09-10 14:06:02,26.1950,26.2000,26.1900,26.1930,3900
2015-09-10 14:07:21,26.1950,26.1950,26.1900,26.1950,1700
2015-09-10 14:08:51,26.1850,26.1950,26.1800,26.1950,15100
2015-09-10 14:09:48,26.1650,26.1872,26.1650,26.1872,7900
2015-09-10 14:10:02,26.1600,26.1700,26.1600,26.1650,22400
2015-09-10 14:11:58,26.1750,26.1750,26.1600,26.1700,24400
2015-09-10 14:12:57,26.1650,26.1800,26.1600,26.1750,18900
2015-09-10 14:13:08,26.1650,26.1700,26.1600,26.1650,30100
2015-09-10 14:14:49,26.1550,26.1650,26.1500,26.1600,12700
2015-09-10 14:15:04,26.1400,26.1550,26.1400,26.1550,14100
2015-09-10 14:16:58,26.1500,26.1600,26.1400,26.1450,78300
2015-09-10 14:17:58,26.1573,26.1600,26.1500,26.1550,3300
2015-09-10 14:18:03,26.1400,26.1550,26.1340,26.1550,24000
2015-09-10 14:19:56,26.1450,26.1500,26.1350,26.1500,43500
2015-09-10 14:20:05,26.1400,26.1450,26.1350,26.1450,9100
2015-09-10 14:21:09,26.1300,26.1400,26.1300,26.1350,32100
2015-09-10 14:22:59,26.1400,26.1400,26.1200,26.1200,35500
2015-09-10 14:23:56,26.1550,26.1550,26.1310,26.1400,31300
2015-09-10 14:24:04,26.1450,26.1550,26.1400,26.1500,30200
2015-09-10 14:25:59,26.1450,26.1500,26.1400,26.1450,2300
2015-09-10 14:26:58,26.1300,26.1450,26.1300,26.1400,12100
2015-09-10 14:27:57,26.1350,26.1400,26.1250,26.1300,12600
2015-09-10 14:28:02,26.1300,26.1400,26.1300,26.1300,3100
2015-09-10 14:29:58,26.1350,26.1400,26.1300,26.1300,3300
2015-09-10 14:30:06,26.1550,26.1550,26.1350,26.1350,25500
2015-09-10 14:31:11,26.1513,26.1650,26.1500,26.1600,12800
2015-09-10 14:32:56,26.1600,26.1600,26.1500,26.1550,20100
2015-09-10 14:34:02,26.1400,26.1500,26.1400,26.1500,25100
2015-09-10 14:35:54,26.1500,26.1500,26.1400,26.1400,1400
2015-09-10 14:36:56,26.1400,26.1500,26.1350,26.1500,16800
2015-09-10 14:37:52,26.1400,26.1400,26.1300,26.1300,3100
2015-09-10 14:38:54,26.1540,26.1600,26.1350,26.1350,18700
2015-09-10 14:39:02,26.1500,26.1600,26.1450,26.1600,17200
2015-09-10 14:40:54,26.1540,26.1600,26.1400,26.1473,20100
2015-09-10 14:41:58,26.1700,26.1700,26.1600,26.1700,26700
2015-09-10 14:42:57,26.1600,26.1700,26.1600,26.1700,19300
2015-09-10 14:43:56,26.1500,26.1699,26.1500,26.1600,20000
2015-09-10 14:44:05,26.1450,26.1600,26.1400,26.1500,43200
2015-09-10 14:45:58,26.1400,26.1500,26.1400,26.1400,1900
2015-09-10 14:46:05,26.1500,26.1500,26.1400,26.1500,35000
2015-09-10 14:47:06,26.1001,26.1300,26.1000,26.1300,29300
2015-09-10 14:48:29,26.1200,26.1200,26.1050,26.1100,7900
2015-09-10 14:49:18,26.1099,26.1200,26.1050,26.1150,23700
2015-09-10 14:50:07,26.1299,26.1500,26.1050,26.1100,72400
2015-09-10 14:51:58,26.1150,26.1300,26.1100,26.1300,19700
2015-09-10 14:52:58,26.0805,26.1100,26.0801,26.1100,23200
2015-09-10 14:53:02,26.1100,26.1100,26.0900,26.0900,22800
2015-09-10 14:54:59,26.1200,26.1200,26.1000,26.1000,18000
2015-09-10 14:55:57,26.0900,26.1200,26.0900,26.1200,43400
2015-09-10 14:56:02,26.0950,26.0950,26.0850,26.0950,22900
2015-09-10 14:57:16,26.1050,26.1050,26.0900,26.1000,18700
2015-09-10 14:58:56,26.0944,26.1100,26.0900,26.1100,23300
2015-09-10 14:59:50,26.1000,26.1100,26.0949,26.1000,37800
2015-09-10 15:00:59,26.0850,26.0900,26.0700,26.0800,32200
2015-09-10 15:01:01,26.0900,26.0900,26.0900,26.0900,100
2015-09-10 15:01:54,26.1100,26.1100,26.0899,26.0900,182300
2015-09-10 15:02:59,26.0950,26.1200,26.0900,26.1100,31400
2015-09-10 15:03:49,26.0650,26.0950,26.0600,26.0950,30700
2015-09-10 15:04:57,26.0650,26.0699,26.0524,26.0650,21500
2015-09-10 15:05:50,26.0800,26.0900,26.0636,26.0636,12300
2015-09-10 15:06:56,26.1200,26.1200,26.0899,26.0899,15700
2015-09-10 15:07:33,26.1000,26.1150,26.0900,26.0909,36900
2015-09-10 15:08:47,26.0850,26.1049,26.0850,26.1049,12900
2015-09-10 15:09:57,26.1100,26.1100,26.0850,26.0850,15300
2015-09-10 15:10:57,26.1200,26.1200,26.0901,26.0918,6800
2015-09-10 15:11:57,26.1040,26.1200,26.1000,26.1110,24500
2015-09-10 15:12:59,26.0999,26.1200,26.0900,26.1055,49900
2015-09-10 15:13:55,26.1100,26.1100,26.0800,26.0900,36900
2015-09-10 15:14:59,26.1300,26.1300,26.1040,26.1050,21200
2015-09-10 15:15:56,26.1500,26.1650,26.1300,26.1300,37400
2015-09-10 15:16:07,26.1449,26.1449,26.1449,26.1449,600
2015-09-10 15:16:57,26.1500,26.1600,26.1400,26.1449,13500
2015-09-10 15:17:12,26.1400,26.1400,26.1400,26.1400,100
2015-09-10 15:17:54,26.1175,26.1450,26.1175,26.1400,178400
2015-09-10 15:18:58,26.1100,26.1350,26.1100,26.1350,23600
2015-09-10 15:19:58,26.1050,26.1150,26.1000,26.1150,9200
2015-09-10 15:20:47,26.1200,26.1300,26.1050,26.1050,32100
2015-09-10 15:21:56,26.1100,26.1300,26.0900,26.1050,99200
2015-09-10 15:22:53,26.1250,26.1600,26.1200,26.1200,53000
2015-09-10 15:23:56,26.1100,26.1250,26.1100,26.1250,23300
2015-09-10 15:24:27,26.0900,26.1150,26.0800,26.1100,13900
2015-09-10 15:25:46,26.1100,26.1174,26.0900,26.1000,34100
2015-09-10 15:26:59,26.0800,26.1150,26.0800,26.1100,37700
2015-09-10 15:27:54,26.1110,26.1110,26.0800,26.0800,30800
2015-09-10 15:28:51,26.0950,26.1100,26.0950,26.1000,26500
2015-09-10 15:29:58,26.1000,26.1200,26.1000,26.1100,24400
2015-09-10 15:30:59,26.0850,26.1095,26.0800,26.1000,19100
2015-09-10 15:31:57,26.0700,26.0950,26.0700,26.0900,21000
2015-09-10 15:32:07,26.0750,26.0750,26.0750,26.0750,200
2015-09-10 15:32:24,26.0600,26.0750,26.0600,26.0750,7700
2015-09-10 15:33:58,26.0500,26.0700,26.0450,26.0500,57200
2015-09-10 15:34:54,26.0600,26.0600,26.0400,26.0500,33800
2015-09-10 15:35:46,26.0800,26.0900,26.0550,26.0600,26900
2015-09-10 15:36:53,26.0500,26.0750,26.0400,26.0700,29200
2015-09-10 15:37:47,26.0450,26.0500,26.0400,26.0400,7000
2015-09-10 15:38:58,26.0500,26.0500,26.0200,26.0400,62400
2015-09-10 15:39:58,26.0550,26.0550,26.0378,26.0500,21200
2015-09-10 15:40:02,26.0500,26.0500,26.0500,26.0500,1500
2015-09-10 15:40:59,26.0350,26.0576,26.0200,26.0500,39700
2015-09-10 15:41:57,26.0250,26.0400,26.0100,26.0300,37900
2015-09-10 15:42:59,26.0400,26.0400,26.0300,26.0300,16000
2015-09-10 15:43:03,26.0400,26.0400,26.0400,26.0400,500
2015-09-10 15:43:36,26.0350,26.0400,26.0200,26.0400,14700
2015-09-10 15:44:52,26.0600,26.0600,26.0350,26.0350,43400
2015-09-10 15:45:53,26.0550,26.0600,26.0500,26.0550,15700
2015-09-10 15:46:57,26.0599,26.0600,26.0200,26.0600,55100
2015-09-10 15:47:56,26.0600,26.0700,26.0550,26.0600,29200
2015-09-10 15:48:51,26.0500,26.0800,26.0500,26.0800,72500
2015-09-10 15:49:00,26.0550,26.0550,26.0550,26.0550,200
2015-09-10 15:49:52,26.0900,26.1100,26.0500,26.0550,49700
2015-09-10 15:50:56,26.1400,26.1400,26.0520,26.1000,74700
2015-09-10 15:51:57,26.0950,26.1400,26.0900,26.1300,26500
2015-09-10 15:52:59,26.1100,26.1200,26.0900,26.0950,46500
2015-09-10 15:53:47,26.1200,26.1250,26.1000,26.1200,41000
2015-09-10 15:54:56,26.1300,26.1351,26.1116,26.1300,48100
2015-09-10 15:55:00,26.1400,26.1400,26.1400,26.1400,200
2015-09-10 15:55:56,26.1400,26.1400,26.1300,26.1400,11500
2015-09-10 15:56:09,26.1400,26.1400,26.1400,26.1400,24000
2015-09-10 15:56:57,26.1650,26.1800,26.1400,26.1400,78200
2015-09-10 15:57:59,26.1350,26.1650,26.1350,26.1650,40500
2015-09-10 15:58:54,26.1300,26.1500,26.1300,26.1300,73400
2015-09-10 15:59:01,26.1300,26.1300,26.1300,26.1300,3700
2015-09-10 15:59:59,26.1500,26.1600,26.1300,26.1300,376500
2015-09-10 16:00:00,26.1500,26.1500,26.1500,26.1500,0
2015-09-11 09:30:53,26.2300,26.2400,26.1500,26.1800,135800
2015-09-11 09:31:56,26.1700,26.1700,26.1200,26.1500,26200
2015-09-11 09:32:56,26.1700,26.2000,26.1400,26.1800,9700
2015-09-11 09:33:57,26.2200,26.2200,26.1200,26.1400,38300
2015-09-11 09:34:00,26.1400,26.2600,26.1400,26.2200,48300
2015-09-11 09:35:58,26.1101,26.1200,26.1000,26.1100,11000
2015-09-11 09:36:59,26.1400,26.1600,26.1201,26.1300,11100
2015-09-11 09:37:56,26.1800,26.1800,26.1400,26.1600,8000
2015-09-11 09:38:59,26.1900,26.2200,26.1700,26.1800,42600
2015-09-11 09:39:57,26.1900,26.2300,26.1900,26.2000,12100
2015-09-11 09:40:03,26.1500,26.1800,26.1400,26.1800,13400
2015-09-11 09:41:59,26.1600,26.2000,26.1400,26.1600,45000
2015-09-11 09:42:58,26.1100,26.1600,26.0900,26.1600,17400
2015-09-11 09:43:56,26.1000,26.1300,26.1000,26.1049,11500
2015-09-11 09:44:57,26.1100,26.1400,26.0900,26.1000,16200
2015-09-11 09:45:53,26.0800,26.1200,26.0800,26.1000,16800
2015-09-11 09:46:54,26.0750,26.0800,26.0750,26.0800,7100
2015-09-11 09:47:59,26.0800,26.0800,26.0500,26.0600,11900
2015-09-11 09:48:54,26.0800,26.0800,26.0450,26.0800,13900
2015-09-11 09:49:46,26.0600,26.0800,26.0500,26.0800,10500
2015-09-11 09:50:56,26.0400,26.0700,26.0400,26.0600,9700
2015-09-11 09:51:02,26.0500,26.0600,26.0200,26.0300,8700
2015-09-11 09:52:07,26.0200,26.0535,26.0200,26.0400,6700
2015-09-11 09:53:01,26.0500,26.0500,26.0100,26.0200,8500
2015-09-11 09:54:49,26.0200,26.0550,26.0200,26.0500,7600
2015-09-11 09:55:51,26.0500,26.0600,26.0400,26.0400,7400
2015-09-11 09:56:54,26.0500,26.0500,26.0500,26.0500,5200
2015-09-11 09:57:01,26.0200,26.0500,26.0200,26.0500,3000
2015-09-11 09:58:01,26.0000,26.0200,25.9950,26.0200,7100
2015-09-11 09:59:51,25.9900,26.0100,25.9900,26.0000,4500
2015-09-11 10:00:59,25.9600,25.9980,25.9600,25.9800,19200
2015-09-11 10:01:57,25.9850,25.9850,25.9600,25.9650,21700
2015-09-11 10:02:13,25.9650,25.9800,25.9523,25.9800,35700
2015-09-11 10:03:59,25.9600,25.9900,25.9450,25.9700,27500
2015-09-11 10:04:04,25.9200,25.9621,25.9100,25.9621,42000
2015-09-11 10:05:58,25.9200,25.9300,25.9150,25.9200,11400
2015-09-11 10:06:59,25.9400,25.9400,25.9250,25.9300,15400
2015-09-11 10:07:02,25.9192,25.9400,25.9100,25.9350,14000
2015-09-11 10:08:55,25.9350,25.9400,25.9200,25.9200,14200
2015-09-11 10:09:02,25.9400,25.9400,25.9300,25.9400,8500
2015-09-11 10:10:36,25.9350,25.9500,25.9300,25.9400,9500
2015-09-11 10:11:55,25.9201,25.9390,25.9200,25.9350,6000
2015-09-11 10:12:58,25.9500,25.9550,25.9300,25.9300,16200
2015-09-11 10:13:59,25.9300,25.9600,25.9300,25.9600,15700
2015-09-11 10:14:09,25.9700,25.9800,25.9250,25.9300,25300
2015-09-11 10:15:02,25.9600,25.9750,25.9550,25.9700,7900
2015-09-11 10:16:55,25.9450,25.9600,25.9400,25.9550,29300
2015-09-11 10:17:53,25.9310,25.9450,25.9300,25.9400,36700
2015-09-11 10:18:59,25.9500,25.9500,25.9200,25.9350,38400
2015-09-11 10:19:54,25.9500,25.9700,25.9500,25.9500,29700
2015-09-11 10:20:01,26.0002,26.0050,25.9550,25.9600,32300
2015-09-11 10:21:59,26.0000,26.0050,25.9900,26.0050,5300
2015-09-11 10:22:56,25.9900,25.9950,25.9800,25.9901,13000
2015-09-11 10:23:15,26.0200,26.0200,26.0000,26.0000,7300
2015-09-11 10:24:57,26.0110,26.0250,26.0100,26.0200,8300
2015-09-11 10:25:58,26.0600,26.0600,26.0150,26.0150,9200
2015-09-11 10:26:59,26.0600,26.0600,26.0400,26.0550,15500
2015-09-11 10:27:05,26.0800,26.0900,26.0600,26.0600,15700
2015-09-11 10:28:59,26.0800,26.0900,26.0800,26.0800,22800
2015-09-11 10:29:59,26.0700,26.0800,26.0600,26.0800,122300
2015-09-11 10:30:26,26.0600,26.0700,26.0500,26.0600,41100
2015-09-11 10:31:11,26.0700,26.0800,26.0600,26.0600,20100
2015-09-11 10:32:07,26.0450,26.0700,26.0450,26.0700,10200
2015-09-11 10:33:00,26.0350,26.0400,26.0200,26.0400,12400
2015-09-11 10:34:17,26.0300,26.0500,26.0300,26.0400,18400
2015-09-11 10:35:59,26.0200,26.0400,26.0100,26.0360,23800
2015-09-11 10:36:59,26.0400,26.0400,26.0100,26.0100,14500
2015-09-11 10:37:01,26.0400,26.0500,26.0200,26.0400,20500
2015-09-11 10:38:58,26.0600,26.0600,26.0400,26.0400,10600
2015-09-11 10:39:02,26.0700,26.0700,26.0501,26.0550,8500
2015-09-11 10:40:53,26.0600,26.0800,26.0600,26.0740,18200
2015-09-11 10:41:22,26.0650,26.0700,26.0650,26.0651,800
2015-09-11 10:42:08,26.0600,26.0900,26.0600,26.0600,40500
2015-09-11 10:43:57,26.0750,26.0750,26.0650,26.0650,3800
2015-09-11 10:44:54,26.0600,26.0800,26.0600,26.0800,15500
2015-09-11 10:45:10,26.0400,26.0700,26.0400,26.0600,14700
2015-09-11 10:46:59,26.0310,26.0500,26.0300,26.0400,20800
2015-09-11 10:47:01,26.0405,26.0500,26.0300,26.0450,7000
2015-09-11 10:48:06,26.0500,26.0500,26.0479,26.0500,1700
2015-09-11 10:49:08,26.0500,26.0600,26.0400,26.0400,30100
2015-09-11 10:50:59,26.0400,26.0500,26.0300,26.0500,44900
2015-09-11 10:51:54,26.0500,26.0500,26.0300,26.0400,24700
2015-09-11 10:52:59,26.0200,26.0400,26.0200,26.0400,7000
2015-09-11 10:53:01,26.0000,26.0200,26.0000,26.0200,10900
2015-09-11 10:54:00,25.9800,26.0000,25.9700,26.0000,14000
2015-09-11 10:55:01,25.9800,25.9800,25.9700,25.9800,2500
2015-09-11 10:56:03,25.9600,25.9700,25.9550,25.9700,9400
2015-09-11 10:57:16,25.9800,25.9800,25.9700,25.9700,8400
2015-09-11 10:58:56,25.9800,25.9900,25.9600,25.9700,31400
2015-09-11 10:59:56,25.9900,25.9900,25.9800,25.9900,4600
2015-09-11 11:00:58,26.0150,26.0200,25.9800,25.9800,29300
2015-09-11 11:01:59,26.0500,26.0550,26.0100,26.0100,49400
2015-09-11 11:02:56,26.0200,26.0550,26.0200,26.0500,18700
2015-09-11 11:03:54,26.0000,26.0300,26.0000,26.0300,3800
2015-09-11 11:04:59,26.0100,26.0300,26.0050,26.0050,12300
2015-09-11 11:05:59,25.9900,26.0100,25.9900,26.0100,17500
2015-09-11 11:06:01,26.0200,26.0200,25.9900,25.9950,7800
2015-09-11 11:07:13,26.0101,26.0101,26.0101,26.0101,900
2015-09-11 11:08:21,26.0100,26.0200,26.0100,26.0100,3800
2015-09-11 11:09:24,26.0200,26.0200,26.0050,26.0100,14700
2015-09-11 11:10:53,26.0200,26.0300,26.0150,26.0200,6700
2015-09-11 11:11:36,26.0200,26.0200,26.0150,26.0200,500
2015-09-11 11:12:59,26.0200,26.0200,26.0100,26.0200,4400
2015-09-11 11:13:11,26.0250,26.0300,26.0200,26.0200,5700
2015-09-11 11:14:50,26.0590,26.0590,26.0200,26.0300,14700
2015-09-11 11:15:57,26.0500,26.0600,26.0500,26.0600,18400
2015-09-11 11:16:53,26.0450,26.0600,26.0400,26.0500,14500
2015-09-11 11:17:46,26.0500,26.0500,26.0300,26.0500,7300
2015-09-11 11:18:01,26.0300,26.0500,26.0300,26.0450,9500
2015-09-11 11:19:54,26.0500,26.0500,26.0300,26.0300,20200
2015-09-11 11:20:02,26.0401,26.0550,26.0401,26.0550,4800
2015-09-11 11:21:56,26.0300,26.0454,26.0300,26.0450,6400
2015-09-11 11:22:44,26.0200,26.0350,26.0200,26.0300,9300
2015-09-11 11:23:05,26.0200,26.0200,26.0200,26.0200,1800
2015-09-11 11:23:51,26.0200,26.0300,26.0200,26.0200,26700
2015-09-11 11:24:57,26.0350,26.0400,26.0300,26.0300,4800
2015-09-11 11:25:56,26.0350,26.0400,26.0200,26.0400,10700
2015-09-11 11:26:59,26.0400,26.0400,26.0250,26.0350,13900
2015-09-11 11:27:55,26.0400,26.0500,26.0400,26.0400,12800
2015-09-11 11:28:59,26.0500,26.0500,26.0400,26.0400,11200
2015-09-11 11:29:57,26.0600,26.0600,26.0450,26.0500,15600
2015-09-11 11:30:56,26.0500,26.0600,26.0500,26.0600,25100
2015-09-11 11:31:50,26.0500,26.0500,26.0400,26.0412,9700
2015-09-11 11:32:50,26.0700,26.0900,26.0700,26.0900,31800
2015-09-11 11:33:50,26.0600,26.0700,26.0600,26.0700,2100
2015-09-11 11:34:48,26.0500,26.0600,26.0500,26.0600,8700
2015-09-11 11:35:53,26.0700,26.0700,26.0550,26.0550,6100
2015-09-11 11:36:57,26.0900,26.0900,26.0613,26.0700,4100
2015-09-11 11:37:47,26.1000,26.1000,26.0900,26.0900,1900
2015-09-11 11:38:00,26.0801,26.0801,26.0801,26.0801,8800
2015-09-11 11:38:03,26.0750,26.0900,26.0700,26.0900,2900
2015-09-11 11:39:33,26.1000,26.1100,26.0800,26.0800,4700
2015-09-11 11:40:00,26.0950,26.1100,26.0950,26.1000,5300
2015-09-11 11:41:05,26.0800,26.1000,26.0750,26.1000,5700
2015-09-11 11:42:58,26.0800,26.0800,26.0750,26.0750,5700
2015-09-11 11:43:47,26.0800,26.0899,26.0700,26.0899,6700
2015-09-11 11:44:34,26.0750,26.0750,26.0700,26.0700,200
2015-09-11 11:45:49,26.0700,26.0750,26.0600,26.0700,6700
2015-09-11 11:46:42,26.0500,26.0600,26.0500,26.0600,5000
2015-09-11 11:47:44,26.0450,26.0550,26.0400,26.0500,3700
2015-09-11 11:48:54,26.0550,26.0550,26.0550,26.0550,5800
2015-09-11 11:49:57,26.0600,26.0700,26.0500,26.0600,10200
2015-09-11 11:50:47,26.0700,26.0700,26.0500,26.0600,3200
2015-09-11 11:51:56,26.1050,26.1100,26.0650,26.0650,10600
2015-09-11 11:52:06,26.1100,26.1300,26.1001,26.1001,11000
2015-09-11 11:53:25,26.0950,26.1000,26.0900,26.1000,5300
2015-09-11 11:54:30,26.0900,26.0950,26.0900,26.0950,800
2015-09-11 11:55:07,26.1100,26.1100,26.1000,26.1000,4300
2015-09-11 11:56:35,26.0900,26.1100,26.0900,26.1100,5300
2015-09-11 11:57:55,26.0850,26.1000,26.0850,26.0922,5100
2015-09-11 11:58:05,26.1000,26.1100,26.0900,26.0900,15500
2015-09-11 11:59:13,26.1000,26.1000,26.0900,26.0900,500
2015-09-11 12:00:59,26.0900,26.1000,26.0900,26.1000,3900
2015-09-11 12:01:39,26.0800,26.0850,26.0800,26.0850,200
2015-09-11 12:02:50,26.0900,26.0900,26.0800,26.0800,6000
2015-09-11 12:03:47,26.1300,26.1350,26.1000,26.1000,13000
2015-09-11 12:04:59,26.1400,26.1600,26.1300,26.1300,23500
2015-09-11 12:05:21,26.1400,26.1400,26.1400,26.1400,200
2015-09-11 12:06:54,26.1500,26.1500,26.1400,26.1500,7100
2015-09-11 12:07:02,26.1500,26.1500,26.1400,26.1400,6700
2015-09-11 12:08:26,26.1300,26.1400,26.1300,26.1400,3400
2015-09-11 12:09:38,26.1400,26.1400,26.1400,26.1400,18200
2015-09-11 12:10:00,26.1600,26.1600,26.1400,26.1400,5600
2015-09-11 12:11:44,26.1700,26.1700,26.1500,26.1550,12000
2015-09-11 12:12:58,26.1600,26.1800,26.1600,26.1700,11600
2015-09-11 12:13:15,26.1600,26.1600,26.1500,26.1500,4900
2015-09-11 12:14:55,26.1600,26.1700,26.1600,26.1700,600
2015-09-11 12:15:00,26.1600,26.1700,26.1600,26.1700,1000
2015-09-11 12:16:03,26.1500,26.1600,26.1500,26.1600,7400
2015-09-11 12:17:47,26.1600,26.1600,26.1500,26.1500,700
2015-09-11 12:18:03,26.1550,26.1700,26.1550,26.1600,16900
2015-09-11 12:19:22,26.1700,26.1700,26.1600,26.1600,6800
2015-09-11 12:20:33,26.1700,26.1700,26.1600,26.1600,1100
2015-09-11 12:21:36,26.1660,26.1660,26.1660,26.1660,10100
2015-09-11 12:24:59,26.1600,26.1600,26.1400,26.1400,14900
2015-09-11 12:25:51,26.1550,26.1600,26.1500,26.1600,1100
2015-09-11 12:26:08,26.1500,26.1600,26.1450,26.1600,6400
2015-09-11 12:27:59,26.1500,26.1500,26.1400,26.1500,2200
2015-09-11 12:28:47,26.1650,26.1650,26.1600,26.1600,4800
2015-09-11 12:29:57,26.1600,26.1650,26.1550,26.1600,6900
2015-09-11 12:30:59,26.1800,26.1800,26.1550,26.1550,14000
2015-09-11 12:31:59,26.1800,26.1800,26.1700,26.1800,1600
2015-09-11 12:32:57,26.1700,26.1800,26.1700,26.1800,900
2015-09-11 12:33:51,26.1900,26.1900,26.1700,26.1700,5300
2015-09-11 12:34:53,26.1900,26.1900,26.1800,26.1800,2800
2015-09-11 12:35:53,26.1800,26.1900,26.1700,26.1850,11700
2015-09-11 12:36:58,26.1700,26.1800,26.1700,26.1750,6900
2015-09-11 12:37:47,26.1700,26.1757,26.1700,26.1700,600
2015-09-11 12:38:23,26.1750,26.1750,26.1750,26.1750,1400
2015-09-11 12:39:54,26.1650,26.1650,26.1600,26.1600,7900
2015-09-11 12:40:56,26.1800,26.1800,26.1700,26.1700,7600
2015-09-11 12:41:00,26.1799,26.1800,26.1750,26.1800,1600
2015-09-11 12:42:05,26.1800,26.1800,26.1750,26.1750,500
2015-09-11 12:43:47,26.1700,26.1800,26.1700,26.1700,3800
2015-09-11 12:44:04,26.2000,26.2000,26.1800,26.1800,15900
2015-09-11 12:45:45,26.2100,26.2100,26.2000,26.2100,900
2015-09-11 12:46:07,26.2050,26.2150,26.2000,26.2100,15400
2015-09-11 12:47:53,26.2200,26.2200,26.2000,26.2060,6700
2015-09-11 12:48:27,26.2200,26.2300,26.2200,26.2300,16700
2015-09-11 12:49:51,26.2350,26.2400,26.2200,26.2350,12900
2015-09-11 12:50:48,26.2300,26.2500,26.2200,26.2300,14600
2015-09-11 12:51:51,26.2401,26.2450,26.2400,26.2400,4500
2015-09-11 12:52:50,26.2500,26.2500,26.2400,26.2400,2100
2015-09-11 12:53:37,26.2300,26.2400,26.2300,26.2400,12500
2015-09-11 12:54:41,26.2400,26.2400,26.2300,26.2300,900
2015-09-11 12:55:50,26.2340,26.2400,26.2300,26.2349,7500
2015-09-11 12:56:52,26.2200,26.2400,26.2200,26.2400,12300
2015-09-11 12:57:53,26.2100,26.2250,26.2100,26.2250,4900
2015-09-11 12:58:01,26.2100,26.2100,26.2100,26.2100,700
2015-09-11 12:59:50,26.2199,26.2300,26.2100,26.2100,15700
2015-09-11 13:00:42,26.2100,26.2300,26.2100,26.2101,9400
2015-09-11 13:01:31,26.2160,26.2160,26.2160,26.2160,400
2015-09-11 13:02:50,26.2150,26.2200,26.2100,26.2100,1000
2015-09-11 13:03:55,26.1900,26.2147,26.1900,26.2100,9200
2015-09-11 13:04:01,26.1950,26.1999,26.1950,26.1999,1200
2015-09-11 13:05:04,26.2000,26.2000,26.1900,26.2000,12000
2015-09-11 13:06:18,26.1850,26.1950,26.1800,26.1900,9700
2015-09-11 13:07:54,26.1900,26.1900,26.1800,26.1800,1700
2015-09-11 13:08:00,26.1800,26.1800,26.1800,26.1800,300
2015-09-11 13:09:50,26.1900,26.1900,26.1800,26.1850,600
2015-09-11 13:10:09,26.1900,26.1900,26.1900,26.1900,2000
2015-09-11 13:11:59,26.1850,26.1850,26.1800,26.1800,1100
2015-09-11 13:12:01,26.1700,26.1900,26.1700,26.1900,16900
2015-09-11 13:13:01,26.1750,26.1750,26.1700,26.1700,300
2015-09-11 13:14:15,26.1500,26.1750,26.1500,26.1750,11100
2015-09-11 13:15:50,26.1400,26.1550,26.1400,26.1550,3900
2015-09-11 13:16:53,26.1400,26.1400,26.1400,26.1400,1400
2015-09-11 13:17:05,26.1400,26.1450,26.1400,26.1450,300
2015-09-11 13:18:54,26.1250,26.1450,26.1250,26.1450,11100
2015-09-11 13:19:23,26.1200,26.1240,26.1200,26.1200,3900
2015-09-11 13:20:57,26.1100,26.1101,26.1000,26.1100,8600
2015-09-11 13:21:59,26.1150,26.1200,26.1050,26.1050,42600
2015-09-11 13:22:55,26.1150,26.1150,26.1100,26.1126,1600
2015-09-11 13:23:58,26.1150,26.1150,26.1150,26.1150,1200
2015-09-11 13:24:55,26.0950,26.1150,26.0900,26.1150,9100
2015-09-11 13:25:02,26.0900,26.0900,26.0900,26.0900,1800
2015-09-11 13:26:05,26.1200,26.1200,26.1000,26.1000,22200
2015-09-11 13:27:43,26.1250,26.1250,26.1100,26.1175,23000
2015-09-11 13:28:51,26.1300,26.1300,26.1200,26.1201,1200
2015-09-11 13:29:12,26.1250,26.1250,26.1250,26.1250,1100
2015-09-11 13:30:47,26.1400,26.1400,26.1300,26.1300,29300
2015-09-11 13:31:01,26.1300,26.1350,26.1300,26.1350,5400
2015-09-11 13:32:58,26.1150,26.1200,26.1100,26.1200,39900
2015-09-11 13:33:49,26.1250,26.1250,26.1100,26.1100,10200
2015-09-11 13:34:00,26.1250,26.1300,26.1150,26.1250,31200
2015-09-11 13:35:51,26.1150,26.1200,26.1100,26.1200,10400
2015-09-11 13:36:15,26.1100,26.1200,26.1100,26.1150,2200
2015-09-11 13:37:47,26.1200,26.1200,26.1200,26.1200,2400
2015-09-11 13:38:43,26.1150,26.1200,26.1150,26.1200,300
2015-09-11 13:39:20,26.1400,26.1400,26.1200,26.1200,16900
2015-09-11 13:40:45,26.1400,26.1400,26.1400,26.1400,700
2015-09-11 13:41:08,26.1400,26.1400,26.1400,26.1400,1900
2015-09-11 13:42:00,26.1400,26.1400,26.1350,26.1400,2900
2015-09-11 13:43:24,26.1400,26.1400,26.1350,26.1400,1400
2015-09-11 13:44:51,26.1600,26.1600,26.1400,26.1400,17300
2015-09-11 13:45:29,26.1600,26.1600,26.1600,26.1600,1100
2015-09-11 13:46:07,26.1600,26.1600,26.1440,26.1500,59300
2015-09-11 13:47:01,26.1600,26.1600,26.1500,26.1600,24100
2015-09-11 13:48:55,26.1450,26.1500,26.1400,26.1500,3200
2015-09-11 13:49:03,26.1400,26.1500,26.1400,26.1500,1600
2015-09-11 13:50:04,26.1460,26.1500,26.1400,26.1400,1700
2015-09-11 13:51:59,26.1450,26.1500,26.1400,26.1500,2900
2015-09-11 13:53:01,26.1450,26.1500,26.1400,26.1400,4300
2015-09-11 13:54:01,26.1500,26.1500,26.1400,26.1450,3600
2015-09-11 13:55:12,26.1700,26.1700,26.1450,26.1500,31500
2015-09-11 13:56:06,26.1700,26.1700,26.1700,26.1700,2700
2015-09-11 13:57:02,26.1700,26.1700,26.1600,26.1700,2900
2015-09-11 13:58:17,26.1650,26.1700,26.1600,26.1700,1400
2015-09-11 13:59:31,26.1700,26.1750,26.1700,26.1700,19300
2015-09-11 14:00:59,26.1800,26.1800,26.1700,26.1750,6100
2015-09-11 14:01:04,26.1800,26.1800,26.1700,26.1800,3300
2015-09-11 14:02:55,26.1800,26.1900,26.1700,26.1800,32100
2015-09-11 14:03:59,26.1800,26.1800,26.1700,26.1750,13700
2015-09-11 14:04:02,26.1800,26.1800,26.1700,26.1800,3200
2015-09-11 14:05:07,26.1700,26.1800,26.1700,26.1800,4300
2015-09-11 14:06:52,26.1750,26.1800,26.1700,26.1700,6500
2015-09-11 14:07:55,26.1800,26.1800,26.1700,26.1700,25000
2015-09-11 14:08:27,26.1900,26.1900,26.1750,26.1800,10900
2015-09-11 14:09:22,26.1800,26.1900,26.1800,26.1900,700
2015-09-11 14:10:57,26.2000,26.2000,26.1800,26.1850,45500
2015-09-11 14:11:02,26.2100,26.2100,26.1950,26.2000,16100
2015-09-11 14:12:51,26.2000,26.2100,26.1900,26.2100,22500
2015-09-11 14:13:59,26.2000,26.2000,26.1900,26.2000,3300
2015-09-11 14:14:45,26.2000,26.2000,26.1900,26.1900,2300
2015-09-11 14:15:04,26.1900,26.2000,26.1900,26.1900,2200
2015-09-11 14:16:55,26.2000,26.2000,26.1900,26.2000,1200
2015-09-11 14:17:59,26.2000,26.2000,26.1900,26.1900,2500
2015-09-11 14:18:59,26.1900,26.2000,26.1900,26.1900,1700
2015-09-11 14:19:57,26.2000,26.2000,26.1950,26.2000,1900
2015-09-11 14:20:05,26.2200,26.2300,26.1950,26.2000,24400
2015-09-11 14:21:05,26.2400,26.2400,26.2250,26.2300,23100
2015-09-11 14:22:01,26.2400,26.2400,26.2350,26.2361,2800
2015-09-11 14:23:45,26.2400,26.2400,26.2300,26.2300,1500
2015-09-11 14:24:02,26.2400,26.2400,26.2350,26.2350,2000
2015-09-11 14:25:40,26.2400,26.2400,26.2300,26.2400,5900
2015-09-11 14:26:15,26.2200,26.2400,26.2200,26.2400,20700
2015-09-11 14:27:58,26.2275,26.2300,26.2200,26.2300,4200
2015-09-11 14:28:09,26.2250,26.2300,26.2200,26.2300,900
2015-09-11 14:29:55,26.2350,26.2350,26.2200,26.2300,17600
2015-09-11 14:30:59,26.2700,26.2700,26.2400,26.2400,15500
2015-09-11 14:31:24,26.2650,26.2700,26.2600,26.2700,1000
2015-09-11 14:32:55,26.2650,26.2700,26.2600,26.2650,23300
2015-09-11 14:33:30,26.2700,26.2800,26.2650,26.2800,23200
2015-09-11 14:34:07,26.2500,26.2600,26.2500,26.2600,7200
2015-09-11 14:35:47,26.2300,26.2550,26.2300,26.2550,18600
2015-09-11 14:36:49,26.2400,26.2400,26.2300,26.2400,4600
2015-09-11 14:37:03,26.2600,26.2700,26.2300,26.2300,15800
2015-09-11 14:38:41,26.2700,26.2700,26.2600,26.2700,18400
2015-09-11 14:39:57,26.2500,26.2650,26.2500,26.2650,12100
2015-09-11 14:40:57,26.2500,26.2500,26.2500,26.2500,6400
2015-09-11 14:41:55,26.2400,26.2500,26.2400,26.2500,9200
2015-09-11 14:42:02,26.2450,26.2500,26.2400,26.2400,4400
2015-09-11 14:43:58,26.2300,26.2450,26.2300,26.2400,6600
2015-09-11 14:44:51,26.2300,26.2355,26.2300,26.2300,4800
2015-09-11 14:45:49,26.2550,26.2600,26.2350,26.2400,28400
2015-09-11 14:46:14,26.2600,26.2600,26.2535,26.2600,2900
2015-09-11 14:47:16,26.2400,26.2500,26.2400,26.2400,15800
2015-09-11 14:48:59,26.2400,26.2450,26.2400,26.2450,5500
2015-09-11 14:49:55,26.2500,26.2500,26.2400,26.2400,7200
2015-09-11 14:50:46,26.2550,26.2550,26.2400,26.2400,13300
2015-09-11 14:51:58,26.2300,26.2550,26.2300,26.2550,22000
2015-09-11 14:52:04,26.2300,26.2400,26.2300,26.2400,2500
2015-09-11 14:53:52,26.2350,26.2400,26.2300,26.2300,2400
2015-09-11 14:54:30,26.2300,26.2400,26.2300,26.2300,1500
2015-09-11 14:55:09,26.2400,26.2400,26.2300,26.2300,5200
2015-09-11 14:56:58,26.2350,26.2400,26.2300,26.2350,12000
2015-09-11 14:57:59,26.2350,26.2400,26.2300,26.2400,3000
2015-09-11 14:58:02,26.2400,26.2400,26.2300,26.2300,11600
2015-09-11 14:59:56,26.2500,26.2500,26.2450,26.2450,10100
2015-09-11 15:00:59,26.2500,26.2500,26.2450,26.2500,7300
2015-09-11 15:01:58,26.2600,26.2600,26.2450,26.2450,13400
2015-09-11 15:02:58,26.2700,26.2700,26.2500,26.2600,7300
2015-09-11 15:03:54,26.2700,26.2700,26.2650,26.2700,3700
2015-09-11 15:04:57,26.2600,26.2650,26.2400,26.2650,41500
2015-09-11 15:05:07,26.2600,26.2600,26.2500,26.2550,1500
2015-09-11 15:06:05,26.2850,26.2900,26.2550,26.2550,15600
2015-09-11 15:07:26,26.2769,26.2850,26.2700,26.2800,20500
2015-09-11 15:08:57,26.2600,26.2800,26.2600,26.2700,7000
2015-09-11 15:09:04,26.2600,26.2690,26.2600,26.2600,21100
2015-09-11 15:10:07,26.2500,26.2550,26.2500,26.2500,2400
2015-09-11 15:11:54,26.2650,26.2700,26.2500,26.2500,23700
2015-09-11 15:12:43,26.2700,26.2800,26.2650,26.2650,19800
2015-09-11 15:13:04,26.2500,26.2550,26.2500,26.2500,16700
2015-09-11 15:14:51,26.2600,26.2650,26.2500,26.2500,23900
2015-09-11 15:15:00,26.2700,26.2700,26.2550,26.2600,13100
2015-09-11 15:16:51,26.2650,26.2700,26.2650,26.2700,13100
2015-09-11 15:17:59,26.2800,26.2800,26.2650,26.2700,24100
2015-09-11 15:18:00,26.2750,26.2800,26.2700,26.2800,2700
2015-09-11 15:19:02,26.2600,26.2800,26.2600,26.2800,14600
2015-09-11 15:20:53,26.2800,26.2800,26.2600,26.2600,14400
2015-09-11 15:21:03,26.2650,26.2700,26.2600,26.2650,11000
2015-09-11 15:22:58,26.2690,26.2700,26.2600,26.2700,10900
2015-09-11 15:23:40,26.2450,26.2600,26.2450,26.2600,23800
2015-09-11 15:24:55,26.2550,26.2600,26.2500,26.2550,14400
2015-09-11 15:25:59,26.2600,26.2600,26.2500,26.2600,10700
2015-09-11 15:26:52,26.2501,26.2600,26.2500,26.2500,16300
2015-09-11 15:27:00,26.2600,26.2600,26.2500,26.2550,4400
2015-09-11 15:28:59,26.2650,26.2700,26.2550,26.2550,15700
2015-09-11 15:29:00,26.2650,26.2700,26.2650,26.2650,8200
2015-09-11 15:30:53,26.2500,26.2700,26.2500,26.2650,26100
2015-09-11 15:31:01,26.2550,26.2600,26.2500,26.2500,13600
2015-09-11 15:32:58,26.2550,26.2600,26.2500,26.2600,5800
2015-09-11 15:33:00,26.2400,26.2600,26.2400,26.2600,34900
2015-09-11 15:34:54,26.2450,26.2450,26.2300,26.2300,21400
2015-09-11 15:35:21,26.2500,26.2500,26.2400,26.2450,7900
2015-09-11 15:36:59,26.2500,26.2500,26.2400,26.2450,5100
2015-09-11 15:37:00,26.2450,26.2500,26.2400,26.2400,5100
2015-09-11 15:38:57,26.2500,26.2600,26.2400,26.2400,33500
2015-09-11 15:39:07,26.2550,26.2600,26.2500,26.2600,5800
2015-09-11 15:40:01,26.2500,26.2600,26.2300,26.2600,39000
2015-09-11 15:41:11,26.2500,26.2500,26.2400,26.2500,12600
2015-09-11 15:42:50,26.2350,26.2500,26.2350,26.2450,13300
2015-09-11 15:43:45,26.2300,26.2400,26.2300,26.2350,3500
2015-09-11 15:44:59,26.2600,26.2600,26.2300,26.2300,27000
2015-09-11 15:45:00,26.2500,26.2600,26.2400,26.2550,29000
2015-09-11 15:46:58,26.2450,26.2500,26.2400,26.2500,3900
2015-09-11 15:47:59,26.2350,26.2500,26.2350,26.2400,27200
2015-09-11 15:48:00,26.2350,26.2400,26.2300,26.2350,7400
2015-09-11 15:49:57,26.2350,26.2400,26.2300,26.2300,7000
2015-09-11 15:50:56,26.2600,26.2600,26.2350,26.2400,49500
2015-09-11 15:51:59,26.2800,26.2800,26.2550,26.2550,27500
2015-09-11 15:52:32,26.2850,26.2900,26.2750,26.2750,19200
2015-09-11 15:53:59,26.2700,26.2900,26.2600,26.2850,80800
2015-09-11 15:54:58,26.2700,26.2700,26.2600,26.2600,16200
2015-09-11 15:55:54,26.2700,26.2800,26.2650,26.2700,40800
2015-09-11 15:56:13,26.2900,26.2900,26.2740,26.2750,73900
2015-09-11 15:57:58,26.2750,26.2800,26.2700,26.2750,6200
2015-09-11 15:58:04,26.2750,26.2800,26.2700,26.2750,74300
2015-09-11 15:59:01,26.2700,26.2700,26.2700,26.2700,300
2015-09-11 15:59:59,26.3200,26.3300,26.2700,26.2700,388900
2015-09-11 16:00:00,26.3200,26.3200,26.3200,26.3200,4400
2015-09-14 09:30:59,26.0800,26.1400,26.0800,26.0900,148300
2015-09-14 09:31:59,26.0901,26.1200,26.0700,26.0800,6900
2015-09-14 09:32:54,26.1000,26.1000,26.0400,26.0900,13900
2015-09-14 09:33:03,26.0200,26.0900,26.0000,26.0900,13700
2015-09-14 09:34:05,25.9800,26.0400,25.9700,26.0400,17700
2015-09-14 09:35:52,25.9200,25.9800,25.9200,25.9800,22600
2015-09-14 09:36:59,25.8700,25.9200,25.8600,25.9200,87100
2015-09-14 09:37:59,25.8600,25.8750,25.8200,25.8700,23200
2015-09-14 09:38:10,25.8700,25.8700,25.8600,25.8600,14200
2015-09-14 09:39:59,25.8800,25.8900,25.8560,25.8600,29900
2015-09-14 09:40:47,25.8900,25.9000,25.8700,25.8799,11800
2015-09-14 09:41:56,25.9000,25.9100,25.8600,25.8900,14500
2015-09-14 09:42:03,25.9000,25.9100,25.8900,25.9050,5300
2015-09-14 09:43:59,25.8890,25.9100,25.8700,25.9100,9300
2015-09-14 09:44:59,25.8700,25.8900,25.8700,25.8900,17200
2015-09-14 09:45:58,25.8650,25.8700,25.8500,25.8700,15900
2015-09-14 09:46:59,25.8400,25.8700,25.8400,25.8700,24100
2015-09-14 09:47:02,25.8000,25.8400,25.7900,25.8400,23200
2015-09-14 09:48:08,25.8200,25.8200,25.7900,25.8050,9500
2015-09-14 09:49:01,25.8300,25.8400,25.8299,25.8300,2100
2015-09-14 09:50:59,25.8500,25.8500,25.8100,25.8300,22500
2015-09-14 09:51:56,25.8700,25.8700,25.8500,25.8500,1900
2015-09-14 09:52:48,25.8750,25.8800,25.8600,25.8700,1400
2015-09-14 09:53:44,25.8700,25.8800,25.8600,25.8800,9000
2015-09-14 09:54:58,25.8900,25.8900,25.8500,25.8600,8200
2015-09-14 09:55:00,25.8700,25.9000,25.8700,25.8900,14300
2015-09-14 09:56:07,25.8800,25.8800,25.8600,25.8650,8400
2015-09-14 09:57:48,25.8950,25.9000,25.8900,25.8900,2100
2015-09-14 09:58:00,25.8900,25.8900,25.8843,25.8900,9200
2015-09-14 09:59:55,25.8700,25.8900,25.8650,25.8800,15200
2015-09-14 10:00:56,25.8700,25.8800,25.8600,25.8800,8200
2015-09-14 10:01:59,25.8800,25.8800,25.8600,25.8750,41600
2015-09-14 10:02:00,25.9000,25.9000,25.8800,25.8800,7200
2015-09-14 10:03:04,25.9250,25.9300,25.9000,25.9100,8800
2015-09-14 10:04:06,25.9200,25.9250,25.9000,25.9201,15500
2015-09-14 10:05:04,25.9100,25.9200,25.9100,25.9125,3300
2015-09-14 10:06:51,25.8900,25.9100,25.8900,25.9100,9100
2015-09-14 10:07:59,25.9100,25.9100,25.8800,25.8950,14200
2015-09-14 10:08:01,25.9168,25.9300,25.9100,25.9100,20400
2015-09-14 10:09:50,25.9200,25.9300,25.9200,25.9200,3500
2015-09-14 10:10:57,25.9200,25.9250,25.9100,25.9200,8300
2015-09-14 10:11:59,25.9100,25.9300,25.9000,25.9300,9600
2015-09-14 10:12:56,25.9400,25.9400,25.9050,25.9050,6700
2015-09-14 10:13:57,25.9500,25.9500,25.9350,25.9400,3300
2015-09-14 10:14:00,25.9550,25.9650,25.9450,25.9450,11800
2015-09-14 10:15:06,25.9650,25.9650,25.9600,25.9600,3500
2015-09-14 10:16:59,25.9550,25.9650,25.9500,25.9650,12100
2015-09-14 10:17:57,25.9400,25.9550,25.9400,25.9550,5700
2015-09-14 10:18:01,25.9450,25.9500,25.9400,25.9450,3500
2015-09-14 10:19:11,25.9600,25.9600,25.9400,25.9450,7200
2015-09-14 10:20:53,25.9400,25.9600,25.9400,25.9550,8600
2015-09-14 10:21:53,25.9200,25.9450,25.9200,25.9450,18100
2015-09-14 10:22:51,25.9400,25.9400,25.9200,25.9210,9100
2015-09-14 10:23:00,25.9600,25.9600,25.9300,25.9350,14000
2015-09-14 10:24:51,25.9800,25.9800,25.9550,25.9633,13400
2015-09-14 10:25:55,25.9600,25.9800,25.9600,25.9800,9000
2015-09-14 10:26:48,25.9400,25.9600,25.9400,25.9600,5800
2015-09-14 10:27:01,25.9300,25.9450,25.9300,25.9450,5200
2015-09-14 10:28:51,25.9300,25.9350,25.9300,25.9300,1600
2015-09-14 10:29:59,25.9200,25.9300,25.9000,25.9300,31600
2015-09-14 10:30:59,25.9350,25.9400,25.9150,25.9150,9300
2015-09-14 10:31:58,25.8950,25.9250,25.8900,25.9200,22400
2015-09-14 10:32:58,25.9100,25.9100,25.8950,25.8950,10600
2015-09-14 10:33:58,25.9100,25.9100,25.9001,25.9050,4800
2015-09-14 10:34:51,25.9150,25.9200,25.9100,25.9100,4300
2015-09-14 10:35:55,25.8800,25.9200,25.8800,25.9150,18900
2015-09-14 10:36:57,25.8750,25.8850,25.8600,25.8800,22500
2015-09-14 10:37:59,25.8800,25.8800,25.8600,25.8700,38200
2015-09-14 10:38:58,25.8850,25.9000,25.8800,25.8850,13400
2015-09-14 10:39:57,25.8800,25.9000,25.8750,25.8950,30000
2015-09-14 10:40:46,25.8750,25.8750,25.8700,25.8700,1600
2015-09-14 10:41:47,25.8600,25.8750,25.8500,25.8750,11400
2015-09-14 10:42:04,25.8700,25.8800,25.8537,25.8537,27200
2015-09-14 10:43:58,25.8750,25.8800,25.8700,25.8800,5800
2015-09-14 10:44:57,25.8900,25.8900,25.8700,25.8750,10400
2015-09-14 10:45:00,25.8700,25.8900,25.8700,25.8800,11200
2015-09-14 10:46:58,25.8650,25.8700,25.8600,25.8700,5000
2015-09-14 10:47:59,25.8800,25.8800,25.8600,25.8600,40200
2015-09-14 10:48:55,25.8800,25.8800,25.8700,25.8800,3200
2015-09-14 10:49:53,25.9000,25.9000,25.8800,25.8800,7400
2015-09-14 10:50:59,25.8800,25.9000,25.8750,25.9000,24200
2015-09-14 10:51:56,25.8600,25.8800,25.8500,25.8800,20800
2015-09-14 10:52:01,25.8800,25.8850,25.8600,25.8600,15400
2015-09-14 10:53:57,25.8900,25.9000,25.8800,25.8800,5700
2015-09-14 10:54:01,25.9100,25.9100,25.8900,25.8900,30500
2015-09-14 10:55:04,25.9050,25.9050,25.8900,25.9000,5500
2015-09-14 10:56:03,25.8800,25.9100,25.8800,25.9000,21900
2015-09-14 10:57:08,25.8850,25.8900,25.8750,25.8800,23300
2015-09-14 10:58:56,25.8800,25.8850,25.8800,25.8850,1100
2015-09-14 10:59:58,25.9000,25.9000,25.8800,25.8850,16400
2015-09-14 11:00:00,25.9050,25.9050,25.8950,25.8950,14300
2015-09-14 11:01:57,25.9100,25.9100,25.9000,25.9100,13200
2015-09-14 11:02:02,25.8950,25.9100,25.8900,25.9050,17000
2015-09-14 11:03:53,25.9150,25.9200,25.8950,25.9000,22300
2015-09-14 11:04:01,25.9200,25.9200,25.9100,25.9200,9800
2015-09-14 11:05:57,25.9200,25.9200,25.9150,25.9150,4600
2015-09-14 11:06:54,25.9150,25.9200,25.9100,25.9200,18900
2015-09-14 11:07:59,25.8800,25.9200,25.8750,25.9200,93700
2015-09-14 11:08:01,25.9150,25.9200,25.8800,25.8800,10800
2015-09-14 11:09:41,25.8800,25.9100,25.8800,25.9100,18100
2015-09-14 11:10:02,25.8950,25.9000,25.8800,25.8900,11100
2015-09-14 11:11:56,25.8700,25.8950,25.8700,25.8900,12800
2015-09-14 11:12:57,25.8700,25.8760,25.8700,25.8750,5900
2015-09-14 11:13:57,25.8700,25.8800,25.8700,25.8700,1900
2015-09-14 11:14:59,25.8700,25.8800,25.8500,25.8800,23600
2015-09-14 11:15:04,25.8650,25.8700,25.8600,25.8700,14000
2015-09-14 11:16:44,25.8500,25.8750,25.8500,25.8720,16800
2015-09-14 11:17:58,25.8550,25.8600,25.8500,25.8500,6500
2015-09-14 11:18:51,25.8400,25.8550,25.8400,25.8550,5900
2015-09-14 11:19:56,25.8400,25.8500,25.8200,25.8400,30900
2015-09-14 11:20:50,25.8400,25.8500,25.8350,25.8400,61900
2015-09-14 11:21:00,25.8300,25.8390,25.8200,25.8350,11600
2015-09-14 11:22:05,25.8350,25.8400,25.8300,25.8300,3600
2015-09-14 11:23:02,25.8300,25.8400,25.8200,25.8300,10700
2015-09-14 11:24:47,25.8350,25.8400,25.8300,25.8300,6000
2015-09-14 11:25:01,25.8350,25.8400,25.8300,25.8350,17100
2015-09-14 11:26:56,25.8350,25.8400,25.8300,25.8300,1600
2015-09-14 11:27:06,25.8200,25.8350,25.8200,25.8350,7000
2015-09-14 11:28:59,25.8200,25.8250,25.8200,25.8200,1300
2015-09-14 11:29:00,25.8000,25.8200,25.8000,25.8200,21400
2015-09-14 11:30:58,25.7900,25.8100,25.7900,25.8000,8300
2015-09-14 11:31:56,25.7900,25.8000,25.7900,25.7900,2200
2015-09-14 11:32:02,25.7900,25.7900,25.7900,25.7900,6000
2015-09-14 11:32:59,25.7950,25.8000,25.7900,25.8000,14900
2015-09-14 11:33:38,25.7950,25.7950,25.7950,25.7950,1200
2015-09-14 11:34:58,25.8000,25.8017,25.7900,25.7950,13800
2015-09-14 11:35:49,25.7800,25.8000,25.7701,25.7950,30300
2015-09-14 11:36:55,25.7601,25.7900,25.7500,25.7800,36800
2015-09-14 11:37:53,25.7600,25.7700,25.7500,25.7600,61600
2015-09-14 11:38:59,25.7500,25.7700,25.7500,25.7600,20000
2015-09-14 11:39:59,25.7450,25.7550,25.7400,25.7500,49300
2015-09-14 11:40:58,25.7600,25.7600,25.7400,25.7450,33400
2015-09-14 11:41:55,25.7550,25.7600,25.7500,25.7550,7300
2015-09-14 11:42:49,25.7550,25.7600,25.7500,25.7500,7400
2015-09-14 11:43:59,25.7450,25.7550,25.7400,25.7500,21000
2015-09-14 11:44:53,25.7450,25.7613,25.7350,25.7350,22300
2015-09-14 11:45:59,25.7400,25.7400,25.7300,25.7400,26400
2015-09-14 11:46:59,25.7350,25.7400,25.7300,25.7350,6900
2015-09-14 11:47:07,25.7350,25.7350,25.7350,25.7350,300
2015-09-14 11:47:54,25.7300,25.7400,25.7300,25.7350,4900
2015-09-14 11:48:32,25.7400,25.7400,25.7313,25.7313,5600
2015-09-14 11:49:40,25.7302,25.7400,25.7300,25.7350,4300
2015-09-14 11:50:49,25.7300,25.7400,25.7300,25.7350,5600
2015-09-14 11:51:51,25.7350,25.7350,25.7347,25.7347,3300
2015-09-14 11:52:00,25.7350,25.7350,25.7350,25.7350,200
2015-09-15 09:30:46,25.7800,25.8000,25.7700,25.8000,106300
2015-09-15 09:31:58,25.5900,25.7000,25.5700,25.6950,60200
2015-09-15 09:32:59,25.5400,25.5850,25.5100,25.5700,51500
2015-09-15 09:33:58,25.5600,25.5800,25.5250,25.5400,49700
2015-09-15 09:34:58,25.5400,25.5700,25.5350,25.5700,44100
2015-09-15 09:35:55,25.5550,25.5800,25.5000,25.5600,64000
2015-09-15 09:36:59,25.5400,25.5600,25.5200,25.5500,35900
2015-09-15 09:37:53,25.5200,25.5500,25.5200,25.5450,22800
2015-09-15 09:38:59,25.6100,25.6200,25.5200,25.5300,34200
2015-09-15 09:39:56,25.5700,25.6100,25.5650,25.6000,28600
2015-09-15 09:40:59,25.5500,25.5800,25.5500,25.5600,26000
2015-09-15 09:41:59,25.5125,25.5600,25.5100,25.5500,26100
2015-09-15 09:42:57,25.5200,25.5200,25.5100,25.5150,43500
2015-09-15 09:43:57,25.5050,25.5150,25.4800,25.5100,44800
2015-09-15 09:44:53,25.5000,25.5100,25.4900,25.5050,47200
2015-09-15 09:45:59,25.5000,25.5000,25.4800,25.5000,19500
2015-09-15 09:46:59,25.4850,25.5000,25.4800,25.4900,29400
2015-09-15 09:47:02,25.5000,25.5000,25.4850,25.4900,9100
2015-09-15 09:48:02,25.4700,25.5100,25.4700,25.4901,66100
2015-09-15 09:49:56,25.4800,25.4900,25.4600,25.4700,38500
2015-09-15 09:50:59,25.5000,25.5000,25.4800,25.4832,38200
2015-09-15 09:51:00,25.4828,25.5000,25.4800,25.5000,28300
2015-09-15 09:52:57,25.4800,25.5000,25.4800,25.4850,43800
2015-09-15 09:53:59,25.4950,25.5000,25.4800,25.4900,65800
2015-09-15 09:54:01,25.5000,25.5000,25.4900,25.5000,55600
2015-09-15 09:55:02,25.4950,25.5000,25.4900,25.5000,50400
2015-09-15 09:56:02,25.4900,25.5000,25.4900,25.4950,7100
2015-09-15 09:57:59,25.4900,25.5000,25.4900,25.4967,26700
2015-09-15 09:58:55,25.4850,25.5100,25.4800,25.4999,65800
2015-09-15 09:59:01,25.4700,25.4900,25.4700,25.4890,90700
2015-09-15 10:00:59,25.4700,25.4900,25.4700,25.4750,42900
2015-09-15 10:01:58,25.4700,25.4900,25.4700,25.4750,39800
2015-09-15 10:02:57,25.4800,25.4900,25.4700,25.4800,82300
2015-09-15 10:03:04,25.4700,25.4900,25.4700,25.4821,18600
2015-09-15 10:04:58,25.4500,25.4700,25.4500,25.4700,43700
2015-09-15 10:05:01,25.4500,25.4600,25.4500,25.4550,57300
2015-09-15 10:06:11,25.4600,25.4600,25.4500,25.4500,8400
2015-09-15 10:07:56,25.4500,25.4600,25.4400,25.4500,23200
2015-09-15 10:08:00,25.4300,25.4500,25.4300,25.4450,16200
2015-09-15 10:09:58,25.4200,25.4300,25.4200,25.4300,20000
2015-09-15 10:10:59,25.4299,25.4300,25.4200,25.4250,45200
2015-09-15 10:11:57,25.4100,25.4250,25.4100,25.4200,21200
2015-09-15 10:12:00,25.4300,25.4300,25.4100,25.4100,52700
2015-09-15 10:13:54,25.4400,25.4400,25.4200,25.4250,58300
2015-09-15 10:14:59,25.4450,25.4500,25.4200,25.4350,76700
2015-09-15 10:15:05,25.4350,25.4500,25.4300,25.4400,43600
2015-09-15 10:16:56,25.4350,25.4400,25.4300,25.4400,14400
2015-09-15 10:17:00,25.4700,25.4800,25.4300,25.4400,85100
2015-09-15 10:18:59,25.5400,25.5400,25.4700,25.4700,47200
2015-09-15 10:19:58,25.5000,25.5400,25.5000,25.5375,53600
2015-09-15 10:20:56,25.5000,25.5100,25.4800,25.5000,84200
2015-09-15 10:21:59,25.5050,25.5100,25.5000,25.5100,55200
2015-09-15 10:22:59,25.5500,25.5500,25.5000,25.5050,55500
2015-09-15 10:23:00,25.5400,25.5500,25.5200,25.5500,30200
2015-09-15 10:24:58,25.5400,25.5500,25.5300,25.5300,26100
2015-09-15 10:25:56,25.5250,25.5500,25.5250,25.5400,59600
2015-09-15 10:26:58,25.5300,25.5400,25.5200,25.5200,16000
2015-09-15 10:27:59,25.5600,25.5600,25.5300,25.5350,26100
2015-09-15 10:28:59,25.5600,25.5651,25.5500,25.5500,17700
2015-09-15 10:29:56,25.5600,25.5700,25.5500,25.5600,15700
2015-09-15 10:30:57,25.5600,25.5700,25.5500,25.5600,33800
2015-09-15 10:31:57,25.5700,25.5800,25.5600,25.5600,35000
2015-09-15 10:32:57,25.5550,25.5800,25.5500,25.5750,21500
2015-09-15 10:33:59,25.5450,25.5700,25.5450,25.5500,46500
2015-09-15 10:34:00,25.6050,25.6200,25.5450,25.5450,43800
2015-09-15 10:35:03,25.6000,25.6100,25.5950,25.6000,17300
2015-09-15 10:36:07,25.5900,25.6100,25.5900,25.6000,42700
2015-09-15 10:37:58,25.5700,25.5985,25.5700,25.5985,21000
2015-09-15 10:38:57,25.5700,25.5800,25.5700,25.5750,14200
2015-09-15 10:39:55,25.5600,25.5800,25.5600,25.5700,30500
2015-09-15 10:40:58,25.5750,25.5800,25.5600,25.5600,72300
2015-09-15 10:41:59,25.5700,25.5800,25.5700,25.5750,17400
2015-09-15 10:42:49,25.5850,25.5900,25.5700,25.5700,104200
2015-09-15 10:43:09,25.6000,25.6000,25.5700,25.5850,64500
2015-09-15 10:44:06,25.6100,25.6100,25.5900,25.5900,34700
2015-09-15 10:45:01,25.6638,25.6700,25.6100,25.6100,34300
2015-09-15 10:46:56,25.6600,25.6700,25.6500,25.6700,22800
2015-09-15 10:47:57,25.6550,25.6600,25.6400,25.6500,23800
2015-09-15 10:48:55,25.6400,25.6600,25.6400,25.6500,28400
2015-09-15 10:49:57,25.6400,25.6500,25.6400,25.6500,1600
2015-09-15 10:50:56,25.6600,25.6700,25.6500,25.6500,21800
2015-09-15 10:51:56,25.6601,25.6700,25.6550,25.6600,11200
2015-09-15 10:52:59,25.6800,25.6800,25.6600,25.6700,16500
2015-09-15 10:53:10,25.6800,25.6800,25.6700,25.6800,11500
2015-09-15 10:54:01,25.6700,25.6700,25.6700,25.6700,500
2015-09-15 10:54:59,25.6550,25.6800,25.6500,25.6700,49700
2015-09-15 10:55:57,25.6600,25.6700,25.6500,25.6510,34800
2015-09-15 10:56:54,25.6600,25.6700,25.6500,25.6549,24100
2015-09-15 10:57:57,25.6650,25.6700,25.6550,25.6550,24100
2015-09-15 10:58:36,25.6800,25.6800,25.6650,25.6700,14500
2015-09-15 10:59:57,25.7099,25.7100,25.6700,25.6700,25200
2015-09-15 11:00:50,25.7400,25.7400,25.6663,25.7100,11100
2015-09-15 11:01:56,25.7500,25.7500,25.6789,25.7400,18300
2015-09-15 11:02:58,25.7000,25.7300,25.6900,25.7300,35500
2015-09-15 11:03:57,25.7100,25.7100,25.6900,25.7000,15200
2015-09-15 11:04:55,25.7300,25.7300,25.7132,25.7200,3800
2015-09-15 11:05:58,25.7500,25.7500,25.7300,25.7300,7200
2015-09-15 11:06:52,25.7440,25.7500,25.7300,25.7450,19000
2015-09-15 11:07:59,25.7350,25.7500,25.7300,25.7400,9500
2015-09-15 11:08:56,25.7400,25.7500,25.7300,25.7400,11800
2015-09-15 11:09:00,25.7300,25.7300,25.7300,25.7300,100
2015-09-15 11:10:56,25.7300,25.7350,25.7200,25.7350,13100
2015-09-15 11:11:00,25.7300,25.7300,25.7300,25.7300,500
2015-09-15 11:11:49,25.7250,25.7400,25.7200,25.7300,76000
2015-09-15 11:12:59,25.7400,25.7400,25.7200,25.7250,7400
2015-09-15 11:13:44,25.7550,25.7600,25.7350,25.7376,16000
2015-09-15 11:14:51,25.7400,25.7520,25.7400,25.7500,15800
2015-09-15 11:15:59,25.7100,25.7500,25.7100,25.7400,37100
2015-09-15 11:16:55,25.7050,25.7100,25.6900,25.7100,32300
2015-09-15 11:17:54,25.7500,25.7500,25.7050,25.7100,40200
2015-09-15 11:18:46,25.7200,25.7500,25.7100,25.7500,25900
2015-09-15 11:19:40,25.6900,25.7100,25.6900,25.7100,7000
2015-09-15 11:20:54,25.7100,25.7150,25.7100,25.7101,33600
2015-09-15 11:21:58,25.6850,25.7237,25.6850,25.7100,14900
2015-09-15 11:22:59,25.7300,25.7400,25.6900,25.6900,79300
2015-09-15 11:23:50,25.7250,25.7400,25.7200,25.7400,19500
2015-09-15 11:24:20,25.7250,25.7300,25.7200,25.7300,2100
2015-09-15 11:25:54,25.7250,25.7300,25.7200,25.7250,14100
2015-09-15 11:26:01,25.7250,25.7250,25.7250,25.7250,300
