2015-09-10 09:30:12,612.0400,613.3500,611.8500,613.3400,28600
2015-09-10 09:31:12,612.3375,612.3375,611.7750,612.0400,5400
2015-09-10 09:32:01,612.3900,612.3900,611.4300,611.7000,3100
2015-09-10 09:33:01,614.8000,615.2100,612.6300,612.6300,13200
2015-09-10 09:34:01,614.3000,615.1100,614.3000,614.6200,5700
2015-09-10 09:35:04,613.4250,614.3400,613.4250,613.8250,2600
2015-09-10 09:36:09,612.3400,613.7150,612.2200,613.5200,3400
2015-09-10 09:37:06,613.4000,613.6100,612.3200,612.4200,4600
2015-09-10 09:38:21,613.2706,614.0867,613.2300,613.2300,4500
2015-09-10 09:39:48,614.0300,614.6999,613.5000,613.8600,6700
2015-09-10 09:40:59,614.5900,614.8400,613.8700,613.8700,6800
2015-09-10 09:41:01,615.4400,615.4400,614.5750,614.6500,3900
2015-09-10 09:42:05,615.2500,615.4500,614.2500,615.1705,7300
2015-09-10 09:43:08,614.8000,615.2100,614.3700,614.8700,4100
2015-09-10 09:44:04,614.4200,615.4300,613.6510,615.2000,6200
2015-09-10 09:45:04,614.5350,614.5350,613.9200,613.9200,2000
2015-09-10 09:46:58,614.5300,614.8980,614.0700,614.0700,2800
2015-09-10 09:47:01,614.4400,614.4400,613.9320,614.2100,6200
2015-09-10 09:48:14,614.3000,614.9400,614.0700,614.1700,4800
2015-09-10 09:49:13,614.4000,615.1300,614.4000,614.7500,1300
2015-09-10 09:50:02,614.6700,614.8100,613.9200,614.7600,10200
2015-09-10 09:51:10,614.6000,614.6600,614.3100,614.3100,2300
2015-09-10 09:52:54,616.0000,616.1100,614.9900,615.3500,9400
2015-09-10 09:53:58,615.6200,616.0700,614.8200,616.0000,4400
2015-09-10 09:54:01,615.3200,615.3200,614.3900,615.0500,5000
2015-09-10 09:55:17,615.3000,615.7400,615.3000,615.6700,2000
2015-09-10 09:56:00,615.8400,615.9400,615.2100,615.3000,5200
2015-09-10 09:57:16,616.6400,617.4000,615.9600,615.9600,10700
2015-09-10 09:58:07,617.5292,617.8000,617.2400,617.2400,4200
2015-09-10 09:59:02,615.4800,617.6100,615.4700,617.6100,7700
2015-09-10 10:00:03,617.0000,617.0000,615.4050,615.4050,1700
2015-09-10 10:01:10,616.6000,617.0800,616.0000,616.6700,4600
2015-09-10 10:02:03,617.7300,617.7300,616.5800,616.5800,9400
2015-09-10 10:03:01,616.5700,617.8000,616.5700,617.6700,7600
2015-09-10 10:04:04,616.4900,616.5600,615.8500,616.5295,6700
2015-09-10 10:05:02,617.1700,617.5000,616.4600,616.7700,3800
2015-09-10 10:06:09,617.5000,617.5000,617.0000,617.0000,2800
2015-09-10 10:07:04,616.2200,616.8300,616.1400,616.4000,2800
2015-09-10 10:08:02,616.7800,617.0000,616.4300,616.6600,7400
2015-09-10 10:09:59,615.9600,616.5000,615.7100,616.5000,14800
2015-09-10 10:10:59,615.0050,616.1600,615.0000,616.1600,27700
2015-09-10 10:11:59,615.1900,615.1900,614.5300,615.0600,19700
2015-09-10 10:12:04,615.2400,615.8000,615.0000,615.0500,12300
2015-09-10 10:13:54,615.5400,615.6848,615.0000,615.0000,2000
2015-09-10 10:14:00,614.9100,615.6300,614.9100,615.6300,2400
2015-09-10 10:15:59,613.2936,615.3400,613.2750,614.6700,5000
2015-09-10 10:16:01,613.9700,613.9700,613.3300,613.4000,2700
2015-09-10 10:17:06,613.7200,614.6876,613.7200,613.7565,5600
2015-09-10 10:18:00,613.4400,614.0700,613.4400,613.5200,9800
2015-09-10 10:19:57,614.9400,614.9400,613.7600,614.0100,5800
2015-09-10 10:20:59,615.2200,615.3100,614.9400,614.9400,2800
2015-09-10 10:21:15,614.1600,615.2838,614.1300,615.2838,3700
2015-09-10 10:22:26,615.5100,615.5100,614.8000,614.8000,2900
2015-09-10 10:23:21,615.6600,615.6600,615.3900,615.3900,1700
2015-09-10 10:24:00,614.0500,615.3900,614.0500,615.3500,2100
2015-09-10 10:25:56,613.7506,614.0600,613.5800,614.0200,1900
2015-09-10 10:26:08,613.9200,614.0800,613.3300,613.7080,5600
2015-09-10 10:27:23,614.2000,614.2000,613.4400,613.8000,2500
2015-09-10 10:28:11,614.3000,614.3000,613.8500,614.2000,6800
2015-09-10 10:29:02,614.4400,614.4400,613.7500,614.1200,5100
2015-09-10 10:30:00,614.3000,614.9880,614.3000,614.5800,4600
2015-09-10 10:31:02,615.7200,615.7200,614.2300,614.2300,7400
2015-09-10 10:32:48,615.3700,616.1900,615.3000,615.9600,10300
2015-09-10 10:33:02,615.1800,615.4500,615.1100,615.3000,15100
2015-09-10 10:34:35,615.9100,616.0600,615.1100,615.1200,11300
2015-09-10 10:35:31,617.1600,617.5100,616.9100,617.0000,14400
2015-09-10 10:36:02,617.4300,617.7700,616.7900,617.1700,12800
2015-09-10 10:37:00,617.3680,617.7600,617.2000,617.4000,8500
2015-09-10 10:38:02,616.8100,617.7869,616.8100,617.7869,7800
2015-09-10 10:39:00,617.5600,617.9900,617.0000,617.2500,12000
2015-09-10 10:40:02,618.1600,618.4500,617.6800,617.6800,17800
2015-09-10 10:41:09,617.8650,618.2000,617.8600,618.0100,12100
2015-09-10 10:42:24,617.6000,617.9800,617.4400,617.6100,13600
2015-09-10 10:43:18,618.0900,618.2900,617.8000,617.9800,11900
2015-09-10 10:44:07,617.9700,618.4500,617.9600,618.1400,8500
2015-09-10 10:45:33,618.0000,618.6000,618.0000,618.3000,7000
2015-09-10 10:46:05,618.2800,618.8800,618.2800,618.4650,6200
2015-09-10 10:47:15,618.6000,618.6500,618.3600,618.3600,1800
2015-09-10 10:48:03,619.1300,619.2599,618.8000,618.8800,3600
2015-09-10 10:49:09,618.1600,618.7000,618.1600,618.6300,7900
2015-09-10 10:50:06,619.2300,619.5400,618.8400,618.8400,9400
2015-09-10 10:51:10,619.2500,619.5900,619.0000,619.5900,7700
2015-09-10 10:52:03,618.5455,619.1350,618.5455,618.8900,14900
2015-09-10 10:53:59,618.1900,618.4000,618.0300,618.3850,11800
2015-09-10 10:54:48,618.4550,618.4800,618.0000,618.0201,19400
2015-09-10 10:55:48,618.4500,618.8500,618.3800,618.4000,4400
2015-09-10 10:56:27,618.0900,618.6500,618.0900,618.3100,1900
2015-09-10 10:57:12,618.6497,618.6497,618.0600,618.3180,4800
2015-09-10 10:58:58,618.0700,618.4200,618.0000,618.4200,14900
2015-09-10 10:59:01,618.2400,618.5500,617.9500,618.0400,10500
2015-09-10 11:00:13,618.2400,618.7800,618.1600,618.2000,7300
2015-09-10 11:01:09,618.8100,618.9800,618.3000,618.3000,4700
2015-09-10 11:02:04,619.0300,619.0700,618.3800,618.4400,7800
2015-09-10 11:03:09,618.3000,618.9000,618.0500,618.9000,12700
2015-09-10 11:04:56,618.2000,618.7300,618.0600,618.0600,3100
2015-09-10 11:05:36,618.1500,618.3800,618.1500,618.3800,4000
2015-09-10 11:06:06,617.5900,618.5500,617.5900,618.4200,17600
2015-09-10 11:07:00,617.6700,618.0500,617.6200,617.6200,11200
2015-09-10 11:08:57,617.3720,617.5200,617.3720,617.5200,9800
2015-09-10 11:09:05,616.8500,617.3900,616.8500,617.3900,16400
2015-09-10 11:10:00,617.2700,617.2700,616.8700,617.0800,5200
2015-09-10 11:11:58,617.0300,617.0300,617.0100,617.0100,300
2015-09-10 11:12:01,617.2700,617.2700,616.8600,617.1000,5600
2015-09-10 11:13:44,617.2000,617.3700,617.1700,617.1700,1300
2015-09-10 11:14:59,616.1400,617.1100,616.1400,617.1100,19800
2015-09-10 11:15:02,616.0000,616.2500,616.0000,616.1400,11600
2015-09-10 11:16:26,615.8000,615.8000,615.3700,615.5100,2500
2015-09-10 11:17:02,615.3300,615.6649,615.3300,615.5960,6100
2015-09-10 11:18:02,615.7100,615.7500,615.0400,615.1200,3200
2015-09-10 11:19:00,615.1300,615.8900,615.1300,615.4995,7800
2015-09-10 11:20:23,615.2690,615.6500,615.0300,615.3600,9800
2015-09-10 11:21:13,615.6700,615.8200,615.5700,615.6600,2500
2015-09-10 11:22:26,615.7100,615.8100,615.6500,615.7400,900
2015-09-10 11:23:04,616.2900,616.2900,616.2400,616.2546,3300
2015-09-10 11:24:33,616.0300,616.2900,616.0300,616.2900,1400
2015-09-10 11:25:09,615.5200,616.0200,615.3600,616.0200,5100
2015-09-10 11:26:12,616.3300,616.3300,615.5500,615.5500,2800
2015-09-10 11:27:06,615.9100,616.4100,615.8300,615.9600,2700
2015-09-10 11:28:39,615.3600,615.5975,615.3600,615.5975,2500
2015-09-10 11:29:01,615.6100,615.6200,615.3921,615.3921,3000
2015-09-10 11:30:24,616.0700,616.0800,615.6200,615.6200,2000
2015-09-10 11:31:02,615.9500,616.0900,615.9100,615.9100,4000
2015-09-10 11:32:21,615.3000,615.3700,615.2800,615.3700,2000
2015-09-10 11:33:06,615.7400,615.9000,615.3300,615.6500,1800
2015-09-10 11:34:22,615.2600,615.7400,615.1300,615.7400,6400
2015-09-10 11:36:03,616.0300,616.0300,615.4600,615.4600,1800
2015-09-10 11:37:12,616.5700,616.8000,615.9217,616.0100,5300
2015-09-10 11:38:02,616.2500,617.0600,616.0500,616.4780,3000
2015-09-10 11:39:11,616.8600,616.8700,616.6300,616.6300,900
2015-09-10 11:40:35,617.1575,617.1575,617.1575,617.1575,700
2015-09-10 11:41:16,616.7200,616.7200,616.7200,616.7200,300
2015-09-10 11:42:06,616.9800,616.9800,616.4600,616.5300,4600
2015-09-10 11:43:33,617.3000,617.3000,617.2300,617.2300,4100
2015-09-10 11:44:49,617.5500,617.5500,617.5500,617.5500,100
2015-09-10 11:45:04,617.7931,617.9900,617.5800,617.8399,1200
2015-09-10 11:46:00,617.0349,617.6050,617.0349,617.6050,1700
2015-09-10 11:47:19,617.6600,617.6600,617.1901,617.5900,2400
2015-09-10 11:48:00,617.3900,617.9400,617.3900,617.4900,2500
2015-09-10 11:49:24,616.7420,616.9700,616.4150,616.7300,1400
2015-09-10 11:50:13,616.8100,616.9900,616.8100,616.9900,900
2015-09-10 11:51:40,616.0500,616.8284,616.0500,616.4100,1400
2015-09-10 11:52:58,616.1570,616.5600,616.1400,616.5590,1400
2015-09-10 11:53:10,616.1200,616.7340,616.1200,616.7340,200
2015-09-10 11:54:11,616.5000,616.5000,616.5000,616.5000,2100
2015-09-10 11:55:08,617.1100,617.3800,616.8600,617.1600,5000
2015-09-10 11:56:11,616.8700,617.1150,616.8700,616.9784,2200
2015-09-10 11:57:21,616.5100,616.9600,616.5100,616.9000,1400
2015-09-10 11:58:18,617.3100,617.5290,617.3100,617.3800,1000
2015-09-10 11:59:15,617.3600,617.4800,617.3600,617.4800,1100
2015-09-10 12:00:00,617.0100,617.5300,617.0100,617.5200,2900
2015-09-10 12:01:29,616.8700,617.0600,616.7100,616.9100,1600
2015-09-10 12:02:00,617.4400,617.4400,616.8950,616.8950,800
2015-09-10 12:03:14,617.2900,617.2900,617.2700,617.2700,600
2015-09-10 12:04:38,617.3700,617.3700,617.3500,617.3500,500
2015-09-10 12:05:12,617.1800,617.9290,617.1800,617.6900,1300
2015-09-10 12:06:06,617.1500,617.3500,616.9000,617.2700,1300
2015-09-10 12:07:25,617.7899,617.7899,617.3500,617.3500,1000
2015-09-10 12:08:16,618.2500,618.2500,617.6700,617.6700,3700
2015-09-10 12:09:07,618.5700,618.7400,618.1700,618.1700,4300
2015-09-10 12:10:55,618.5200,618.5200,618.5200,618.5200,100
2015-09-10 12:11:13,617.8900,618.4210,617.8900,618.4100,1700
2015-09-10 12:12:49,617.8500,617.8500,617.5700,617.5700,400
2015-09-10 12:13:02,617.7700,617.7700,617.3800,617.7150,1400
2015-09-10 12:14:18,617.6800,617.6800,617.3500,617.3500,1200
2015-09-10 12:15:03,617.6800,617.6800,617.1250,617.1250,2200
2015-09-10 12:16:19,617.8200,617.8200,617.6000,617.6100,1700
2015-09-10 12:17:12,616.8900,616.8900,616.8900,616.8900,500
2015-09-10 12:18:14,616.8611,617.2900,616.8600,617.2900,800
2015-09-10 12:19:13,616.6800,616.8800,616.6800,616.8800,500
2015-09-10 12:20:37,617.2000,617.2000,617.2000,617.2000,1200
2015-09-10 12:22:05,616.9400,617.3700,616.9400,617.3700,3000
2015-09-10 12:24:37,616.5400,616.5400,616.5400,616.5400,700
2015-09-10 12:26:02,617.2690,617.2690,616.2885,616.6100,2200
2015-09-10 12:27:02,616.3680,616.9000,616.3680,616.8500,1100
2015-09-10 12:28:22,615.5000,616.1700,615.5000,616.1700,4600
2015-09-10 12:29:01,615.7900,615.7900,615.7200,615.7200,600
2015-09-10 12:30:20,615.6200,615.6200,615.6200,615.6200,500
2015-09-10 12:31:10,615.6600,616.1500,615.3700,615.3700,3100
2015-09-10 12:32:26,616.0000,616.0000,616.0000,616.0000,900
2015-09-10 12:33:15,616.5000,616.7300,615.9000,615.9000,3900
2015-09-10 12:35:21,616.9500,616.9500,616.1900,616.1900,3400
2015-09-10 12:36:32,616.9800,616.9800,616.6500,616.6500,400
2015-09-10 12:37:03,616.4610,616.6500,616.4600,616.6000,8500
2015-09-10 12:38:02,616.6300,616.7600,616.4100,616.5600,7500
2015-09-10 12:39:09,616.7900,616.7900,616.4000,616.5920,4300
2015-09-10 12:40:22,616.3900,616.6900,616.3900,616.5200,1000
2015-09-10 12:41:50,617.0900,617.0900,616.6600,616.7600,1600
2015-09-10 12:42:01,616.4300,616.8000,616.4300,616.7600,700
2015-09-10 12:43:06,616.3310,616.6280,616.3301,616.6280,1600
2015-09-10 12:44:24,616.7600,616.7600,616.2400,616.3000,400
2015-09-10 12:45:05,616.1796,616.3400,616.1796,616.3400,1600
2015-09-10 12:46:33,616.9400,616.9400,616.3950,616.3950,1500
2015-09-10 12:47:08,616.4900,616.7600,616.4900,616.7600,1500
2015-09-10 12:48:15,617.1000,617.1000,616.7100,616.7100,2800
2015-09-10 12:49:18,618.5900,618.6000,617.9681,618.1400,4900
2015-09-10 12:50:00,618.6500,618.6500,618.3300,618.3300,1800
2015-09-10 12:51:20,618.2800,618.6130,618.2800,618.6130,800
2015-09-10 12:52:12,618.4300,618.5700,618.1550,618.1550,1900
2015-09-10 12:53:18,618.2300,618.2600,618.2300,618.2600,400
2015-09-10 12:54:40,618.5700,618.5700,618.2410,618.2410,300
2015-09-10 12:55:27,618.3990,618.6800,618.3600,618.5600,1700
2015-09-10 12:56:53,618.5360,618.5360,618.5360,618.5360,100
2015-09-10 12:57:42,618.4900,618.4900,618.4700,618.4700,4800
2015-09-10 12:59:04,618.2100,618.3600,617.6000,617.6000,1300
2015-09-10 13:00:31,618.3275,618.3275,617.9200,617.9800,600
2015-09-10 13:02:09,617.5000,617.6100,617.3300,617.6100,1900
2015-09-10 13:03:27,617.7200,617.8000,617.7200,617.7700,1900
2015-09-10 13:04:23,617.4300,617.5000,617.4300,617.5000,1200
2015-09-10 13:05:24,618.1700,618.1700,617.9700,617.9700,600
2015-09-10 13:06:15,617.8200,617.8200,617.7800,617.7800,900
2015-09-10 13:08:11,617.7850,617.9500,617.6900,617.9400,2300
2015-09-10 13:09:33,617.6950,618.2000,617.5850,617.8300,3400
2015-09-10 13:10:13,618.4300,618.7600,617.8900,617.8900,3400
2015-09-10 13:11:11,618.3900,618.3900,618.3800,618.3800,700
2015-09-10 13:12:27,618.0100,618.2100,617.9000,618.2100,5400
2015-09-10 13:14:02,618.0000,618.5000,618.0000,618.2400,3100
2015-09-10 13:15:07,618.4800,618.5000,618.2800,618.2800,2400
2015-09-10 13:16:45,618.8400,618.8400,618.6600,618.6600,2700
2015-09-10 13:18:33,618.4100,618.7150,618.4100,618.7150,800
2015-09-10 13:19:51,618.6900,618.7000,618.6900,618.7000,1800
2015-09-10 13:20:56,618.5000,618.5000,618.5000,618.5000,400
2015-09-10 13:21:00,618.9800,618.9800,618.5000,618.5000,4700
2015-09-10 13:22:36,619.1000,619.2600,618.6700,619.0800,4000
2015-09-10 13:23:39,619.6200,619.7400,619.2900,619.2900,1600
2015-09-10 13:24:04,619.6700,619.8700,619.6000,619.7700,4700
2015-09-10 13:25:15,619.9200,620.0300,619.7000,619.8500,6600
2015-09-10 13:26:05,619.9812,620.2000,619.7900,620.0800,3400
2015-09-10 13:27:25,619.4201,619.4700,619.4201,619.4700,700
2015-09-10 13:28:04,621.3700,621.8320,619.8000,620.2000,12700
2015-09-10 13:29:17,621.4700,621.9900,621.1100,621.7000,5800
2015-09-10 13:30:01,621.9100,621.9100,621.4200,621.6100,4500
2015-09-10 13:31:35,621.5700,621.6000,621.5200,621.5300,2800
2015-09-10 13:32:27,622.4100,622.5000,621.3600,621.4700,15100
2015-09-10 13:33:01,622.3600,622.7100,622.3600,622.6100,11300
2015-09-10 13:34:20,622.1700,622.2400,622.0300,622.2350,4300
2015-09-10 13:35:18,621.9300,622.2000,621.7000,622.2000,9000
2015-09-10 13:36:05,622.8703,622.9600,622.1100,622.1100,7100
2015-09-10 13:37:03,623.5610,623.9600,622.8300,622.9800,10800
2015-09-10 13:38:27,623.1100,623.6300,623.1100,623.2900,5300
2015-09-10 13:39:10,622.8100,623.2800,622.8000,623.2800,7400
2015-09-10 13:40:00,622.5100,622.9300,622.5000,622.8000,17100
2015-09-10 13:41:05,622.1500,622.5000,622.1100,622.5000,17700
2015-09-10 13:42:59,622.2600,622.5100,622.1500,622.2000,3700
2015-09-10 13:43:00,622.5200,622.5300,622.3400,622.5300,4200
2015-09-10 13:45:16,622.2600,622.4285,622.2600,622.4000,2300
2015-09-10 13:47:07,622.2480,622.2500,621.8500,621.8500,5800
2015-09-10 13:48:04,622.2399,622.2399,622.2399,622.2399,2500
2015-09-10 13:49:32,622.3600,622.6000,622.2000,622.2700,1100
2015-09-10 13:50:35,622.5700,622.6000,622.3720,622.3720,1500
2015-09-10 13:51:19,622.4220,622.5780,622.3000,622.5780,2800
2015-09-10 13:52:16,622.2301,622.4400,622.1220,622.1700,3500
2015-09-10 13:53:39,622.2400,622.7399,622.2400,622.7399,1500
2015-09-10 13:54:09,621.8300,622.4660,621.8300,622.4660,1700
2015-09-10 13:55:02,621.9900,621.9900,621.7105,621.9700,1900
2015-09-10 13:56:00,622.2200,622.2200,621.6000,621.7700,3200
2015-09-10 13:57:11,622.1700,622.1700,622.0001,622.1400,1700
2015-09-10 13:58:15,622.1100,622.5300,621.9800,622.5300,500
2015-09-10 13:59:04,622.6000,622.8600,622.1600,622.1700,7600
2015-09-10 14:00:23,623.0000,623.2500,623.0000,623.2500,3600
2015-09-10 14:01:06,622.4200,622.4600,622.3000,622.3700,3700
2015-09-10 14:03:14,621.2905,621.6900,621.2900,621.4200,3100
2015-09-10 14:04:02,621.4880,621.4880,621.4880,621.4880,4800
2015-09-10 14:05:52,621.7100,621.7100,621.7100,621.7100,200
2015-09-10 14:06:39,621.5970,621.5970,621.5970,621.5970,300
2015-09-10 14:07:17,621.6000,621.6000,621.5700,621.5700,1100
2015-09-10 14:08:03,621.5100,621.5100,621.5000,621.5000,1300
2015-09-10 14:09:06,621.5832,621.6000,621.3700,621.6000,2700
2015-09-10 14:10:10,621.6500,621.7300,621.6499,621.6700,3800
2015-09-10 14:11:34,621.9953,622.0000,621.9460,622.0000,1000
2015-09-10 14:12:01,621.7500,622.1500,621.7400,622.1500,3900
2015-09-10 14:14:05,621.8200,622.3400,621.8200,622.2600,1300
2015-09-10 14:15:56,621.0200,621.9000,621.0200,621.6900,3600
2015-09-10 14:16:10,620.7200,621.1900,620.7200,620.8130,1000
2015-09-10 14:17:09,621.0601,621.1700,620.9450,620.9450,2000
2015-09-10 14:18:08,620.8100,621.1250,620.8100,621.0700,2700
2015-09-10 14:19:58,621.0150,621.5700,621.0150,621.3500,1400
2015-09-10 14:20:02,621.2000,621.2000,621.2000,621.2000,200
2015-09-10 14:21:02,620.5100,621.2000,620.5100,620.7600,2900
2015-09-10 14:22:07,620.9600,621.3100,620.5000,620.5000,1800
2015-09-10 14:23:15,621.4500,621.4500,620.8300,620.8300,1000
2015-09-10 14:24:05,621.6200,621.9900,621.5500,621.5600,1900
2015-09-10 14:25:18,621.6400,621.6400,621.6400,621.6400,700
2015-09-10 14:26:32,621.5500,621.5500,621.5000,621.5000,900
2015-09-10 14:27:32,621.3000,621.3100,621.2800,621.3100,1800
2015-09-10 14:28:00,621.6000,621.6200,621.2000,621.4700,2800
2015-09-10 14:29:09,621.3200,621.5000,621.1440,621.1440,1900
2015-09-10 14:30:04,622.0800,622.0800,621.2500,621.3100,3500
2015-09-10 14:31:04,621.5600,622.2400,621.5600,622.1700,900
2015-09-10 14:32:30,621.8100,621.8400,621.8100,621.8400,1500
2015-09-10 14:34:05,621.3710,621.7550,621.3710,621.7260,900
2015-09-10 14:35:26,621.7200,621.7250,621.5000,621.7106,2500
2015-09-10 14:36:47,621.6400,621.9850,621.5000,621.7200,3500
2015-09-10 14:37:51,621.4600,621.5300,620.9600,621.5300,4400
2015-09-10 14:38:06,621.8950,621.8950,621.4900,621.4900,1700
2015-09-10 14:39:03,621.6400,621.9000,621.6400,621.9000,1200
2015-09-10 14:40:41,621.4501,621.6370,621.4501,621.6370,2900
2015-09-10 14:41:00,621.9800,621.9800,621.5000,621.5000,2400
2015-09-10 14:42:53,622.0800,622.1500,622.0100,622.1500,700
2015-09-10 14:43:03,621.6900,621.9100,621.6800,621.9100,2200
2015-09-10 14:44:08,621.6400,621.6500,621.4000,621.4480,5800
2015-09-10 14:45:00,621.5236,621.8400,621.4800,621.6500,9800
2015-09-10 14:46:07,621.9399,621.9399,621.8400,621.8400,3400
2015-09-10 14:47:04,620.7700,621.5999,620.7600,621.4300,4700
2015-09-10 14:48:07,620.7184,621.0100,620.7184,621.0100,1100
2015-09-10 14:49:48,620.7600,620.7600,620.7100,620.7400,800
2015-09-10 14:50:01,620.9160,621.0600,620.8200,620.8575,4100
2015-09-10 14:51:35,620.7000,621.1000,620.7000,621.1000,2800
2015-09-10 14:52:18,620.7000,620.7000,620.7000,620.7000,700
2015-09-10 14:53:02,620.9718,620.9718,620.8300,620.8500,2600
2015-09-10 14:54:15,621.4100,621.4100,620.8090,620.8500,4000
2015-09-10 14:56:12,620.8150,620.9000,620.7200,620.7500,4200
2015-09-10 14:57:05,621.0300,621.0300,620.6900,620.9400,2000
2015-09-10 14:58:26,620.4399,620.7800,620.1000,620.4900,4500
2015-09-10 14:59:07,620.1000,620.4400,620.1000,620.4400,4500
2015-09-10 15:00:25,620.0000,620.0500,619.7000,619.7400,4100
2015-09-10 15:01:03,620.0000,620.0000,620.0000,620.0000,100
2015-09-10 15:01:53,620.0500,620.0500,619.7000,619.7400,39100
2015-09-10 15:02:49,619.7100,620.0400,619.7000,620.0400,3600
2015-09-10 15:03:58,619.1800,619.3500,618.9100,619.2700,2800
2015-09-10 15:04:38,618.8999,618.9903,618.5500,618.9100,7000
2015-09-10 15:05:24,619.3700,619.3700,619.0300,619.0300,2400
2015-09-10 15:06:57,620.1450,620.1450,619.0801,619.3000,7700
2015-09-10 15:07:58,619.0611,619.5100,619.0611,619.5100,1900
2015-09-10 15:08:57,619.2700,619.2700,619.1500,619.1500,700
2015-09-10 15:09:29,619.2400,619.2600,619.0700,619.1200,2300
2015-09-10 15:10:31,619.8900,619.8900,619.6700,619.6700,2300
2015-09-10 15:11:56,619.4400,619.5100,619.2300,619.3700,4400
2015-09-10 15:12:44,619.2621,619.6400,619.2621,619.6400,1800
2015-09-10 15:13:58,619.4050,619.5500,619.2600,619.3050,4700
2015-09-10 15:14:57,619.6600,619.6600,619.0000,619.0000,2900
2015-09-10 15:15:56,620.7400,620.7400,620.5700,620.6700,6400
2015-09-10 15:16:01,620.6500,620.6500,620.6500,620.6500,400
2015-09-10 15:16:52,621.0000,621.0900,620.6300,620.6500,2800
2015-09-10 15:17:01,621.0100,621.0100,621.0100,621.0100,100
2015-09-10 15:17:58,621.2400,621.2400,620.6900,621.0100,39300
2015-09-10 15:18:56,620.6300,621.2300,620.6300,621.2300,3100
2015-09-10 15:19:59,620.2350,620.4700,620.0806,620.1300,6100
2015-09-10 15:20:41,620.3900,620.5600,620.3800,620.5600,800
2015-09-10 15:21:43,619.6200,619.9850,619.6200,619.9200,6000
2015-09-10 15:22:58,620.3011,621.2300,619.8200,619.8200,10400
2015-09-10 15:23:56,620.2100,620.4800,620.1500,620.3622,3900
2015-09-10 15:24:50,619.7600,620.1500,619.7000,620.1400,2000
2015-09-10 15:25:50,620.0928,620.4600,619.9000,619.9000,4500
2015-09-10 15:26:53,619.4000,620.0100,619.4000,620.0100,5300
2015-09-10 15:27:58,620.0000,620.0000,619.4000,619.4500,7200
2015-09-10 15:28:57,619.7540,620.2600,619.7540,620.0000,4000
2015-09-10 15:29:30,620.4251,620.4251,619.8250,619.8250,3200
2015-09-10 15:30:41,619.6200,619.7800,619.5208,619.5208,4200
2015-09-10 15:31:57,619.9500,620.2100,619.7600,619.8300,3400
2015-09-10 15:32:10,619.5100,619.5100,619.5100,619.5100,100
2015-09-10 15:32:18,619.4900,619.5100,619.4500,619.5100,2500
2015-09-10 15:33:38,619.5501,619.9200,619.0400,619.1400,6000
2015-09-10 15:34:42,619.4700,619.6900,619.2300,619.5100,2600
2015-09-10 15:35:55,620.5899,620.7800,619.3900,619.5600,8200
2015-09-10 15:36:35,619.3600,620.2200,619.0300,620.2200,3600
2015-09-10 15:37:53,619.1900,619.6300,619.1900,619.5100,4300
2015-09-10 15:38:53,619.5600,619.7000,618.8700,619.0500,4700
2015-09-10 15:39:07,619.7100,619.7100,619.7100,619.7100,400
2015-09-10 15:39:58,620.3200,620.3200,619.7100,619.7100,3300
2015-09-10 15:40:59,619.5000,619.8300,619.0000,619.8300,6500
2015-09-10 15:41:54,618.9100,619.4800,618.9100,619.2600,2100
2015-09-10 15:42:59,619.2650,619.4500,618.5801,618.9350,5700
2015-09-10 15:43:06,619.4700,619.4700,619.4700,619.4700,200
2015-09-10 15:43:30,619.1000,619.4700,619.1000,619.4700,4100
2015-09-10 15:44:48,619.8200,619.8200,619.0100,619.0100,6400
2015-09-10 15:45:53,619.8600,620.0900,619.5800,619.8550,7200
2015-09-10 15:46:54,619.3500,619.7400,618.9100,619.5300,8800
2015-09-10 15:47:57,619.7700,619.9800,619.5850,619.7900,7600
2015-09-10 15:48:38,619.9400,619.9400,619.9400,619.9400,3900
2015-09-10 15:48:49,619.7000,619.9500,619.7000,619.9400,6000
2015-09-10 15:49:58,620.3900,621.0000,620.2700,620.2700,6000
2015-09-10 15:50:58,621.9500,621.9500,620.4400,620.4400,8700
2015-09-10 15:51:57,621.1699,622.2399,620.8720,622.2399,12400
2015-09-10 15:52:59,620.8500,620.8500,620.2400,620.8500,6500
2015-09-10 15:53:53,621.0380,621.3500,620.9900,621.0600,4600
2015-09-10 15:54:47,621.1300,621.4600,620.9800,621.2150,20300
2015-09-10 15:55:03,621.2500,621.2500,621.2500,621.2500,1600
2015-09-10 15:55:57,621.3699,621.3699,621.1000,621.2500,11600
2015-09-10 15:56:15,621.8331,621.8331,621.8331,621.8331,1700
2015-09-10 15:56:56,621.7000,622.1300,621.6400,621.8331,14700
2015-09-10 15:57:58,621.2000,621.8800,621.1500,621.6200,13600
2015-09-10 15:58:52,621.3050,621.8800,620.9800,621.1600,12200
2015-09-10 15:59:02,621.1800,621.1800,621.1800,621.1800,1200
2015-09-10 15:59:04,621.2800,621.2800,621.2800,621.2800,100
2015-09-10 15:59:59,621.4800,622.0000,621.0000,621.1800,35000
2015-09-10 16:00:00,621.3500,621.3500,621.3500,621.3500,100
2015-09-11 09:30:53,618.7900,618.7900,618.7900,618.7900,25100
2015-09-11 09:31:00,619.4300,619.4300,618.0780,618.0780,2800
2015-09-11 09:32:59,619.6950,619.8600,619.2000,619.5400,3700
2015-09-11 09:33:00,619.3800,619.8300,619.1900,619.4300,2500
2015-09-11 09:34:12,619.7300,619.7300,619.2900,619.6600,7400
2015-09-11 09:35:37,620.3400,620.3800,619.1800,619.1800,3400
2015-09-11 09:36:35,620.4100,620.8200,620.4000,620.7100,3700
2015-09-11 09:37:14,620.6800,621.2200,620.6200,620.9900,3500
2015-09-11 09:38:02,620.0600,620.8600,619.8700,620.8600,4200
2015-09-11 09:39:59,619.9500,620.4300,619.7600,619.9800,6200
2015-09-11 09:40:00,620.2700,620.2700,619.5101,619.9400,3600
2015-09-11 09:41:22,620.9213,620.9400,620.6150,620.6700,1000
2015-09-11 09:42:06,620.4900,621.0000,619.9200,621.0000,5600
2015-09-11 09:43:07,620.4000,620.5200,620.0500,620.1500,4800
2015-09-11 09:44:03,620.7600,620.7700,619.9800,620.0100,3500
2015-09-11 09:45:12,619.8900,620.4000,619.8900,620.4000,2900
2015-09-11 09:46:02,619.9100,619.9500,619.7500,619.8800,1000
2015-09-11 09:47:59,620.2200,620.2200,619.7300,619.7300,5100
2015-09-11 09:48:58,619.9875,620.9300,619.9600,620.2100,4100
2015-09-11 09:49:02,619.3000,619.8600,619.3000,619.8600,2300
2015-09-11 09:50:58,618.5600,619.4300,618.5600,619.3000,3700
2015-09-11 09:51:00,619.5000,619.5000,618.9100,618.9100,4100
2015-09-11 09:52:02,619.4100,619.7800,619.2400,619.5000,5400
2015-09-11 09:53:20,619.7000,619.7000,619.0100,619.0100,2400
2015-09-11 09:54:36,619.1590,619.8500,619.1300,619.8500,1400
2015-09-11 09:55:15,619.6700,619.6700,619.1100,619.1100,300
2015-09-11 09:56:02,619.5700,619.7700,619.1401,619.3400,500
2015-09-11 09:57:02,619.0300,619.7800,619.0300,619.7800,1800
2015-09-11 09:58:01,618.2200,618.8500,618.2200,618.8000,3600
2015-09-11 09:59:00,618.4100,619.0200,618.1100,618.1100,4700
2015-09-11 10:00:00,618.2900,618.9100,618.2900,618.6800,1400
2015-09-11 10:01:04,619.6300,619.6300,618.1400,618.1400,3500
2015-09-11 10:02:17,619.3200,619.6100,619.1000,619.1000,300
2015-09-11 10:03:20,618.9800,619.4800,618.9800,619.4800,3600
2015-09-11 10:04:49,618.9800,619.0400,618.9800,619.0400,800
2015-09-11 10:05:07,618.5300,618.7300,618.5300,618.7300,1900
2015-09-11 10:06:36,619.1800,619.1800,619.1800,619.1800,800
2015-09-11 10:07:19,618.5150,618.9000,618.4700,618.8300,1400
2015-09-11 10:09:00,619.5400,619.5400,618.9700,619.0000,4100
2015-09-11 10:10:01,619.4600,619.9300,619.4600,619.5200,3200
2015-09-11 10:11:25,619.7700,619.9900,619.5000,619.5800,3300
2015-09-11 10:12:01,620.1400,620.1400,619.7600,619.7700,5600
2015-09-11 10:13:38,620.4000,620.4000,619.9510,620.0600,1100
2015-09-11 10:14:02,620.6500,620.9100,620.1900,620.4600,2800
2015-09-11 10:15:10,620.6000,620.6000,620.5400,620.5400,600
2015-09-11 10:16:44,620.7300,620.8800,620.7300,620.8800,600
2015-09-11 10:17:59,621.4350,621.4350,620.9900,620.9900,2000
2015-09-11 10:18:07,621.8600,621.9800,621.2600,621.4600,8900
2015-09-11 10:19:35,622.2400,622.2400,621.7000,621.7000,700
2015-09-11 10:20:03,622.9700,622.9700,622.0740,622.1100,5100
2015-09-11 10:21:08,623.2300,623.6300,622.5600,622.7700,11300
2015-09-11 10:22:00,623.9600,623.9600,623.2700,623.4100,7000
2015-09-11 10:23:14,623.6000,623.9800,623.5570,623.9400,2600
2015-09-11 10:24:01,623.2200,623.8200,622.9710,623.6668,4400
2015-09-11 10:25:07,623.9000,623.9000,623.4500,623.4500,4600
2015-09-11 10:26:36,623.5500,623.5500,623.5500,623.5500,500
2015-09-11 10:27:11,624.4200,624.5600,623.9000,623.9000,9800
2015-09-11 10:28:06,623.7900,624.3600,623.7900,624.2300,3400
2015-09-11 10:29:08,623.1000,623.9900,623.1000,623.9900,3700
2015-09-11 10:30:17,622.9025,623.3900,622.9025,623.1600,900
2015-09-11 10:31:00,623.0300,623.5400,622.9750,623.0400,4200
2015-09-11 10:32:14,622.4800,623.1400,622.4500,623.1400,2600
2015-09-11 10:33:04,622.8000,622.8400,622.4700,622.6200,5900
2015-09-11 10:34:19,622.4500,622.6100,622.4500,622.4901,2400
2015-09-11 10:35:14,621.4900,622.4600,621.3800,622.3000,3400
2015-09-11 10:36:08,622.1400,622.1400,621.5300,621.5300,1100
2015-09-11 10:37:13,622.0200,622.2600,621.8100,621.9500,5700
2015-09-11 10:38:18,622.4000,622.6900,622.2600,622.2600,1400
2015-09-11 10:39:36,623.2000,623.2000,622.6900,622.6900,2200
2015-09-11 10:40:55,622.7900,623.4400,622.7900,623.3900,3400
2015-09-11 10:41:02,623.1600,623.4300,623.1600,623.1900,4800
2015-09-11 10:42:07,623.6400,623.9100,623.1300,623.1300,4000
2015-09-11 10:43:52,623.5000,623.5500,623.1300,623.3800,1500
2015-09-11 10:44:56,623.4800,623.6200,623.2100,623.6076,1700
2015-09-11 10:45:05,623.8800,624.1194,623.3700,623.3700,1500
2015-09-11 10:46:02,623.0000,623.9300,623.0000,623.5918,4500
2015-09-11 10:47:18,623.2800,623.2800,622.9200,622.9700,1000
2015-09-11 10:48:42,623.4000,623.5900,623.4000,623.4100,1800
2015-09-11 10:49:02,623.6700,623.7300,623.4200,623.4300,3900
2015-09-11 10:50:59,623.0900,623.4900,622.9500,623.4900,6000
2015-09-11 10:51:00,623.3900,623.6500,623.0900,623.2800,12100
2015-09-11 10:52:59,623.0500,623.4250,622.9700,623.4250,4300
2015-09-11 10:53:01,622.8500,623.0000,622.5001,623.0000,8500
2015-09-11 10:54:59,623.0000,623.0000,622.6000,622.8000,3600
2015-09-11 10:55:03,623.1600,623.3000,622.9200,622.9800,20600
2015-09-11 10:56:09,623.0900,623.0900,622.7700,623.0600,7700
2015-09-11 10:57:03,623.1400,623.1500,622.9100,623.1000,7000
2015-09-11 10:58:06,622.7800,622.9450,622.6000,622.9000,9700
2015-09-11 10:59:18,623.1300,623.1300,622.7800,622.7800,1200
2015-09-11 11:00:02,622.7800,623.1790,622.7800,623.0489,2700
2015-09-11 11:01:14,623.3800,624.1000,622.9900,622.9900,6500
2015-09-11 11:02:22,623.2450,623.4300,623.0600,623.4300,1400
2015-09-11 11:03:06,622.6200,623.0900,622.6200,623.0440,3400
2015-09-11 11:04:07,622.7900,623.2100,622.7550,622.7550,3700
2015-09-11 11:05:31,623.1900,623.1900,622.7800,622.7800,300
2015-09-11 11:06:57,623.6200,623.6200,623.1400,623.1400,3300
2015-09-11 11:07:04,623.7900,624.0200,623.5100,623.5100,2100
2015-09-11 11:08:05,623.7600,623.8500,623.7400,623.8500,2800
2015-09-11 11:09:27,623.5600,623.6400,623.1700,623.1700,2800
2015-09-11 11:10:00,623.5600,623.7650,623.5600,623.7650,900
2015-09-11 11:11:36,623.5400,623.5400,623.5400,623.5400,2300
2015-09-11 11:12:47,623.0200,623.0300,622.7400,622.7600,1300
2015-09-11 11:13:29,623.1400,623.2100,623.1400,623.2100,1300
2015-09-11 11:14:52,623.2400,623.4090,623.2400,623.3600,400
2015-09-11 11:15:21,622.8300,623.1650,622.8300,623.1650,700
2015-09-11 11:16:16,622.7300,623.0100,622.7300,622.7900,2700
2015-09-11 11:17:21,622.6700,622.9800,622.5400,622.7000,7800
2015-09-11 11:18:02,622.5678,622.7600,622.5500,622.7400,1600
2015-09-11 11:19:08,623.0200,623.0600,622.7940,622.9490,3300
2015-09-11 11:20:01,623.4000,623.4630,623.1300,623.2400,3100
2015-09-11 11:21:28,623.1800,623.1800,622.8700,623.0900,600
2015-09-11 11:22:28,622.8000,622.8062,622.6600,622.8062,1000
2015-09-11 11:23:36,622.8000,622.8000,622.8000,622.8000,100
2015-09-11 11:24:58,622.9400,623.3200,622.9400,623.2700,6200
2015-09-11 11:25:57,623.2100,623.2900,623.0200,623.2900,5700
2015-09-11 11:26:53,623.0000,623.3000,622.9600,623.1236,6200
2015-09-11 11:27:32,623.0800,623.3300,623.0300,623.0300,2700
2015-09-11 11:28:58,623.3400,623.3400,623.0400,623.0400,1700
2015-09-11 11:29:54,623.5900,623.6000,623.2900,623.2900,1600
2015-09-11 11:30:03,623.7450,623.7500,623.7450,623.7500,1700
2015-09-11 11:31:50,623.2100,623.4000,622.9598,623.1200,2700
2015-09-11 11:32:50,622.8100,623.2850,622.8100,623.2100,1600
2015-09-11 11:33:55,622.5900,623.2400,622.5900,623.2400,3100
2015-09-11 11:34:31,622.9600,623.0000,622.9600,623.0000,1200
2015-09-11 11:35:56,623.2300,623.2300,622.4500,622.9170,3000
2015-09-11 11:36:38,623.2381,623.2381,623.1950,623.2300,1700
2015-09-11 11:37:59,623.7300,623.7300,623.5500,623.5500,2300
2015-09-11 11:38:05,623.5800,623.5800,623.5800,623.5800,800
2015-09-11 11:39:20,623.9400,624.0000,623.5000,623.5000,1400
2015-09-11 11:40:01,624.0900,624.1300,623.8800,623.9600,2900
2015-09-11 11:41:14,624.1000,624.1000,624.1000,624.1000,200
2015-09-11 11:42:59,623.7101,623.7849,623.3100,623.6500,3100
2015-09-11 11:43:06,623.6900,623.7300,623.6900,623.7300,900
2015-09-11 11:44:28,623.6000,623.8000,623.3800,623.8000,500
2015-09-11 11:45:17,623.2900,623.2900,623.2900,623.2900,200
2015-09-11 11:46:08,623.1400,623.3200,622.9800,623.2600,2700
2015-09-11 11:47:10,623.0600,623.2500,623.0000,623.0000,6000
2015-09-11 11:48:09,623.2000,623.4790,623.0600,623.4100,10800
2015-09-11 11:49:00,623.4000,623.4799,623.1700,623.2000,5600
2015-09-11 11:50:00,623.1900,623.2000,623.0300,623.1300,1700
2015-09-11 11:51:28,623.2800,623.3975,623.0600,623.0800,8600
2015-09-11 11:52:07,624.2000,624.2000,623.8600,623.8600,5500
2015-09-11 11:53:06,623.4350,623.8700,623.2700,623.8700,1200
2015-09-11 11:54:29,623.3450,623.3450,623.3450,623.3450,100
2015-09-11 11:55:06,623.7500,623.7500,623.3700,623.3700,1400
2015-09-11 11:56:00,623.6000,623.8400,623.2850,623.7900,2600
2015-09-11 11:57:48,623.4500,623.4600,623.4500,623.4500,1500
2015-09-11 11:58:02,623.4300,623.8000,623.4300,623.6500,5700
2015-09-11 11:59:50,623.5300,623.7020,623.3100,623.3100,900
2015-09-11 12:00:15,623.0700,623.3400,623.0700,623.3200,2000
2015-09-11 12:02:26,623.3200,623.3200,623.1600,623.1600,900
2015-09-11 12:03:01,623.9800,624.2500,623.4500,623.4500,2400
2015-09-11 12:04:00,624.3400,624.5000,624.1900,624.3000,6400
2015-09-11 12:05:00,624.5000,624.5000,624.0300,624.0300,7400
2015-09-11 12:06:50,624.4000,624.4460,624.2200,624.2900,1500
2015-09-11 12:07:08,624.0600,624.3700,624.0000,624.3700,2500
2015-09-11 12:09:31,623.7900,623.8300,623.7900,623.8300,600
2015-09-11 12:10:05,624.2500,624.2500,623.8700,623.8700,2500
2015-09-11 12:11:03,624.2700,624.3600,624.0100,624.0100,1700
2015-09-11 12:12:01,624.2500,624.2500,623.8738,623.8738,1900
2015-09-11 12:13:12,624.3000,624.4000,623.9781,623.9781,2000
2015-09-11 12:15:08,624.3100,624.3600,624.3100,624.3600,500
2015-09-11 12:16:04,624.4800,624.4800,624.1600,624.1600,700
2015-09-11 12:17:23,624.5650,624.5650,624.2600,624.4800,1000
2015-09-11 12:18:41,624.3100,624.4900,624.3000,624.3200,1800
2015-09-11 12:19:58,624.6000,624.6000,624.4000,624.5600,18300
2015-09-11 12:20:04,624.3300,624.5100,624.3000,624.4700,2700
2015-09-11 12:21:36,624.1500,624.1500,624.1500,624.1500,5500
2015-09-11 12:23:54,623.7400,623.7900,623.7400,623.7400,1000
2015-09-11 12:24:08,623.7500,623.7748,623.7500,623.7748,200
2015-09-11 12:25:20,623.8500,623.8500,623.8500,623.8500,600
2015-09-11 12:26:08,623.7400,623.8660,623.6100,623.8660,1400
2015-09-11 12:28:12,623.9200,623.9831,623.8550,623.8550,1200
2015-09-11 12:29:31,623.8100,623.8100,623.6200,623.8100,3700
2015-09-11 12:30:59,623.8200,624.0280,623.8100,623.8100,11400
2015-09-11 12:31:00,623.7700,623.8400,623.7700,623.8400,800
2015-09-11 12:32:44,623.5220,623.5220,623.5220,623.5220,500
2015-09-11 12:33:37,623.7600,623.7600,623.7500,623.7500,1300
2015-09-11 12:35:11,623.9500,623.9500,623.7290,623.7290,500
2015-09-11 12:36:42,623.7700,623.7700,623.7700,623.7700,200
2015-09-11 12:37:26,623.6800,623.6800,623.6800,623.6800,800
2015-09-11 12:38:30,623.5400,623.6900,623.5400,623.6900,1700
2015-09-11 12:39:27,623.4420,623.4420,623.2100,623.2800,1500
2015-09-11 12:40:04,623.3400,623.5500,623.3000,623.5200,2000
2015-09-11 12:41:42,623.3300,623.3300,623.2000,623.2000,400
2015-09-11 12:42:46,623.1300,623.1848,623.1300,623.1848,700
2015-09-11 12:43:07,623.0400,623.2100,623.0400,623.1800,1800
2015-09-11 12:44:00,623.6800,623.6800,623.1800,623.1800,8200
2015-09-11 12:45:05,623.4500,623.5900,623.3900,623.5500,4700
2015-09-11 12:46:33,623.5500,623.5500,623.4600,623.5500,1200
2015-09-11 12:47:43,623.7700,624.0180,623.7600,623.7700,3000
2015-09-11 12:48:15,624.1000,624.1000,623.8300,623.8400,3200
2015-09-11 12:49:15,624.1200,624.2400,623.8800,623.8800,2300
2015-09-11 12:50:41,624.0500,624.3900,624.0500,624.2400,2000
2015-09-11 12:51:59,624.4900,624.5600,624.1101,624.4200,10100
2015-09-11 12:52:00,624.8100,624.8100,624.5200,624.5400,6800
2015-09-11 12:53:32,624.4500,624.5000,624.4500,624.5000,4800
2015-09-11 12:54:59,624.4150,624.4150,624.4150,624.4150,100
2015-09-11 12:55:05,624.5961,624.7200,624.4100,624.4100,2500
2015-09-11 12:56:44,624.6600,624.6600,624.6600,624.6600,300
2015-09-11 12:57:45,624.6600,624.6600,624.5962,624.5962,400
2015-09-11 12:58:06,624.4500,624.6600,624.3400,624.6600,4600
2015-09-11 12:59:01,624.4100,624.4100,624.4100,624.4100,100
2015-09-11 12:59:58,624.2900,624.5850,624.2900,624.3500,1700
2015-09-11 13:01:54,624.0774,624.0774,624.0774,624.0774,1900
2015-09-11 13:02:18,624.3000,624.3900,624.2200,624.3800,800
2015-09-11 13:03:52,624.1200,624.3300,624.1200,624.2800,3400
2015-09-11 13:05:56,624.3500,624.3500,624.3500,624.3500,1700
2015-09-11 13:06:41,624.1300,624.6400,624.1300,624.3790,1200
2015-09-11 13:07:56,623.7800,623.7800,623.7800,623.7800,1500
2015-09-11 13:08:55,624.3000,624.3000,623.9900,624.2700,1700
2015-09-11 13:09:04,624.1100,624.1100,624.1100,624.1100,300
2015-09-11 13:10:34,624.3500,624.3500,624.2600,624.2600,1500
2015-09-11 13:11:50,624.0600,624.3250,624.0600,624.3250,1500
2015-09-11 13:12:35,624.0529,624.3800,624.0529,624.3800,500
2015-09-11 13:13:31,624.3700,624.3700,624.3700,624.3700,200
2015-09-11 13:14:48,623.9500,624.0300,623.8500,624.0300,3400
2015-09-11 13:15:19,623.8500,623.8500,623.8500,623.8500,300
2015-09-11 13:16:00,623.9400,624.2300,623.8200,623.9400,2900
2015-09-11 13:17:04,624.2000,624.2000,623.7200,623.9075,6700
2015-09-11 13:18:00,623.8100,624.0900,623.7200,624.0500,2500
2015-09-11 13:20:40,623.6200,623.7800,623.6200,623.7400,2000
2015-09-11 13:22:11,623.2400,623.5300,623.2400,623.3000,2900
2015-09-11 13:24:20,623.2000,623.3500,623.2000,623.3500,600
2015-09-11 13:25:19,623.4500,623.4500,623.1000,623.1000,1000
2015-09-11 13:26:05,623.5700,623.6170,623.4500,623.5600,1500
2015-09-11 13:27:16,623.5050,623.5050,623.5050,623.5050,200
2015-09-11 13:28:11,623.2200,623.2575,623.1200,623.1400,1500
2015-09-11 13:29:01,623.1500,623.1500,623.1500,623.1500,2000
2015-09-11 13:31:02,623.5500,623.5500,623.2000,623.3700,800
2015-09-11 13:32:10,622.7200,623.2500,622.7100,623.2500,1600
2015-09-11 13:33:05,622.6000,622.6000,622.6000,622.6000,100
2015-09-11 13:34:27,622.8000,623.1200,622.8000,623.0200,700
2015-09-11 13:35:58,622.6100,622.7300,622.4900,622.7100,5000
2015-09-11 13:36:02,622.4300,622.5200,622.4300,622.5200,1000
2015-09-11 13:37:54,622.5900,622.5900,622.2201,622.2201,2500
2015-09-11 13:38:02,622.4500,622.5900,622.4500,622.5900,2000
2015-09-11 13:39:38,622.6900,622.6900,622.4900,622.4900,800
2015-09-11 13:40:30,622.6200,623.0000,622.6200,623.0000,900
2015-09-11 13:42:59,622.7200,622.7200,622.7200,622.7200,200
2015-09-11 13:43:30,622.7500,622.7500,622.7500,622.7500,200
2015-09-11 13:44:00,622.6350,622.7900,622.5000,622.5300,5900
2015-09-11 13:45:31,622.4100,622.6300,622.4100,622.6300,500
2015-09-11 13:46:58,622.5100,622.6000,622.1000,622.2600,5900
2015-09-11 13:47:55,622.4300,622.5999,622.3001,622.3100,8100
2015-09-11 13:48:44,622.6264,622.6264,622.6264,622.6264,5200
2015-09-11 13:49:33,622.5000,622.5000,622.3700,622.3700,800
2015-09-11 13:51:15,622.6500,622.6500,622.3500,622.5600,1900
2015-09-11 13:53:36,622.4200,622.4600,622.2100,622.2100,1100
2015-09-11 13:54:02,622.8400,622.8400,622.5500,622.5500,1600
2015-09-11 13:55:12,622.4700,622.8900,622.4700,622.8900,1700
2015-09-11 13:57:15,622.7300,622.7300,622.4600,622.4600,1100
2015-09-11 13:59:54,622.5500,622.7440,622.5300,622.7440,1100
2015-09-11 14:01:25,622.2400,622.2900,622.2400,622.2900,1600
2015-09-11 14:02:44,621.9900,622.2000,621.9900,622.1550,1200
2015-09-11 14:03:01,622.0800,622.2500,621.9800,622.2000,4200
2015-09-11 14:04:12,622.0100,622.0700,621.8500,622.0700,800
2015-09-11 14:05:02,621.7900,622.0100,621.7900,621.7900,1600
2015-09-11 14:06:28,621.5000,621.6000,621.4400,621.6000,700
2015-09-11 14:07:20,621.3024,621.3400,621.3000,621.3400,800
2015-09-11 14:08:41,621.6200,621.7000,621.5000,621.5000,1500
2015-09-11 14:09:26,621.7328,621.7800,621.7328,621.7800,1100
2015-09-11 14:10:34,622.0000,622.0000,621.8000,621.8600,900
2015-09-11 14:11:05,622.2000,622.3000,622.0900,622.0900,1000
2015-09-11 14:12:11,622.3000,622.3000,622.0900,622.0900,300
2015-09-11 14:13:12,622.0650,622.0900,621.8900,622.0900,2100
2015-09-11 14:14:28,622.2550,622.2550,622.0000,622.1482,1000
2015-09-11 14:15:05,622.2400,622.3000,621.8200,621.9100,4800
2015-09-11 14:16:02,622.5600,622.6100,622.2400,622.2600,13600
2015-09-11 14:17:02,622.7600,622.7880,622.5500,622.6000,1300
2015-09-11 14:18:47,622.6300,622.6500,622.6300,622.6500,600
2015-09-11 14:19:24,622.8000,622.8650,622.8000,622.8650,1000
2015-09-11 14:20:34,623.0600,623.0600,622.7600,622.7600,2700
2015-09-11 14:21:00,623.2700,623.5400,623.1000,623.4400,6000
2015-09-11 14:22:19,623.3800,623.5300,623.2000,623.5300,1400
2015-09-11 14:23:04,623.4001,623.4001,623.4001,623.4001,300
2015-09-11 14:24:05,623.6500,623.6500,623.4800,623.4800,900
2015-09-11 14:25:03,623.6200,623.6700,623.6000,623.6000,1100
2015-09-11 14:26:15,623.3000,623.5400,623.3000,623.5400,4100
2015-09-11 14:27:03,623.3000,623.6400,623.3000,623.6400,1100
2015-09-11 14:28:13,623.4500,623.4500,623.4500,623.4500,1200
2015-09-11 14:29:32,623.3100,623.3100,623.3100,623.3100,200
2015-09-11 14:30:04,623.9800,624.0500,623.3800,623.3800,3900
2015-09-11 14:31:19,624.0000,624.0000,623.8600,623.8800,1800
2015-09-11 14:32:17,623.8500,624.0400,623.8500,624.0400,3400
2015-09-11 14:33:53,623.5404,623.5404,623.5404,623.5404,100
2015-09-11 14:34:10,623.3500,623.6200,623.2450,623.5500,1400
2015-09-11 14:35:03,623.3000,623.4300,623.3000,623.4300,600
2015-09-11 14:37:11,624.0000,624.1200,623.6800,623.6800,2900
2015-09-11 14:39:17,623.7700,624.1300,623.7100,624.1300,900
2015-09-11 14:40:13,623.6600,623.7700,623.6000,623.7700,700
2015-09-11 14:41:33,623.4700,623.5000,623.4700,623.5000,2500
2015-09-11 14:42:07,623.4900,623.6400,623.4900,623.6400,2400
2015-09-11 14:43:45,623.3100,623.5500,623.3100,623.5500,5400
2015-09-11 14:44:00,623.2200,623.4150,623.2000,623.2000,2300
2015-09-11 14:45:01,623.8000,623.8000,623.3050,623.3050,1300
2015-09-11 14:46:18,623.7900,623.9200,623.6600,623.6600,800
2015-09-11 14:47:02,623.5900,623.8100,623.4000,623.8100,1000
2015-09-11 14:48:42,623.6000,623.6000,623.6000,623.6000,200
2015-09-11 14:49:25,623.3505,623.6500,623.3505,623.3800,1500
2015-09-11 14:51:59,623.3500,623.5700,623.3000,623.5700,1600
2015-09-11 14:52:02,623.3000,623.5700,623.3000,623.5500,1600
2015-09-11 14:53:13,623.3900,623.3900,623.2600,623.3100,600
2015-09-11 14:55:11,623.6700,623.6700,623.4200,623.4880,2300
2015-09-11 14:56:21,623.6900,624.0900,623.6700,623.6700,2800
2015-09-11 14:57:26,623.7800,623.7800,623.7600,623.7600,300
2015-09-11 14:58:23,623.2800,623.6675,623.2800,623.5900,5700
2015-09-11 14:59:45,623.3000,623.6600,623.2900,623.6600,5200
2015-09-11 15:00:07,623.9802,623.9802,623.3460,623.5500,900
2015-09-11 15:01:12,623.9910,623.9910,623.7250,623.7250,1000
2015-09-11 15:02:10,623.8000,624.0000,623.4900,623.8300,9300
2015-09-11 15:03:21,623.6600,623.8400,623.6600,623.7800,1400
2015-09-11 15:04:38,623.6500,623.6500,623.5700,623.5700,700
2015-09-11 15:05:17,623.2200,623.7500,623.2200,623.7500,700
2015-09-11 15:06:14,623.8000,624.0000,623.3100,623.3100,3600
2015-09-11 15:07:51,623.7600,623.8150,623.5700,623.6500,3500
2015-09-11 15:08:00,623.5400,623.7999,623.5400,623.6200,7700
2015-09-11 15:09:04,623.2700,623.4400,623.2700,623.4400,1200
2015-09-11 15:10:57,623.5100,623.5100,623.3350,623.4400,1200
2015-09-11 15:11:03,623.4000,623.4600,623.4000,623.4600,800
2015-09-11 15:12:08,623.6600,623.9600,623.4700,623.4700,2100
2015-09-11 15:13:45,623.5100,623.5100,623.5100,623.5100,200
2015-09-11 15:14:19,623.4300,623.7500,623.4300,623.7400,1700
2015-09-11 15:15:02,623.9600,623.9600,623.6650,623.8600,1500
2015-09-11 15:16:00,624.0400,624.0500,624.0400,624.0500,2100
2015-09-11 15:17:28,624.2800,624.3600,624.1400,624.1400,2600
2015-09-11 15:18:01,624.2700,624.2700,624.2400,624.2400,800
2015-09-11 15:19:18,624.1500,624.2199,623.9600,624.1400,3300
2015-09-11 15:20:00,624.0100,624.1000,623.5600,624.1000,2900
2015-09-11 15:21:24,623.9300,623.9300,623.7340,623.7340,700
2015-09-11 15:22:07,623.5900,623.9600,623.5900,623.8800,2100
2015-09-11 15:23:26,623.4500,623.6000,623.4500,623.6000,800
2015-09-11 15:24:16,623.3100,623.4800,623.2800,623.4800,3100
2015-09-11 15:25:23,623.6000,623.6200,623.2400,623.2400,2800
2015-09-11 15:26:08,623.4000,623.6000,623.3100,623.5150,2800
2015-09-11 15:27:30,623.6050,623.6600,623.5200,623.5700,1200
2015-09-11 15:28:00,623.6700,624.0590,623.6700,623.7700,2900
2015-09-11 15:29:12,623.6400,623.7400,623.6400,623.7400,1800
2015-09-11 15:30:52,623.1100,623.5000,623.1100,623.5000,2200
2015-09-11 15:31:00,623.1400,623.1850,623.0300,623.0500,1600
2015-09-11 15:32:05,623.3850,623.4850,623.2100,623.2100,4200
2015-09-11 15:33:09,623.4060,623.6200,623.4060,623.6200,1000
2015-09-11 15:34:20,623.5200,623.5200,623.1400,623.4800,1900
2015-09-11 15:35:30,623.3600,623.3600,623.2800,623.3200,500
2015-09-11 15:36:00,623.7490,623.7490,623.5000,623.5000,2700
2015-09-11 15:37:56,623.6500,623.7800,623.5750,623.5750,1900
2015-09-11 15:38:00,623.5900,623.7800,623.4000,623.5700,3800
2015-09-11 15:39:46,623.5900,623.5900,623.5900,623.5900,400
2015-09-11 15:40:30,623.5700,623.5700,623.2200,623.4500,2000
2015-09-11 15:41:32,623.4000,623.4000,623.4000,623.4000,100
2015-09-11 15:42:04,623.0500,623.4400,623.0500,623.3400,2900
2015-09-11 15:43:05,622.7700,623.0600,622.6100,623.0500,2500
2015-09-11 15:44:15,623.1090,623.1090,622.6100,622.7700,2700
2015-09-11 15:45:05,623.0300,623.2200,622.8876,623.0800,2600
2015-09-11 15:46:58,622.8500,622.8500,622.8500,622.8500,1200
2015-09-11 15:47:03,622.9018,623.1100,622.7850,623.1100,1200
2015-09-11 15:48:00,623.0300,623.0300,622.7800,622.7800,3500
2015-09-11 15:49:04,622.7500,622.9000,622.6000,622.7300,8700
2015-09-11 15:50:44,623.1599,623.4400,623.0900,623.3900,3600
2015-09-11 15:51:01,623.5400,623.5400,623.1750,623.3700,7000
2015-09-11 15:52:02,623.6400,623.6500,623.5600,623.6300,6400
2015-09-11 15:53:13,623.2800,623.3900,623.0390,623.3400,2300
2015-09-11 15:54:03,623.3200,623.3800,623.0700,623.2100,4600
2015-09-11 15:55:13,623.3100,623.5500,623.2650,623.3200,8900
2015-09-11 15:56:04,623.4520,623.4520,623.2306,623.4300,13500
2015-09-11 15:57:55,623.6250,623.6350,623.3400,623.3900,3000
2015-09-11 15:58:00,623.7300,623.7400,623.3800,623.6100,15600
2015-09-11 15:59:00,625.4900,625.7500,623.5200,623.6800,297100
2015-09-11 16:00:00,625.7700,625.7700,625.7700,625.7700,0
2015-09-14 09:30:11,624.0000,624.8100,624.0000,624.8100,27300
2015-09-14 09:31:50,624.0000,624.0000,624.0000,624.0000,300
2015-09-14 09:32:09,624.4900,624.5000,623.5200,623.5200,4300
2015-09-14 09:33:36,624.6300,624.8043,624.2300,624.3600,2000
2015-09-14 09:34:09,624.1200,624.9190,623.8900,624.1800,2100
2015-09-14 09:35:00,623.0100,624.7500,623.0100,624.5306,12700
2015-09-14 09:36:00,621.2641,623.4450,621.2641,623.0200,5700
2015-09-14 09:37:02,620.4800,621.9600,620.0800,621.2400,10800
2015-09-14 09:38:02,620.3500,620.7900,619.4300,620.7900,9000
2015-09-14 09:39:09,620.9700,620.9700,619.8500,620.1578,4300
2015-09-14 09:40:08,621.7100,621.7100,621.1600,621.1600,6000
2015-09-14 09:41:02,621.6700,621.8600,621.6700,621.8500,1400
2015-09-14 09:42:22,622.5700,622.6000,621.3501,621.3501,5100
2015-09-14 09:43:08,622.1099,622.1099,621.4600,622.0200,1400
2015-09-14 09:44:55,621.6200,622.1500,621.2500,621.3600,3000
2015-09-14 09:45:06,622.5600,622.6500,621.0100,622.1000,3800
2015-09-14 09:46:03,621.4080,622.4600,621.0980,622.3700,5500
2015-09-14 09:47:00,621.2170,621.9600,621.1060,621.9600,7700
2015-09-14 09:48:00,621.0100,621.4800,620.3100,621.3100,17100
2015-09-14 09:49:02,620.8900,621.1700,620.0800,620.5300,8300
2015-09-14 09:50:08,620.4350,620.6300,619.7600,620.6000,5700
2015-09-14 09:51:59,620.9200,621.0163,620.2880,620.6600,4900
2015-09-14 09:52:08,620.8000,620.9000,620.7500,620.7500,2900
2015-09-14 09:53:04,620.8300,620.8700,620.3500,620.5300,8100
2015-09-14 09:54:05,620.4450,621.0000,620.2401,620.4900,4200
2015-09-14 09:55:00,620.2300,621.2965,620.2300,621.0000,6300
2015-09-14 09:56:13,620.2700,620.6581,620.2700,620.6581,1400
2015-09-14 09:57:03,621.0781,621.0781,621.0781,621.0781,400
2015-09-14 09:58:11,620.6500,620.6600,620.6300,620.6300,4000
2015-09-14 09:59:55,620.5700,620.8200,620.5700,620.6400,600
2015-09-14 10:00:20,620.5700,620.6599,620.0200,620.4300,3200
2015-09-14 10:01:08,620.9900,621.0000,620.5400,620.5400,4800
2015-09-14 10:02:00,621.0100,621.3600,620.8522,620.9300,2700
2015-09-14 10:03:57,622.0535,622.1100,621.2499,621.2500,7000
2015-09-14 10:04:06,621.3700,622.3700,621.1600,622.3700,9000
2015-09-14 10:05:04,621.1300,621.3900,621.1300,621.3900,800
2015-09-14 10:06:55,621.3900,621.5000,621.1000,621.1000,2300
2015-09-14 10:07:03,621.9000,621.9000,621.1300,621.5100,1900
2015-09-14 10:08:02,622.3200,622.6000,622.0300,622.6000,3200
2015-09-14 10:09:10,622.1200,622.5260,622.1200,622.5260,4000
2015-09-14 10:10:05,622.0400,622.3000,621.6100,622.3000,3600
2015-09-14 10:11:02,621.7600,622.2700,621.7300,622.1900,1200
2015-09-14 10:12:04,622.3200,622.3200,621.9800,621.9800,2600
2015-09-14 10:13:25,622.0800,622.4200,621.9110,622.4200,800
2015-09-14 10:14:10,622.8000,622.8600,622.2100,622.2300,2900
2015-09-14 10:15:06,623.5600,623.5600,622.7900,622.8300,2900
2015-09-14 10:16:07,624.0226,624.0226,623.2795,624.0200,3300
2015-09-14 10:17:10,623.6937,623.8325,623.5100,623.7500,2400
2015-09-14 10:18:38,624.2200,624.2200,623.6000,623.6400,2500
2015-09-14 10:19:00,623.8500,624.1044,623.8500,624.1044,2300
2015-09-14 10:20:12,623.5000,623.9000,623.5000,623.9000,2900
2015-09-14 10:21:14,623.3900,623.8600,623.3900,623.6000,3500
2015-09-14 10:22:01,623.8100,623.9900,623.5300,623.5300,1400
2015-09-14 10:23:38,624.1600,624.1600,623.9600,623.9800,1300
2015-09-14 10:24:13,624.6400,624.6400,624.1000,624.1000,3300
2015-09-14 10:25:04,623.9200,624.9672,623.9200,624.4257,5000
2015-09-14 10:26:01,623.6200,623.8100,623.4900,623.8100,2500
2015-09-14 10:27:50,623.4840,623.7250,623.1700,623.5420,1900
2015-09-14 10:28:02,623.6600,623.8200,623.4600,623.4600,3500
2015-09-14 10:29:01,623.1800,623.7299,623.1000,623.5500,4600
2015-09-14 10:30:11,623.5000,623.5000,623.1700,623.1700,1800
2015-09-14 10:31:00,623.0600,623.4300,623.0230,623.4300,1500
2015-09-14 10:32:08,623.4700,624.0490,623.1000,623.1000,5400
2015-09-14 10:33:00,623.7900,623.7900,623.4700,623.6700,2000
2015-09-14 10:34:18,623.5000,623.8000,623.4800,623.4800,2900
2015-09-14 10:35:12,623.0300,623.5800,622.9500,623.4300,3100
2015-09-14 10:36:02,623.6500,623.6500,623.0200,623.0300,1700
2015-09-14 10:37:39,624.0550,624.2700,623.2000,623.2000,4700
2015-09-14 10:38:01,624.0700,624.1900,623.8900,624.1000,4100
2015-09-14 10:39:03,623.8900,624.3900,623.8900,624.3900,1800
2015-09-14 10:40:13,623.9000,624.1000,623.7000,624.0100,1700
2015-09-14 10:41:10,623.5150,623.7800,623.4344,623.4344,1800
2015-09-14 10:42:07,623.8500,624.1300,623.2900,623.2900,5000
2015-09-14 10:43:12,623.7000,623.7800,623.7000,623.7200,900
2015-09-14 10:44:00,623.7400,623.7400,623.0300,623.3000,4500
2015-09-14 10:45:48,622.7700,623.7800,622.7700,623.7800,1800
2015-09-14 10:46:00,622.7600,623.0650,622.7400,623.0650,1600
2015-09-14 10:47:00,622.7000,622.7439,622.3200,622.3200,3000
2015-09-14 10:48:06,622.7300,622.7300,622.5800,622.5800,1700
2015-09-14 10:49:08,622.9600,623.2220,622.7500,622.7500,6200
2015-09-14 10:50:51,622.7400,623.1800,622.7400,623.1800,2100
2015-09-14 10:51:55,621.5100,622.6000,621.5100,622.6000,6700
2015-09-14 10:52:03,621.7700,621.8100,621.7600,621.8000,1800
2015-09-14 10:53:05,621.9000,622.2675,621.8632,621.8632,400
2015-09-14 10:54:04,622.0500,622.3600,621.9100,621.9100,2900
2015-09-14 10:55:12,622.0600,622.0600,622.0600,622.0600,500
2015-09-14 10:56:03,622.2700,622.2700,622.2300,622.2300,1900
2015-09-14 10:57:08,622.2200,622.3000,621.8450,621.8450,1900
2015-09-14 10:58:01,622.0000,622.4000,621.8700,622.2800,7700
2015-09-14 10:59:01,622.5100,622.5400,621.8500,621.8500,5100
2015-09-14 11:00:25,622.9200,622.9200,622.3700,622.5100,5400
2015-09-14 11:01:14,623.0000,623.0000,622.5200,622.8900,3300
2015-09-14 11:02:59,622.5200,622.9000,622.5000,622.9000,6700
2015-09-14 11:03:00,622.6900,623.0000,622.5000,622.5000,8700
2015-09-14 11:04:11,622.5200,622.8000,622.5200,622.7700,11300
2015-09-14 11:05:00,622.9000,622.9000,622.5000,622.5200,11200
2015-09-14 11:06:24,622.7000,622.7400,622.6000,622.7300,15000
2015-09-14 11:07:59,622.5700,622.7500,622.2800,622.5400,16700
2015-09-14 11:08:00,623.1000,623.2800,622.5700,622.5800,4600
2015-09-14 11:09:03,623.1600,623.3200,623.0400,623.0400,4200
2015-09-14 11:10:01,623.4900,623.6272,623.2500,623.2800,4400
2015-09-14 11:11:05,623.1700,623.4960,623.1700,623.2500,2900
2015-09-14 11:12:12,623.1180,623.2900,623.0048,623.0048,1100
2015-09-14 11:13:02,622.9500,623.3400,622.7779,623.3400,3700
2015-09-14 11:14:02,623.2000,623.3500,622.9800,623.0900,3200
2015-09-14 11:15:10,623.5200,623.5200,623.2100,623.3000,1600
2015-09-14 11:16:11,623.0700,623.3500,622.5110,623.2755,4300
2015-09-14 11:17:36,623.0500,623.1425,622.8900,623.1350,2900
2015-09-14 11:18:03,623.1200,623.1700,622.7700,623.0800,1500
2015-09-14 11:19:06,623.4300,623.4300,623.2150,623.2800,1500
2015-09-14 11:20:00,623.9000,623.9900,623.5300,623.6200,5000
2015-09-14 11:21:05,623.7200,623.7600,623.4500,623.6900,2500
2015-09-14 11:22:01,623.7700,623.7750,623.6500,623.6500,900
2015-09-14 11:23:10,623.4550,623.7100,623.2150,623.7100,2400
2015-09-14 11:24:12,623.2490,623.2490,623.2490,623.2490,200
2015-09-14 11:25:32,623.5650,623.8000,623.4650,623.4650,3800
2015-09-14 11:26:56,623.4800,623.4900,623.4800,623.4900,300
2015-09-14 11:27:04,623.6200,623.9500,623.4500,623.6700,9000
2015-09-14 11:28:32,623.4850,623.4850,623.2400,623.3500,700
2015-09-14 11:29:18,623.2900,623.4100,623.2100,623.4100,2100
2015-09-14 11:30:04,623.1100,623.2700,622.9950,623.2100,4000
2015-09-14 11:31:05,623.2000,623.4400,623.0020,623.0020,3100
2015-09-14 11:32:00,623.3100,623.3100,623.3100,623.3100,100
2015-09-14 11:32:44,622.9400,623.5000,622.9400,623.3100,11400
2015-09-14 11:33:46,622.3400,622.8100,622.3400,622.8100,900
2015-09-14 11:34:37,622.1200,622.1200,621.7400,622.0000,8600
2015-09-14 11:35:48,622.1500,622.1800,621.7101,622.1200,2500
2015-09-14 11:36:52,621.8700,622.1500,621.7100,621.9200,3000
2015-09-14 11:37:47,622.4900,622.4900,622.0200,622.0500,1400
2015-09-14 11:38:51,622.2400,622.6700,622.2400,622.6700,2100
2015-09-14 11:39:49,622.1300,622.1500,622.0600,622.0600,600
2015-09-14 11:40:15,621.9500,621.9500,621.9500,621.9500,200
2015-09-14 11:41:33,622.0600,622.4899,622.0500,622.4899,2200
2015-09-14 11:42:52,621.8400,622.1100,621.7600,622.1100,2700
2015-09-14 11:43:59,621.7400,622.3799,621.6900,622.3300,1400
2015-09-14 11:44:56,621.7100,621.7100,621.6600,621.6600,4000
2015-09-14 11:45:39,621.1800,621.6600,620.9500,621.6600,7500
2015-09-14 11:46:02,620.9500,620.9500,620.9500,620.9500,400
2015-09-14 11:46:44,620.8506,621.1900,620.8506,620.9500,5000
2015-09-14 11:47:28,620.9100,621.0500,620.9100,621.0500,4800
2015-09-14 11:48:55,620.5600,620.9900,620.5600,620.7000,4800
2015-09-14 11:49:58,620.9200,620.9200,620.6700,620.8500,2000
2015-09-14 11:50:49,620.7700,621.0000,620.6700,621.0000,3700
2015-09-14 11:51:19,621.1060,621.1060,621.1060,621.1060,1000
2015-09-15 09:31:18,627.2200,627.9100,626.8000,626.9600,37800
2015-09-15 09:32:11,625.5410,627.4000,625.5410,627.4000,7300
2015-09-15 09:33:10,626.3770,626.5100,625.5400,626.1500,5600
2015-09-15 09:34:58,625.9900,626.4100,625.5500,626.4100,8900
2015-09-15 09:35:55,624.4000,626.3450,624.4000,626.3450,4200
2015-09-15 09:36:00,625.2500,625.2500,623.7800,624.8762,7300
2015-09-15 09:37:58,624.9450,625.9000,624.6800,625.4700,5000
2015-09-15 09:38:12,625.4100,625.4100,624.5000,625.1500,1000
2015-09-15 09:39:05,624.9496,625.3400,624.5100,624.5100,1900
2015-09-15 09:40:56,625.2800,625.3500,624.7190,625.1400,1600
2015-09-15 09:41:02,626.0420,626.2200,625.3100,625.3100,4500
2015-09-15 09:42:43,627.3000,627.4300,625.4560,626.1300,8200
2015-09-15 09:43:01,627.1800,627.1880,626.6400,627.1490,7700
2015-09-15 09:44:05,627.0400,627.5200,626.9200,627.1282,9600
2015-09-15 09:45:59,627.6600,627.8500,627.0600,627.1700,14900
2015-09-15 09:46:00,626.5800,627.5500,626.4400,627.5100,7200
2015-09-15 09:47:11,626.6300,627.2500,626.6300,626.9100,4600
2015-09-15 09:48:04,626.5400,626.9600,626.3100,626.5100,2500
2015-09-15 09:49:59,627.0000,627.2300,626.3600,626.3600,3300
2015-09-15 09:50:58,627.6600,627.7500,627.2800,627.3500,2500
2015-09-15 09:51:03,626.7800,627.5300,626.7400,627.5300,4200
2015-09-15 09:52:16,626.4800,626.8500,626.2500,626.7800,7400
2015-09-15 09:53:16,626.7200,626.9400,626.3700,626.3700,4600
2015-09-15 09:54:00,626.9000,627.3200,626.6800,627.0000,5700
2015-09-15 09:55:00,627.0600,627.1200,626.8700,626.8700,2200
2015-09-15 09:56:24,627.0000,627.0900,626.6700,627.0100,3500
2015-09-15 09:57:16,626.4600,626.9250,626.2400,626.8000,1800
2015-09-15 09:58:07,627.2400,627.4300,626.3600,626.6200,3100
2015-09-15 09:59:01,626.9000,627.4990,626.8900,627.0600,4400
2015-09-15 10:00:03,627.3200,627.7900,627.1900,627.2600,7800
2015-09-15 10:01:59,627.6700,627.9100,627.2400,627.3500,6700
2015-09-15 10:02:03,628.3300,628.3300,627.9290,627.9300,6800
2015-09-15 10:03:17,628.4300,628.4700,627.9300,628.1450,5700
2015-09-15 10:04:16,628.9981,629.2700,628.4800,628.5300,5200
2015-09-15 10:05:17,629.2700,629.2700,628.8600,628.9560,5400
2015-09-15 10:06:34,629.2796,629.4200,629.2200,629.2300,2100
2015-09-15 10:07:02,629.6400,629.9400,629.2600,629.2600,10900
2015-09-15 10:08:03,629.3300,629.7300,629.1600,629.6200,6600
2015-09-15 10:09:07,629.1700,629.3800,629.0800,629.3800,1600
2015-09-15 10:10:00,629.0300,629.5000,629.0300,629.1151,15700
2015-09-15 10:11:07,628.7600,629.1400,628.7600,629.0800,5200
2015-09-15 10:12:10,629.0300,629.1000,628.6700,628.6700,4200
2015-09-15 10:13:13,629.5000,629.5000,629.0000,629.1600,3500
2015-09-15 10:14:13,629.8100,629.9900,629.5400,629.6500,7700
2015-09-15 10:15:00,630.0000,630.0000,629.7000,629.7000,1200
2015-09-15 10:16:00,629.9700,629.9900,629.7410,629.9500,1500
2015-09-15 10:17:59,629.7200,630.2500,629.7200,630.0000,14400
2015-09-15 10:18:03,630.7500,630.8500,629.8100,629.8100,12500
2015-09-15 10:19:58,631.4200,631.4900,630.7300,630.7300,6000
2015-09-15 10:20:01,632.0000,632.0000,631.1300,631.4200,9300
2015-09-15 10:21:02,632.1300,632.2900,632.0000,632.0000,4600
2015-09-15 10:22:07,632.8100,632.9100,632.2000,632.2900,8900
2015-09-15 10:23:44,632.5700,632.9900,632.5200,632.7300,4500
2015-09-15 10:24:59,632.4800,632.6800,632.1600,632.2400,4400
2015-09-15 10:25:00,632.2900,632.8000,632.2900,632.4200,11000
2015-09-15 10:26:12,632.7600,632.7799,632.3900,632.5400,3500
2015-09-15 10:27:59,632.4300,632.7700,632.4300,632.7200,4200
2015-09-15 10:28:04,631.6800,632.4350,631.6300,632.4350,6700
2015-09-15 10:29:01,631.8400,631.9500,631.4300,631.7900,5500
2015-09-15 10:30:03,632.2600,632.3200,631.9600,631.9600,4800
2015-09-15 10:31:06,632.2500,632.3000,631.5900,632.2400,10300
2015-09-15 10:32:02,631.8000,632.6478,631.8000,632.4000,4500
2015-09-15 10:33:03,632.1000,632.1100,631.7100,631.7300,2400
2015-09-15 10:34:00,632.2200,632.5500,632.0000,632.0000,4800
2015-09-15 10:35:30,632.3700,632.3700,632.1900,632.1900,2000
2015-09-15 10:36:06,632.1000,632.6775,631.9001,632.2600,11400
2015-09-15 10:37:08,631.3500,632.1400,631.3500,631.8800,5200
2015-09-15 10:38:07,631.8400,632.0400,631.5000,631.7600,2300
2015-09-15 10:39:56,631.4950,632.2400,631.4950,631.8300,4400
2015-09-15 10:40:03,632.1800,632.2400,631.5700,631.5700,4900
2015-09-15 10:41:07,632.6200,632.7500,632.3700,632.5900,3600
2015-09-15 10:42:03,633.2000,633.4500,632.8400,633.0000,8700
2015-09-15 10:43:59,633.5100,633.9200,632.8301,633.1500,14600
2015-09-15 10:44:01,634.0000,634.1100,633.5000,633.5000,12700
2015-09-15 10:45:04,634.3100,634.3100,633.6001,633.6001,5400
2015-09-15 10:46:03,634.0400,634.5000,633.9800,634.0200,3600
2015-09-15 10:47:57,633.6730,634.3400,633.3100,634.2595,9200
2015-09-15 10:48:00,633.3500,633.5500,632.7300,633.3300,9300
2015-09-15 10:49:05,633.1300,633.4900,632.9400,633.4900,6800
2015-09-15 10:50:01,633.7800,633.7900,633.1300,633.1300,4300
2015-09-15 10:51:04,633.2640,634.0000,633.2640,633.7900,7200
2015-09-15 10:52:17,633.0100,633.0100,633.0100,633.0100,100
2015-09-15 10:52:50,632.9700,633.2300,632.8950,633.0100,8300
2015-09-15 10:53:40,633.2500,633.2500,633.2500,633.2500,1300
2015-09-15 10:54:53,632.9250,633.2000,632.8500,633.2000,1700
2015-09-15 10:55:53,633.5000,633.5000,633.1811,633.1900,2400
2015-09-15 10:56:44,633.4300,633.4300,633.1801,633.1801,1200
2015-09-15 10:57:55,633.7000,633.8700,633.5000,633.5000,5000
2015-09-15 10:58:41,634.1700,634.1700,633.7600,633.7600,3300
2015-09-15 10:59:36,633.9807,634.0000,633.6900,633.8700,2900
2015-09-15 11:00:42,634.0000,634.3100,633.8920,634.3100,3500
2015-09-15 11:01:56,633.8900,634.1150,633.6595,634.1100,3900
2015-09-15 11:02:47,634.0620,634.2500,633.4600,633.6940,6200
2015-09-15 11:03:59,634.1950,634.4400,633.9875,634.1100,5100
2015-09-15 11:04:55,634.3600,634.4400,634.1950,634.1950,3100
2015-09-15 11:05:42,634.1300,634.3700,634.1300,634.3700,300
2015-09-15 11:06:53,634.5800,634.5800,634.1200,634.1200,3800
2015-09-15 11:07:10,634.6420,634.6420,634.6420,634.6420,300
2015-09-15 11:07:58,634.5400,634.7000,634.5000,634.6420,8600
2015-09-15 11:08:02,634.5600,634.5600,634.5600,634.5600,600
2015-09-15 11:08:56,634.2700,634.8100,634.2601,634.5600,14600
2015-09-15 11:09:07,634.2700,634.3400,634.2600,634.2900,4300
2015-09-15 11:10:02,634.0000,634.2700,633.8800,634.2700,3600
2015-09-15 11:11:03,633.9800,633.9800,633.9800,633.9800,100
2015-09-15 11:11:39,633.9750,634.3200,633.7400,634.0800,7200
2015-09-15 11:12:42,633.8100,634.0000,633.5200,633.7800,3500
2015-09-15 11:13:34,634.0001,634.4789,634.0000,634.0000,2100
2015-09-15 11:14:41,634.3499,634.3499,633.6400,634.0600,2300
2015-09-15 11:15:53,633.6500,634.0900,633.6500,633.9800,2100
2015-09-15 11:16:57,633.9700,633.9700,633.4800,633.6880,4500
2015-09-15 11:17:39,633.7500,633.8400,633.5300,633.6900,1200
2015-09-15 11:18:56,633.6000,633.8500,633.5000,633.7300,8100
2015-09-15 11:19:37,633.5000,633.5000,633.3000,633.5000,5700
2015-09-15 11:20:58,633.5300,633.7200,633.3100,633.3100,3000
2015-09-15 11:21:47,633.5500,633.8700,633.5500,633.8700,2200
2015-09-15 11:22:52,633.3300,633.4700,633.2600,633.2600,2000
2015-09-15 11:23:46,633.5700,633.7300,633.2700,633.6000,5400
2015-09-15 11:24:08,633.2750,633.2750,633.2750,633.2750,400
2015-09-15 11:25:06,633.5800,633.5800,633.5800,633.5800,3400
