2015-09-11 09:15:00,794.2500,794.5000,793.0000,793.0000,6100
2015-09-11 09:16:00,794.8000,795.6000,794.3000,794.5000,3000
2015-09-11 09:17:58,796.5000,797.0000,794.9000,795.7000,3600
2015-09-11 09:18:00,795.8000,797.0000,795.2500,796.4500,4300
2015-09-11 09:19:01,795.5500,795.5500,795.5500,795.5500,0
2015-09-11 09:20:16,791.4000,792.9500,791.4000,792.9500,5900
2015-09-11 09:21:59,791.5000,792.6500,791.1000,791.9000,6500
2015-09-11 09:22:00,791.8000,792.2000,791.3000,791.5000,7100
2015-09-11 09:23:01,791.0000,792.5000,791.0000,791.4500,11400
2015-09-11 09:24:59,791.5500,791.6000,790.4000,791.0000,4900
2015-09-11 09:25:00,791.4000,792.0000,791.0000,792.0000,2100
2015-09-11 09:26:59,791.4500,791.7000,791.0000,791.4500,4900
2015-09-11 09:27:00,791.0000,791.7500,790.5000,791.0500,3500
2015-09-11 09:28:01,791.9500,791.9500,791.0000,791.7000,2800
2015-09-11 09:29:01,791.5000,792.0000,791.0000,791.9500,2500
2015-09-11 09:30:03,790.9000,791.5500,790.5000,791.5500,2500
2015-09-11 09:31:00,790.3000,791.0500,790.1000,791.0500,3000
2015-09-11 09:32:59,788.6000,790.3000,787.6000,790.0000,5500
2015-09-11 09:33:59,786.3500,789.1500,785.4500,789.0000,4900
2015-09-11 09:34:59,785.0000,787.2500,785.0000,787.2500,5100
2015-09-11 09:35:59,788.0000,788.0000,785.2000,785.4500,2300
2015-09-11 09:36:00,787.3500,788.4500,787.3500,788.1500,4800
2015-09-11 09:37:58,788.3500,788.8000,787.3500,788.0000,2800
2015-09-11 09:38:00,788.5000,788.8500,788.0500,788.4000,700
2015-09-11 09:39:59,788.8000,788.8500,788.5500,788.8500,1900
2015-09-11 09:40:00,788.5500,789.8000,788.5000,788.7000,3300
2015-09-11 09:41:02,787.6000,789.4500,787.3000,789.3000,2400
2015-09-11 09:42:59,787.6000,787.9000,787.0000,787.3500,1800
2015-09-11 09:43:59,786.0000,787.6000,785.6000,787.1500,11000
2015-09-11 09:44:59,786.4500,786.8000,785.4000,786.0000,5700
2015-09-11 09:45:59,786.3000,786.6000,785.3500,786.5500,1900
2015-09-11 09:46:58,784.8000,786.3000,784.0500,786.3000,9600
2015-09-11 09:47:00,786.0000,786.0000,784.2000,784.2500,2100
2015-09-11 09:48:59,785.3500,786.2000,784.9000,785.8500,1300
2015-09-11 09:49:00,786.0000,786.3000,785.3000,785.3500,1000
2015-09-11 09:50:02,786.4000,786.4000,785.4000,786.0000,3100
2015-09-11 09:51:01,786.8000,786.8000,786.0000,786.1000,1100
2015-09-11 09:52:01,785.7500,786.9000,785.7500,786.9000,1400
2015-09-11 09:53:06,786.3000,786.3500,785.7500,785.7500,700
2015-09-11 09:54:01,786.6500,786.7000,786.4500,786.5000,1500
2015-09-11 09:55:01,786.5000,786.7000,786.4500,786.7000,1900
2015-09-11 09:56:58,786.5500,786.5500,786.4500,786.5500,1500
2015-09-11 09:57:00,787.0000,787.0000,786.5000,786.6500,2100
2015-09-11 09:58:12,787.6500,788.0000,787.1000,787.1000,3200
2015-09-11 09:59:58,789.1000,789.2000,787.5500,787.5500,2400
2015-09-11 10:00:00,789.0000,789.5000,788.9000,789.1000,1500
2015-09-11 10:01:01,789.6000,790.0000,789.0500,789.5000,2700
2015-09-11 10:02:59,790.0000,790.1500,789.6000,789.6000,4200
2015-09-11 10:03:59,790.2500,791.2000,790.0000,790.0500,4400
2015-09-11 10:04:00,790.0000,790.9500,790.0000,790.9500,2800
2015-09-11 10:05:00,789.8500,790.5000,789.6000,790.5000,2100
2015-09-11 10:06:03,790.4000,791.3000,789.8500,790.0000,2500
2015-09-11 10:07:00,790.4000,790.4500,790.0500,790.0500,1000
2015-09-11 10:08:00,790.3000,790.8000,790.3000,790.3000,4800
2015-09-11 10:09:01,789.4000,790.5000,789.4000,790.5000,900
2015-09-11 10:10:01,790.2500,790.3000,789.4500,789.8000,600
2015-09-11 10:11:59,790.0500,790.2000,789.7500,789.7500,900
2015-09-11 10:12:00,790.2000,790.2000,790.0000,790.0500,800
2015-09-11 10:13:00,790.9000,790.9000,790.2000,790.2500,600
2015-09-11 10:14:03,792.2500,792.5000,790.7500,790.9500,2300
2015-09-11 10:15:59,791.3500,792.8000,791.3500,792.4500,5300
2015-09-11 10:16:00,792.2500,792.9000,791.3500,791.3500,3800
2015-09-11 10:17:00,792.5500,792.8500,792.3500,792.7500,2600
2015-09-11 10:18:03,793.0500,793.2000,792.3500,792.3500,4600
2015-09-11 10:19:01,792.7000,793.2500,792.5000,793.0500,4300
2015-09-11 10:20:03,792.6000,792.6500,792.5000,792.6000,2000
2015-09-11 10:21:59,792.0000,792.5000,791.7000,792.5000,2300
2015-09-11 10:22:00,792.0000,792.0000,791.7000,791.7000,1100
2015-09-11 10:23:02,792.0500,792.5000,792.0000,792.0000,1900
2015-09-11 10:24:59,791.6000,792.4000,791.5000,792.2500,1400
2015-09-11 10:25:00,790.9500,791.8500,790.9500,791.6000,1900
2015-09-11 10:26:59,791.5000,792.1000,790.5000,790.9000,3000
2015-09-11 10:27:59,792.9500,792.9500,791.6000,791.6000,1900
2015-09-11 10:28:59,795.0000,795.0000,792.6000,792.6000,9800
2015-09-11 10:29:59,796.8000,796.9000,794.8500,795.0000,13200
2015-09-11 10:30:59,798.7000,799.0000,796.8000,796.9500,25900
2015-09-11 10:31:00,798.5000,798.9500,798.4500,798.6000,8400
2015-09-11 10:32:59,799.4000,799.7000,798.5500,798.9500,18000
2015-09-11 10:33:59,798.8000,799.4000,798.3500,798.9000,4300
2015-09-11 10:34:59,798.3000,798.8000,797.8000,798.5500,5300
2015-09-11 10:35:00,797.2500,798.5000,797.2500,798.0500,2800
2015-09-11 10:36:59,796.1000,797.2500,795.7500,797.2500,2500
2015-09-11 10:37:01,796.0000,796.5000,795.3000,796.1500,2800
2015-09-11 10:38:01,796.0000,796.1000,795.7000,795.8500,1900
2015-09-11 10:39:01,796.3000,796.7500,795.8500,795.8500,1300
2015-09-11 10:40:00,796.9500,797.1500,796.1000,796.1000,1100
2015-09-11 10:41:01,796.1000,796.7000,796.0000,796.7000,1300
2015-09-11 10:42:59,796.2000,796.9500,796.1000,796.1000,800
2015-09-11 10:43:00,795.3000,796.5500,795.3000,796.2000,3800
2015-09-11 10:44:59,796.7500,796.7500,795.3000,795.3000,4300
2015-09-11 10:45:00,795.6000,796.5000,795.6000,796.1000,1800
2015-09-11 10:46:01,795.4000,795.6000,795.3500,795.4000,1000
2015-09-11 10:47:01,795.4000,796.0000,795.4000,795.4000,1700
2015-09-11 10:48:59,795.9000,795.9000,795.1500,795.4000,400
2015-09-11 10:49:59,795.6500,795.9000,795.3000,795.9000,500
2015-09-11 10:50:00,795.0000,795.7500,795.0000,795.7000,3000
2015-09-11 10:51:00,793.8000,794.9000,793.5000,794.9000,1400
2015-09-11 10:52:59,793.2500,793.5000,793.0500,793.5000,1700
2015-09-11 10:53:00,794.7000,794.7500,793.5000,793.8500,2500
2015-09-11 10:54:02,794.9500,795.4500,794.7000,794.7500,800
2015-09-11 10:55:03,794.8500,795.3000,794.8500,795.0000,1400
2015-09-11 10:56:01,795.0000,795.3500,794.5500,795.3500,1300
2015-09-11 10:57:00,795.0000,795.3500,794.9500,794.9500,700
2015-09-11 10:58:02,794.9500,795.2500,794.8500,795.2000,1100
2015-09-11 10:59:02,794.9500,795.0500,794.8500,794.8500,2000
2015-09-11 11:00:02,795.0500,795.1000,794.9500,795.0000,2500
2015-09-11 11:01:00,794.7000,795.3000,794.7000,795.2500,1800
2015-09-11 11:02:59,794.7000,794.9500,794.7000,794.7000,2600
2015-09-11 11:03:00,794.7500,795.2000,794.6500,794.7000,3200
2015-09-11 11:04:01,794.8000,795.0500,794.8000,795.0000,1600
2015-09-11 11:05:01,794.8500,795.0500,794.6500,794.8000,2500
2015-09-11 11:06:03,795.0500,795.0500,794.8500,795.0500,800
2015-09-11 11:07:00,794.8500,795.0500,794.8500,795.0500,600
2015-09-11 11:08:00,795.0500,795.3500,794.8500,794.8500,1800
2015-09-11 11:09:01,794.8500,795.2000,794.8500,795.2000,200
2015-09-11 11:10:00,794.5000,795.0500,794.0000,794.8500,12600
2015-09-11 11:11:01,792.5500,794.5000,792.5500,794.5000,11000
2015-09-11 11:12:04,790.0000,792.1000,790.0000,792.1000,7000
2015-09-11 11:13:59,790.2500,790.8000,790.0000,790.8000,3100
2015-09-11 11:14:00,790.0000,790.2500,790.0000,790.2500,10200
2015-09-11 11:15:59,790.0000,790.2000,790.0000,790.0000,5000
2015-09-11 11:16:00,790.2500,790.9500,790.1500,790.2000,2900
2015-09-11 11:17:09,792.3000,792.3000,790.5000,790.5000,1100
2015-09-11 11:18:05,791.3500,792.1500,791.2500,791.9500,800
2015-09-11 11:19:03,791.3000,791.7500,791.1500,791.7500,1100
2015-09-11 11:20:01,792.2000,792.4500,791.2500,791.3000,1500
2015-09-11 11:21:59,792.0000,792.5000,791.6000,791.7500,1300
2015-09-11 11:22:00,792.8000,792.8000,792.0000,792.0000,700
2015-09-11 11:23:03,792.0000,793.2000,792.0000,793.1000,1700
2015-09-11 11:24:06,792.0000,792.3000,792.0000,792.0000,700
2015-09-11 11:25:02,792.0500,792.2000,792.0000,792.2000,5800
2015-09-11 11:26:00,792.0000,792.0500,792.0000,792.0000,4200
2015-09-11 11:27:01,792.0500,792.1500,792.0000,792.0000,2500
2015-09-11 11:28:59,792.0500,792.1000,792.0000,792.0500,4500
2015-09-11 11:29:58,792.0000,792.1500,792.0000,792.0500,4500
2015-09-11 11:30:59,792.0000,792.0500,792.0000,792.0000,4600
2015-09-11 11:31:00,792.0000,792.0500,792.0000,792.0000,1300
2015-09-11 11:32:00,791.1000,792.0500,791.1000,792.0000,3500
2015-09-11 11:33:02,791.4500,791.7500,791.1000,791.7000,2300
2015-09-11 11:34:05,791.7500,792.1000,791.6500,791.6500,800
2015-09-11 11:35:16,792.1500,792.1500,791.7500,791.9500,800
2015-09-11 11:36:03,791.9000,792.1500,791.7500,792.1500,400
2015-09-11 11:37:58,792.1500,792.1500,791.8000,791.8000,200
2015-09-11 11:38:00,792.0500,792.1500,792.0000,792.1500,400
2015-09-11 11:39:02,792.1500,792.1500,791.8500,792.0000,900
2015-09-11 11:40:59,794.2500,794.2500,792.1000,792.1500,2200
2015-09-11 11:41:59,792.8500,794.0500,792.8500,793.5500,1000
2015-09-11 11:42:00,793.1500,793.4000,792.8000,793.0500,2000
2015-09-11 11:43:01,793.9000,794.3500,793.2500,793.2500,1600
2015-09-11 11:44:01,794.0000,794.2000,793.8500,793.9500,3000
2015-09-11 11:45:59,794.0000,794.0000,793.8000,793.8000,1200
2015-09-11 11:46:00,794.0000,794.0500,793.8000,794.0000,1100
2015-09-11 11:47:59,793.6000,794.2000,793.6000,794.0000,2100
2015-09-11 11:48:59,793.6000,794.1000,793.6000,794.0000,1100
2015-09-11 11:49:00,793.6000,793.9000,793.2500,793.6000,4500
2015-09-11 11:50:01,793.2500,793.6500,793.0500,793.6000,1300
2015-09-11 11:51:59,793.8000,793.8000,793.2500,793.2500,600
2015-09-11 11:52:59,794.0000,794.1000,793.6000,793.7500,1600
2015-09-11 11:53:59,794.0500,794.0500,793.7500,794.0000,400
2015-09-11 11:54:00,794.0000,794.2000,793.6500,794.0000,2300
2015-09-11 11:55:01,794.0000,794.0000,794.0000,794.0000,900
2015-09-11 11:56:05,793.7500,794.0500,793.7500,794.0000,600
2015-09-11 11:57:59,794.0000,794.0500,793.7500,793.7500,2200
2015-09-11 11:58:00,794.0000,794.0500,793.9000,794.0000,800
2015-09-11 11:59:00,794.0500,794.2000,793.9000,794.0000,3400
2015-09-11 12:00:00,794.0500,794.1000,793.9000,794.0000,1700
2015-09-11 12:01:06,794.0500,794.1000,794.0500,794.0500,300
2015-09-11 12:02:59,794.0500,794.2000,794.0500,794.1000,700
2015-09-11 12:03:59,793.7500,794.1500,793.5000,794.0500,4900
2015-09-11 12:04:00,793.5500,793.5500,793.2500,793.5000,2100
2015-09-11 12:05:00,793.9000,794.5000,793.5500,793.5500,2200
2015-09-11 12:06:59,794.0000,794.2000,794.0000,794.0000,800
2015-09-11 12:07:59,794.0500,794.0500,794.0000,794.0000,1900
2015-09-11 12:08:58,794.0000,794.1500,794.0000,794.0000,6100
2015-09-11 12:09:59,794.0000,794.2000,794.0000,794.0000,3700
2015-09-11 12:10:59,794.0000,794.1000,794.0000,794.0000,800
2015-09-11 12:11:58,794.0000,794.6000,794.0000,794.1000,4400
2015-09-11 12:12:00,794.0000,794.4500,794.0000,794.0000,500
2015-09-11 12:13:59,794.0000,794.3000,794.0000,794.0000,2500
2015-09-11 12:14:00,794.0000,794.2000,794.0000,794.0000,500
2015-09-11 12:15:00,794.1500,794.2000,794.0000,794.0000,200
2015-09-11 12:16:00,794.5000,794.5000,794.0000,794.1500,1200
2015-09-11 12:17:56,794.0000,794.5000,794.0000,794.4500,2200
2015-09-11 12:18:59,794.0000,794.8500,794.0000,794.0000,700
2015-09-11 12:19:59,794.0000,794.2500,794.0000,794.0000,1000
2015-09-11 12:20:00,794.0000,794.1000,793.9000,794.0000,3200
2015-09-11 12:21:00,794.0000,794.3500,793.9000,793.9500,1800
2015-09-11 12:22:03,794.1500,794.2500,794.0000,794.0000,500
2015-09-11 12:23:59,794.0000,794.3000,794.0000,794.1500,1000
2015-09-11 12:24:00,794.0500,794.1500,794.0000,794.0000,1100
2015-09-11 12:25:59,794.0500,794.1000,794.0000,794.0500,300
2015-09-11 12:26:00,794.0500,794.7000,794.0000,794.0500,500
2015-09-11 12:27:04,794.0000,794.5000,794.0000,794.0500,300
2015-09-11 12:28:01,794.2000,794.3000,794.0000,794.0500,800
2015-09-11 12:29:02,794.0000,794.2000,794.0000,794.0500,500
2015-09-11 12:30:00,794.0500,794.1500,794.0000,794.0000,900
2015-09-11 12:31:03,794.0000,794.2000,794.0000,794.2000,2200
2015-09-11 12:32:59,794.0000,794.1000,793.9000,794.0000,3700
2015-09-11 12:33:00,793.9000,794.1500,793.9000,794.0000,3500
2015-09-11 12:34:00,792.1000,794.0000,792.1000,793.9000,6100
2015-09-11 12:35:59,792.0000,792.4500,792.0000,792.1000,2700
2015-09-11 12:36:00,792.0500,792.7000,792.0000,792.1000,5600
2015-09-11 12:37:00,792.3000,792.6000,792.0000,792.0500,2400
2015-09-11 12:38:59,792.1000,792.3000,792.0000,792.0000,1800
2015-09-11 12:39:59,792.8000,792.8500,792.0000,792.1500,1400
2015-09-11 12:40:00,792.8000,793.0000,792.6000,792.8000,500
2015-09-11 12:41:59,792.7500,792.8000,792.7500,792.8000,400
2015-09-11 12:42:01,792.7500,792.8000,792.7500,792.7500,600
2015-09-11 12:43:00,792.8000,792.9000,792.6500,792.7500,1000
2015-09-11 12:44:59,792.6500,793.0500,792.6500,792.9000,1700
2015-09-11 12:45:58,792.8000,792.8000,792.6500,792.6500,4700
2015-09-11 12:46:00,792.7500,792.7500,792.7500,792.7500,2900
2015-09-11 12:47:20,792.7500,793.0000,792.5000,793.0000,200
2015-09-11 12:48:00,792.6500,792.6500,792.5000,792.5000,400
2015-09-11 12:49:58,792.5000,793.3500,792.5000,792.6500,1500
2015-09-11 12:50:01,792.5000,792.8000,792.5000,792.5000,2700
2015-09-11 12:51:10,792.3000,792.5500,792.3000,792.4000,3300
2015-09-11 12:52:59,792.1000,792.5500,792.0000,792.3000,13200
2015-09-11 12:53:01,792.8500,792.8500,792.1000,792.1000,4300
2015-09-11 12:54:00,792.4000,793.2500,792.4000,792.8500,600
2015-09-11 12:55:03,792.6000,792.7500,792.2000,792.4000,2100
2015-09-11 12:56:00,792.3000,792.6000,792.3000,792.6000,1000
2015-09-11 12:57:01,792.5000,792.5500,792.3000,792.3000,1600
2015-09-11 12:58:59,792.5500,792.8000,792.3000,792.5000,2300
2015-09-11 12:59:59,792.3000,792.6000,792.3000,792.5500,1500
2015-09-11 13:00:02,792.6000,792.7000,792.3000,792.3000,400
2015-09-11 13:01:00,792.5000,792.7500,792.5000,792.7500,1000
2015-09-11 13:02:59,792.7500,793.4000,792.5000,792.5000,1300
2015-09-11 13:03:00,792.9000,793.0000,792.7500,792.7500,400
2015-09-11 13:04:02,792.6500,792.8500,792.5500,792.8000,600
2015-09-11 13:05:00,792.7500,792.8000,792.5500,792.5500,500
2015-09-11 13:06:59,793.0500,793.2000,792.7500,792.7500,2300
2015-09-11 13:07:59,792.3000,793.0500,792.3000,793.0500,6100
2015-09-11 13:08:01,792.3000,792.5500,792.1000,792.3000,2000
2015-09-11 13:09:59,792.2000,792.5000,792.0000,792.3000,23500
2015-09-11 13:10:58,792.1000,792.5500,792.0000,792.2000,5400
2015-09-11 13:11:02,792.0000,792.6000,792.0000,792.3000,7200
2015-09-11 13:12:00,792.0500,792.8000,792.0000,792.0000,2200
2015-09-11 13:13:00,792.0000,792.5500,792.0000,792.0500,2700
2015-09-11 13:14:59,792.0000,792.1000,792.0000,792.0000,1300
2015-09-11 13:15:01,792.0500,792.0500,792.0000,792.0000,4300
2015-09-11 13:16:03,792.0000,792.1500,792.0000,792.0000,2300
2015-09-11 13:17:05,792.0000,792.1000,792.0000,792.0000,2200
2015-09-11 13:18:59,790.8000,792.1000,790.2500,792.1000,7600
2015-09-11 13:19:00,792.1000,792.1500,790.7500,790.7500,700
2015-09-11 13:20:59,792.3500,793.0000,792.1000,792.1000,1100
2015-09-11 13:21:00,792.2500,792.5000,792.2000,792.3500,800
2015-09-11 13:22:59,792.0000,792.3000,792.0000,792.2500,700
2015-09-11 13:23:00,792.0000,792.2500,792.0000,792.0000,2100
2015-09-11 13:24:59,792.1500,793.0000,792.0000,792.0000,1600
2015-09-11 13:25:00,792.0000,792.4500,792.0000,792.1500,500
2015-09-11 13:26:59,792.1000,792.7000,792.0000,792.1500,900
2015-09-11 13:27:00,792.1000,792.7000,792.0000,792.1000,600
2015-09-11 13:28:00,792.0000,792.3500,792.0000,792.1000,200
2015-09-11 13:29:59,792.2000,792.2500,792.0000,792.0000,500
2015-09-11 13:30:00,792.5000,792.7000,792.1000,792.2000,700
2015-09-11 13:31:01,792.4500,792.7000,792.0000,792.2000,1900
2015-09-11 13:32:00,792.0500,792.4500,792.0000,792.4500,200
2015-09-11 13:33:59,792.4000,792.5500,792.0000,792.0000,300
2015-09-11 13:34:01,792.0000,792.4000,792.0000,792.4000,1600
2015-09-11 13:35:59,792.0500,792.1000,792.0000,792.0000,2600
2015-09-11 13:36:00,792.0000,792.5000,792.0000,792.1500,2600
2015-09-11 13:37:00,792.5000,792.5000,792.0000,792.0000,1300
2015-09-11 13:38:59,792.3000,792.5000,792.0500,792.0500,1600
2015-09-11 13:39:00,792.1000,792.6500,792.1000,792.3000,1100
2015-09-11 13:40:00,792.2500,792.6000,792.1000,792.1000,500
2015-09-11 13:41:00,792.2500,792.5500,792.2500,792.2500,400
2015-09-11 13:42:59,792.2500,792.7000,792.1500,792.2500,1700
2015-09-11 13:43:01,792.3000,792.7000,792.2500,792.2500,300
2015-09-11 13:44:59,792.5000,792.9000,792.3500,792.3500,600
2015-09-11 13:45:00,792.5500,792.8000,792.1500,792.5000,1500
2015-09-11 13:46:05,792.3000,792.9000,792.3000,792.3000,1100
2015-09-11 13:47:00,792.1500,792.8000,792.1500,792.3000,900
2015-09-11 13:48:01,792.1500,792.6500,792.1500,792.5000,2300
2015-09-11 13:49:00,792.5000,792.7000,792.2500,792.2500,400
2015-09-11 13:50:00,792.3000,792.8500,792.2500,792.5000,1900
2015-09-11 13:51:59,792.1500,792.8500,792.1500,792.3000,1900
2015-09-11 13:52:00,792.1000,792.6500,792.1000,792.1500,1100
2015-09-11 13:53:00,792.5000,792.6000,792.1000,792.1000,300
2015-09-11 13:54:00,792.8000,792.9000,792.1500,792.5000,900
2015-09-11 13:55:00,792.2000,792.8000,792.0500,792.8000,1600
2015-09-11 13:56:00,792.2000,792.6000,792.1000,792.2000,900
2015-09-11 13:57:00,792.3500,792.7000,792.2000,792.7000,400
2015-09-11 13:58:00,792.4000,792.4000,792.2000,792.2500,400
2015-09-11 13:59:59,792.5000,792.5000,792.1500,792.4000,700
2015-09-11 14:00:59,792.1000,792.6000,792.1000,792.5000,400
2015-09-11 14:01:00,792.3500,792.4000,792.0000,792.1000,2500
2015-09-11 14:02:59,792.2500,792.3500,792.1000,792.3500,1700
2015-09-11 14:03:59,792.0500,792.2500,792.0500,792.1000,1300
2015-09-11 14:04:00,792.4500,792.5500,792.0500,792.0500,900
2015-09-11 14:05:58,792.9000,793.0000,792.4500,792.4500,1100
2015-09-11 14:06:00,792.7000,792.9500,792.2500,792.9500,1300
2015-09-11 14:07:00,792.6500,792.9500,792.3000,792.7000,400
2015-09-11 14:08:00,792.3000,792.9500,792.1500,792.6500,1100
2015-09-11 14:09:59,792.9500,792.9500,792.2500,792.3000,700
2015-09-11 14:10:00,792.2500,792.9000,792.2500,792.9000,1400
2015-09-11 14:11:08,793.2500,793.4000,793.0000,793.2000,1500
2015-09-11 14:12:01,793.7500,794.0000,793.0000,793.0500,10300
2015-09-11 14:13:03,793.7500,793.9500,793.7500,793.8000,1200
2015-09-11 14:14:59,794.5000,795.0000,794.0000,794.0000,2600
2015-09-11 14:15:00,795.1000,795.2000,794.0000,794.1000,3300
2015-09-11 14:16:59,795.0000,795.3000,795.0000,795.0500,4200
2015-09-11 14:17:58,795.0000,795.1500,795.0000,795.1500,6300
2015-09-11 14:18:59,795.2500,795.3000,795.0000,795.0000,4100
2015-09-11 14:19:59,796.0000,796.1500,795.2500,795.2500,6400
2015-09-11 14:20:59,796.0000,796.3500,796.0000,796.0000,4100
2015-09-11 14:21:00,796.0000,796.2000,796.0000,796.0500,4300
2015-09-11 14:22:00,796.4000,796.4000,796.0000,796.0000,1500
2015-09-11 14:23:02,796.3500,796.4000,796.0000,796.3500,1400
2015-09-11 14:24:02,796.5500,796.8500,796.0000,796.3500,7300
2015-09-11 14:25:59,796.5000,796.9500,796.5000,796.5500,2800
2015-09-11 14:26:00,796.4500,797.2000,796.0000,796.5000,20500
2015-09-11 14:27:59,796.1000,796.6000,796.0000,796.5500,3900
2015-09-11 14:28:00,795.7500,796.1500,795.7500,796.0000,4700
2015-09-11 14:29:00,796.0000,796.2500,795.7500,795.7500,6800
2015-09-11 14:30:59,795.8500,796.3000,795.7500,796.0000,11400
2015-09-11 14:31:59,796.5000,796.6000,795.8000,796.0000,10600
2015-09-11 14:32:00,796.5000,796.8000,796.5000,796.5000,8600
2015-09-11 14:33:00,796.2500,796.7500,796.2000,796.5000,1400
2015-09-11 14:34:00,797.7000,797.8000,796.5000,796.5000,6100
2015-09-11 14:35:00,797.5000,797.5500,797.1000,797.1500,3000
2015-09-11 14:36:59,797.7500,798.0000,797.3000,797.7500,16200
2015-09-11 14:37:58,797.3500,797.9000,797.0000,797.7500,6300
2015-09-11 14:38:59,797.3500,797.8000,797.3000,797.3500,2900
2015-09-11 14:39:00,797.3500,797.5000,797.3500,797.3500,1800
2015-09-11 14:40:58,797.3500,797.4000,797.3500,797.3500,10100
2015-09-11 14:41:59,797.3500,797.4500,797.0000,797.3500,4500
2015-09-11 14:42:59,797.0000,797.3500,797.0000,797.0000,4600
2015-09-11 14:43:59,797.0000,797.2500,797.0000,797.0000,1400
2015-09-11 14:44:00,797.0000,797.2000,797.0000,797.0000,4100
2015-09-11 14:45:00,797.2000,797.4000,797.0000,797.0000,5900
2015-09-11 14:46:00,797.2000,797.9500,797.0000,797.4000,4300
2015-09-11 14:47:59,797.3500,797.9000,797.0000,797.9000,4600
2015-09-11 14:48:00,797.5000,797.5000,797.0000,797.3500,3700
2015-09-11 14:49:59,797.2000,797.5000,797.0000,797.0000,3500
2015-09-11 14:50:59,797.4000,797.5500,797.0000,797.0500,6500
2015-09-11 14:51:59,797.5000,799.0000,797.0000,797.2500,4300
2015-09-11 14:52:59,799.0000,799.0000,797.4500,798.1000,3800
2015-09-11 14:53:59,798.9500,798.9500,797.0000,797.5500,4500
2015-09-11 14:54:00,798.4500,798.4500,797.5000,797.9000,3000
2015-09-11 14:55:59,798.7500,798.7500,797.4000,797.8500,2800
2015-09-11 14:56:59,798.7000,798.7000,797.4000,797.7500,3700
2015-09-11 14:57:00,799.5000,799.5000,797.6000,797.7000,3800
2015-09-11 14:58:59,798.6000,798.6000,798.0000,798.1500,3500
2015-09-11 14:59:59,798.2500,798.5500,798.0000,798.1000,3900
2015-09-11 15:00:59,798.0500,799.0000,798.0000,798.1500,4000
2015-09-11 15:01:59,798.2000,798.4000,798.0000,798.0500,14100
2015-09-11 15:02:59,798.4500,798.4500,798.0000,798.0000,8600
2015-09-11 15:03:59,798.1500,799.0000,798.0000,798.4500,3400
2015-09-11 15:04:59,798.4000,798.8500,798.0000,798.1500,5500
2015-09-11 15:05:59,799.0000,799.0000,798.0000,798.3000,4500
2015-09-11 15:06:59,798.2500,798.7500,798.1000,798.2000,3800
2015-09-11 15:07:59,799.0000,799.0000,798.0000,798.2500,5800
2015-09-11 15:08:59,798.0000,799.0000,798.0000,798.2500,11000
2015-09-11 15:09:59,797.0000,798.1500,797.0000,798.1000,25100
2015-09-11 15:10:00,795.0000,797.1500,795.0000,797.0000,17700
2015-09-11 15:11:59,796.0000,796.0000,793.8000,795.0000,18700
2015-09-11 15:12:59,795.0000,795.5500,793.6000,795.0500,16900
2015-09-11 15:13:59,794.0000,795.0000,793.2500,794.2500,15200
2015-09-11 15:14:59,792.5500,794.5000,792.0500,794.0000,40600
2015-09-11 15:15:59,792.7000,792.9000,792.0500,792.1000,13700
2015-09-11 15:16:59,795.0000,795.0000,792.3500,793.0500,16300
2015-09-11 15:17:59,795.0000,795.0000,792.9000,794.2500,8400
2015-09-11 15:18:59,795.0000,795.0000,794.0500,794.3500,7400
2015-09-11 15:19:59,795.0000,795.4000,794.9500,795.0000,4500
2015-09-11 15:20:59,794.2000,794.9500,793.2500,794.9500,15000
2015-09-11 15:21:00,794.0500,794.1500,794.0000,794.0500,7300
2015-09-11 15:22:00,794.4500,794.4500,793.7500,794.0000,8900
2015-09-11 15:23:59,794.5500,795.0000,793.8500,793.8500,9700
2015-09-11 15:24:00,795.1000,795.7500,794.5500,794.5500,10900
2015-09-11 15:25:59,795.0000,795.4500,795.0000,795.0500,9400
2015-09-11 15:26:00,795.3000,795.5000,795.0000,795.0000,7700
2015-09-11 15:27:02,795.0500,795.3000,795.0500,795.3000,8600
2015-09-11 15:28:59,795.1500,795.2000,795.0000,795.0500,7800
2015-09-11 15:29:00,797.0000,797.0000,795.1000,795.1000,4800
2015-09-11 15:30:00,797.0000,797.0000,797.0000,797.0000,0
2015-09-14 09:15:59,796.1500,800.0000,796.1000,800.0000,10000
2015-09-14 09:16:59,796.8000,797.0500,795.3500,796.1500,2100
2015-09-14 09:17:00,796.9500,797.0500,796.0500,796.8000,7900
2015-09-14 09:18:02,794.5000,797.0000,794.5000,796.1000,3500
2015-09-14 09:19:59,795.1000,795.4500,794.5000,794.5000,6600
2015-09-14 09:20:00,793.1500,795.4500,793.1500,795.0500,4200
2015-09-14 09:21:00,793.3000,794.4000,791.1000,794.4000,7000
2015-09-14 09:22:00,794.5000,795.0000,792.9000,793.3500,3700
2015-09-14 09:23:01,794.0000,795.0000,793.3500,794.9500,2500
2015-09-14 09:24:59,795.0000,795.0000,792.6000,793.3500,2100
2015-09-14 09:25:00,795.0000,795.0000,794.1500,794.1500,1200
2015-09-14 09:26:59,794.1000,794.9500,793.7000,794.4000,1500
2015-09-14 09:27:00,793.1000,794.2000,792.3500,793.7000,1500
2015-09-14 09:28:01,793.5000,794.0000,792.6500,794.0000,700
2015-09-14 09:29:59,794.0000,794.0000,793.0500,793.0500,1800
2015-09-14 09:30:00,793.6000,794.0500,793.2000,794.0000,900
2015-09-14 09:31:58,794.1000,794.1000,793.6000,793.6000,1300
2015-09-14 09:32:00,793.4000,794.1000,793.2500,794.1000,1400
2015-09-14 09:33:02,791.8000,793.7000,791.8000,793.4000,2600
2015-09-14 09:34:01,792.7500,793.1000,791.3500,792.0000,2500
2015-09-14 09:35:58,792.5000,793.2000,792.5000,792.7500,600
2015-09-14 09:36:00,791.5000,792.9000,790.8000,792.9000,3500
2015-09-14 09:37:05,792.2000,793.1500,792.1000,792.4000,900
2015-09-14 09:38:01,792.7500,793.6000,792.0500,792.0500,600
2015-09-14 09:39:12,792.8500,793.2500,792.5000,793.1000,600
2015-09-14 09:40:01,793.6000,793.9500,792.8500,792.8500,500
2015-09-14 09:41:04,793.6500,793.7000,793.2000,793.6000,500
2015-09-14 09:42:10,793.4500,793.7000,793.2000,793.7000,100
2015-09-14 09:43:59,793.5000,793.7000,793.5000,793.7000,300
2015-09-14 09:44:00,793.6500,794.8500,793.5000,793.5000,2000
2015-09-14 09:45:06,794.2000,794.9000,794.0000,794.0000,500
2015-09-14 09:46:01,794.3000,795.0000,794.2000,794.2000,700
2015-09-14 09:47:01,795.0000,795.0000,793.8500,794.8000,2600
2015-09-14 09:48:04,794.4500,795.0000,794.4500,794.9500,1300
2015-09-14 09:49:02,794.1000,794.5000,794.0000,794.5000,200
2015-09-14 09:50:07,794.9500,795.0000,794.3000,794.3000,300
2015-09-14 09:51:03,794.5500,795.0000,794.5500,795.0000,900
2015-09-14 09:52:04,794.6500,794.6500,794.1000,794.6000,400
2015-09-14 09:53:02,795.0000,795.0000,794.5000,794.6500,800
2015-09-14 09:54:03,794.2000,795.0000,794.1000,795.0000,900
2015-09-14 09:55:01,794.5500,794.6000,794.1500,794.4000,400
2015-09-14 09:56:00,795.0000,795.8500,794.7000,795.2000,1800
2015-09-14 09:57:01,794.1000,795.2000,794.1000,795.0000,1400
2015-09-14 09:58:00,794.1000,794.3000,794.1000,794.1000,1600
2015-09-14 09:59:09,793.0500,794.2500,792.8500,794.2500,1400
2015-09-14 10:00:00,793.4500,793.8500,793.0500,793.0500,400
2015-09-14 10:01:59,793.4500,794.0000,793.4500,793.5000,800
2015-09-14 10:02:00,793.9000,793.9500,793.5000,793.6000,400
2015-09-14 10:03:02,793.6500,794.0000,793.4500,793.8500,600
2015-09-14 10:04:09,793.6500,793.9500,793.4500,793.6500,300
2015-09-14 10:05:01,794.0000,794.0000,793.6500,793.6500,600
2015-09-14 10:06:01,794.0000,794.0000,793.7000,794.0000,4800
2015-09-14 10:07:02,794.5000,794.5000,793.8000,794.0000,3700
2015-09-14 10:08:59,793.5500,794.9000,793.5500,794.8000,2100
2015-09-14 10:09:00,793.0000,793.5500,793.0000,793.5500,400
2015-09-14 10:10:06,792.4500,793.1500,792.1000,793.0000,1000
2015-09-14 10:11:59,793.2000,793.4500,792.5000,792.5000,200
2015-09-14 10:12:58,792.1000,793.5000,792.1000,793.2000,1800
2015-09-14 10:13:58,791.8000,792.4000,791.5000,792.1000,5900
2015-09-14 10:14:59,792.3500,792.3500,791.8000,791.8000,600
2015-09-14 10:15:58,791.3500,791.9500,791.2500,791.8500,3900
2015-09-14 10:16:59,791.0000,791.6500,791.0000,791.3500,2000
2015-09-14 10:17:00,791.6500,792.3000,791.0000,791.0000,2000
2015-09-14 10:18:59,791.7000,792.3000,791.6500,791.9500,2200
2015-09-14 10:19:59,791.5500,794.5500,791.5000,791.7000,9000
2015-09-14 10:20:59,793.8500,794.5000,791.6000,791.6000,4100
2015-09-14 10:21:59,793.5000,795.3000,793.5000,794.5000,6700
2015-09-14 10:22:00,792.7500,793.7000,792.1500,793.1000,3100
2015-09-14 10:23:58,792.2000,793.4000,792.2000,793.4000,4000
2015-09-14 10:24:59,793.6500,793.9500,791.6500,792.3500,3400
2015-09-14 10:25:59,793.8000,794.0000,793.0000,793.2000,3100
2015-09-14 10:26:00,792.9000,793.8000,791.6500,793.2500,3200
2015-09-14 10:27:00,792.2500,792.9000,792.2500,792.4000,1500
2015-09-14 10:28:03,792.5000,793.7000,792.2500,792.6500,2700
2015-09-14 10:29:01,792.8500,792.9500,792.3500,792.9500,200
2015-09-14 10:30:01,792.5000,792.8500,792.5000,792.8000,1400
2015-09-14 10:31:01,792.8000,792.8000,792.5500,792.8000,200
2015-09-14 10:32:59,793.4500,793.9000,792.8000,792.8000,3400
2015-09-14 10:33:59,793.4000,793.9000,793.1000,793.1000,1200
2015-09-14 10:34:00,793.4500,793.9000,793.4000,793.5000,1600
2015-09-14 10:35:00,794.2500,794.3000,793.4000,793.4000,2500
2015-09-14 10:36:00,793.7500,794.3000,793.7500,794.2500,1100
2015-09-14 10:37:01,794.3000,794.5000,793.7500,794.0000,1800
2015-09-14 10:38:01,794.5000,794.7000,794.3000,794.5000,1400
2015-09-14 10:39:01,794.6000,794.6000,794.3000,794.5000,1600
2015-09-14 10:40:59,794.5000,795.9000,794.3000,794.6000,5500
2015-09-14 10:41:00,794.3000,795.1500,793.2500,794.5500,2300
2015-09-14 10:42:01,795.0000,795.0500,794.2500,794.8000,1900
2015-09-14 10:43:01,795.0000,795.4000,795.0000,795.3500,1400
2015-09-14 10:44:59,794.7000,796.0000,794.5000,795.4000,3000
2015-09-14 10:45:00,795.4000,796.0000,794.7000,794.7000,2100
2015-09-14 10:46:00,794.7500,795.6000,794.7500,795.4000,1700
2015-09-14 10:47:59,794.2500,794.9000,794.0500,794.9000,900
2015-09-14 10:48:00,794.3000,794.6000,794.0500,794.1500,500
2015-09-14 10:49:01,794.4500,794.5500,794.3000,794.5000,2600
2015-09-14 10:50:01,794.4000,794.5000,794.2000,794.5000,700
2015-09-14 10:51:01,794.3500,794.4000,794.2000,794.4000,600
2015-09-14 10:52:00,794.0500,794.3500,793.6500,794.2500,1300
2015-09-14 10:53:01,793.7000,794.1000,793.6500,794.1000,600
2015-09-14 10:54:01,793.7000,793.9500,793.7000,793.9500,1100
2015-09-14 10:55:01,793.9000,793.9500,793.3500,793.9500,1700
2015-09-14 10:56:59,793.9000,793.9000,793.3000,793.9000,2400
2015-09-14 10:57:00,793.8500,793.9000,793.5500,793.8500,1700
2015-09-14 10:58:59,794.0000,794.4500,793.8000,793.8500,1400
2015-09-14 10:59:00,794.1000,794.4000,794.0500,794.0500,300
2015-09-14 11:00:02,794.1000,794.3000,794.1000,794.3000,1000
2015-09-14 11:01:00,794.1500,794.2500,794.1000,794.2500,100
2015-09-14 11:02:59,794.9000,794.9000,793.1500,794.2000,6000
2015-09-14 11:03:59,796.3000,796.3500,794.8000,794.8000,5200
2015-09-14 11:04:00,793.7500,796.5500,793.7500,796.3000,8700
2015-09-14 11:05:00,793.5000,794.3500,793.3500,794.1000,3200
2015-09-14 11:06:59,793.5500,793.8000,793.5000,793.8000,300
2015-09-14 11:07:01,792.7500,793.7500,792.7500,793.7500,2800
2015-09-14 11:08:59,792.7000,793.1500,792.7000,793.1000,1800
2015-09-14 11:09:59,793.5500,794.0000,792.7500,793.0000,1600
2015-09-14 11:10:00,793.7000,793.9000,793.5500,793.5500,600
2015-09-14 11:11:00,793.0500,793.7000,793.0000,793.6000,600
2015-09-14 11:12:01,792.9000,793.3000,792.9000,793.3000,1800
2015-09-14 11:13:59,794.4500,794.5000,792.8500,793.0500,1800
2015-09-14 11:14:00,793.2500,794.6000,793.1000,794.6000,1900
2015-09-14 11:15:58,793.2500,793.7000,793.2500,793.7000,200
2015-09-14 11:16:00,793.2500,793.5000,793.2500,793.2500,600
2015-09-14 11:17:57,793.3500,793.9000,793.2500,793.5000,1800
2015-09-14 11:18:59,793.4000,793.9000,793.3500,793.9000,1300
2015-09-14 11:19:00,793.4000,793.8500,793.4000,793.4000,2100
2015-09-14 11:20:59,793.4500,794.0000,793.4500,793.9000,3800
2015-09-14 11:21:59,793.4000,793.6500,793.4000,793.4500,2000
2015-09-14 11:22:59,793.3000,793.9000,793.3000,793.4000,2100
2015-09-14 11:23:59,793.5000,793.7000,793.2500,793.3000,1900
2015-09-14 11:24:59,793.3000,793.8000,793.2500,793.2500,2600
2015-09-14 11:25:00,793.3000,793.7500,793.2500,793.3000,2100
2015-09-14 11:26:59,793.0000,793.4000,793.0000,793.4000,6900
2015-09-14 11:27:57,793.0000,793.1000,793.0000,793.0000,6200
2015-09-14 11:28:59,792.0000,793.0500,792.0000,793.0500,2700
2015-09-14 11:29:00,791.2500,792.4500,791.1000,792.0000,1600
2015-09-14 11:30:02,791.1500,791.3000,791.0000,791.2500,2600
2015-09-14 11:31:59,790.0500,791.2000,790.0000,791.2000,12500
2015-09-14 11:32:59,791.0500,791.8000,790.0500,790.0500,11000
2015-09-14 11:33:59,791.1500,791.9500,790.8500,791.3000,6600
2015-09-14 11:34:59,790.2500,791.4500,790.2500,791.1500,8700
2015-09-14 11:35:59,791.4000,791.5000,790.2500,790.2500,4300
2015-09-14 11:36:00,791.6000,791.9000,790.8000,791.2500,5700
2015-09-14 11:37:02,791.0000,792.0000,790.8000,791.9000,3300
2015-09-14 11:38:00,790.8000,791.6000,790.8000,790.8500,3400
2015-09-14 11:39:00,790.7500,791.4000,790.7000,790.8000,4500
2015-09-14 11:40:01,790.7000,791.3500,790.5000,791.3000,4000
2015-09-14 11:41:59,790.8000,791.0000,790.7000,791.0000,5400
2015-09-14 11:42:59,790.9000,791.3500,790.7500,791.1000,2600
2015-09-14 11:43:00,790.8500,791.5000,790.8500,790.8500,2800
2015-09-14 11:44:02,790.8500,791.7500,790.8500,790.9500,3100
2015-09-14 11:45:59,790.9500,791.2500,790.8500,790.8500,2300
2015-09-14 11:46:59,791.0000,791.2500,790.8500,790.8500,2300
2015-09-14 11:47:59,791.0000,791.1000,790.7500,791.0000,2400
2015-09-14 11:48:59,791.0500,791.1000,790.7500,791.1000,900
2015-09-14 11:49:59,790.5500,791.2500,790.5000,791.0500,800
2015-09-14 11:50:00,789.1500,790.5500,789.1500,790.5000,5700
2015-09-14 11:51:00,788.3500,789.1000,788.1000,789.1000,3000
2015-09-14 11:52:59,788.5000,788.9000,788.3500,788.4000,1800
2015-09-14 11:53:59,789.0500,789.3500,788.5000,788.7000,1500
2015-09-14 11:54:59,789.4000,789.5500,789.0000,789.0500,800
2015-09-14 11:55:01,790.0000,790.0000,789.0000,789.4000,1300
2015-09-14 11:56:00,789.9500,790.1000,789.6000,790.0000,900
2015-09-14 11:57:59,789.6000,790.0000,789.6000,789.6000,1100
2015-09-14 11:58:00,790.3000,790.3500,789.6000,789.6000,2500
2015-09-14 11:59:01,790.0500,790.3500,790.0000,790.3500,200
2015-09-14 12:00:58,790.0000,790.1500,790.0000,790.1500,1900
2015-09-14 12:01:00,790.0000,790.1000,789.9000,789.9000,1900
2015-09-14 12:02:59,790.2000,790.9000,790.0000,790.0500,3300
2015-09-14 12:03:59,790.0500,790.7000,790.0500,790.2000,1400
2015-09-14 12:04:59,790.0500,790.2000,790.0000,790.0500,1100
2015-09-14 12:05:59,790.3500,790.8000,790.0000,790.0500,2400
2015-09-14 12:06:59,790.1000,790.9000,790.0000,790.3500,1800
2015-09-14 12:07:00,790.0000,790.1000,790.0000,790.0500,3200
2015-09-14 12:08:59,790.4000,791.1000,790.0000,790.0000,2200
2015-09-14 12:09:00,791.2000,791.2000,789.8500,790.1000,4600
2015-09-14 12:10:01,790.2500,791.1500,790.1500,791.1500,100
2015-09-14 12:11:00,790.3500,790.6000,790.2500,790.2500,1600
2015-09-14 12:12:59,790.5000,790.5500,790.3500,790.3500,1400
2015-09-14 12:13:00,790.5500,790.5500,790.3500,790.5000,1000
2015-09-14 12:14:00,790.5000,790.5500,790.3500,790.3500,700
2015-09-14 12:15:01,790.5500,790.5500,790.3500,790.5500,800
2015-09-14 12:16:00,790.4000,790.5500,790.4000,790.4000,1600
2015-09-14 12:17:01,790.5000,790.5500,790.4000,790.4000,300
2015-09-14 12:18:00,790.5000,790.5500,790.3000,790.5000,900
2015-09-14 12:19:01,790.5000,790.5500,790.3000,790.5000,1700
2015-09-14 12:20:01,790.5000,790.5500,790.3000,790.5000,2600
2015-09-14 12:21:59,790.5000,790.5500,790.5000,790.5000,800
2015-09-14 12:22:01,790.5000,790.5500,790.5000,790.5500,300
2015-09-14 12:23:01,790.5000,790.5500,790.5000,790.5500,700
2015-09-14 12:24:01,790.5000,790.5500,790.3500,790.5500,800
2015-09-14 12:25:01,790.5000,790.5500,790.5000,790.5000,500
2015-09-14 12:26:59,790.5500,790.5500,790.3000,790.5000,1600
2015-09-14 12:27:01,790.5000,790.5500,790.5000,790.5500,700
2015-09-14 12:28:00,790.3000,790.5500,790.3000,790.5500,1400
2015-09-14 12:29:01,790.5000,790.5500,790.3000,790.5500,1100
2015-09-14 12:30:01,790.5000,790.5500,790.3000,790.5000,2300
2015-09-14 12:31:58,790.5000,790.5500,790.5000,790.5000,1100
2015-09-14 12:32:59,790.5000,790.5500,790.5000,790.5500,3100
2015-09-14 12:33:00,790.5000,790.7000,790.5000,790.5000,1200
2015-09-14 12:34:00,790.5000,790.8000,790.5000,790.6500,2100
2015-09-14 12:35:01,790.6000,790.7000,790.5000,790.5000,2400
2015-09-14 12:36:00,790.6000,790.7000,790.6000,790.6000,700
2015-09-14 12:37:01,790.5000,790.7000,790.5000,790.7000,1700
2015-09-14 12:38:01,790.5000,790.6000,790.5000,790.5500,300
2015-09-14 12:39:59,790.6000,790.6000,790.5000,790.5000,400
2015-09-14 12:40:00,790.5000,790.7000,790.5000,790.6000,2600
2015-09-14 12:41:01,790.6000,790.7000,790.5000,790.5000,700
2015-09-14 12:42:01,791.2000,791.9500,790.6000,790.6000,4100
2015-09-14 12:43:59,791.0000,792.0000,791.0000,791.2000,500
2015-09-14 12:44:00,791.3500,791.4500,791.0000,791.4500,2100
2015-09-14 12:45:08,791.3000,791.3000,791.0000,791.0000,200
2015-09-14 12:46:05,791.1000,791.2500,791.1000,791.2500,600
2015-09-14 12:47:59,791.5500,792.0000,791.1000,791.1500,3600
2015-09-14 12:48:59,791.6500,792.0000,791.5500,791.5500,600
2015-09-14 12:49:01,791.6000,792.0000,791.3000,791.6500,2300
2015-09-14 12:50:59,792.0000,792.1000,791.8000,792.1000,600
2015-09-14 12:51:00,791.7000,792.1000,791.6000,792.0000,600
2015-09-14 12:52:00,791.6500,792.0000,791.6500,792.0000,600
2015-09-14 12:53:59,791.5500,791.9500,791.5000,791.9500,2700
2015-09-14 12:54:00,791.7500,792.0000,791.5500,791.7500,3200
2015-09-14 12:55:59,791.7500,792.0000,791.7500,791.7500,700
2015-09-14 12:56:00,791.9500,792.5000,791.7500,791.8000,1400
2015-09-14 12:57:01,792.0000,792.9000,791.9500,792.9000,1700
2015-09-14 12:58:01,792.0000,792.3500,791.8000,792.1500,1900
2015-09-14 12:59:01,793.0000,793.4000,791.8000,791.9000,11400
2015-09-14 13:00:01,792.2000,793.9000,791.7500,793.0000,1500
2015-09-14 13:01:01,792.3000,792.7500,792.1500,792.2500,500
2015-09-14 13:02:01,792.1000,792.8000,792.0000,792.5500,2000
2015-09-14 13:03:01,792.2000,792.6000,792.1000,792.6000,300
2015-09-14 13:04:01,792.6000,793.9000,792.2000,792.6000,4100
2015-09-14 13:05:00,792.7500,793.3500,792.6000,792.6000,200
2015-09-14 13:06:01,792.5000,792.9000,792.5000,792.9000,1300
2015-09-14 13:07:59,792.5000,792.9000,792.5000,792.5000,2100
2015-09-14 13:08:00,792.5000,792.5500,792.5000,792.5000,200
2015-09-14 13:09:59,792.5000,792.5500,792.3500,792.5500,2600
2015-09-14 13:10:59,793.6500,794.0000,792.5000,792.5000,4500
2015-09-14 13:11:00,793.0500,793.9500,792.9500,793.6000,1100
2015-09-14 13:12:01,793.1000,793.3500,793.0000,793.0000,100
2015-09-14 13:13:01,793.8500,793.9500,793.0000,793.1000,2800
2015-09-14 13:14:01,793.4500,793.9000,793.2500,793.7000,1900
2015-09-14 13:15:59,791.9000,793.6500,791.9000,793.6500,5100
2015-09-14 13:16:01,792.3000,793.1500,791.6000,792.2500,17600
2015-09-14 13:17:59,795.0000,795.0000,792.3500,792.3500,5400
2015-09-14 13:18:00,794.2000,795.0000,793.8500,794.4500,4600
2015-09-14 13:19:59,795.0500,795.8000,794.2500,794.2500,3900
2015-09-14 13:20:01,793.6000,795.6000,793.6000,795.5000,2100
2015-09-14 13:21:59,794.6000,794.7500,793.6000,793.6500,2800
2015-09-14 13:22:01,794.7000,795.5000,793.6500,795.0000,3000
2015-09-14 13:23:00,794.6000,794.9500,794.5500,794.9500,300
2015-09-14 13:24:02,794.6000,794.6500,794.6000,794.6000,1200
2015-09-14 13:25:59,794.0000,794.6500,793.0000,794.6000,2100
2015-09-14 13:26:59,793.3000,794.4500,793.3000,794.4500,500
2015-09-14 13:27:00,793.3000,793.4000,793.0000,793.0000,2400
2015-09-14 13:28:58,793.0000,793.4000,793.0000,793.4000,800
2015-09-14 13:29:01,793.1000,793.3000,793.0000,793.3000,800
2015-09-14 13:30:58,793.1000,793.3000,793.1000,793.1000,500
2015-09-14 13:31:00,793.8000,794.8000,793.1000,793.1000,7100
2015-09-14 13:32:01,794.1000,794.5500,793.9000,794.5500,100
2015-09-14 13:33:58,793.1000,794.3500,793.1000,794.1000,1400
2015-09-14 13:34:01,793.0000,793.2000,793.0000,793.2000,1300
2015-09-14 13:35:59,794.9500,794.9500,792.5500,793.0000,6600
2015-09-14 13:36:00,792.8500,795.0000,792.0000,794.8000,17800
2015-09-14 13:37:01,793.0000,793.5000,792.4000,793.0000,2500
2015-09-14 13:38:59,792.2500,793.5000,792.2500,793.0000,3200
2015-09-14 13:39:58,792.6000,792.9000,792.0500,792.5500,3100
2015-09-14 13:40:00,792.2000,792.5000,792.0000,792.2000,2600
2015-09-14 13:41:01,792.2500,792.5000,792.0500,792.2000,1500
2015-09-14 13:42:01,792.0500,792.4500,792.0500,792.3500,500
2015-09-14 13:43:01,792.2000,792.5000,792.1000,792.1000,400
2015-09-14 13:44:01,792.3000,792.4500,792.2500,792.4500,200
2015-09-14 13:45:01,792.2500,792.5000,792.2500,792.4000,700
2015-09-14 13:46:58,792.3500,792.4500,792.2000,792.4500,300
2015-09-14 13:47:01,792.1500,792.5000,792.1500,792.4000,600
2015-09-14 13:48:01,792.2000,792.5500,792.0000,792.1500,4900
2015-09-14 13:49:00,792.2000,792.6000,792.2000,792.2000,1400
2015-09-14 13:50:59,792.2000,792.6000,792.2000,792.5000,1700
2015-09-14 13:51:00,792.1000,792.6000,792.1000,792.2000,3100
2015-09-14 13:52:01,792.2500,792.6000,792.1000,792.1000,1500
2015-09-14 13:53:01,792.2500,792.6000,792.2500,792.6000,2900
2015-09-14 13:54:59,792.2000,792.6000,792.1000,792.2500,1800
2015-09-14 13:55:00,792.1500,792.7000,792.1000,792.2000,2400
2015-09-14 13:56:01,792.2500,792.7000,792.1000,792.7000,1600
2015-09-14 13:57:59,792.2500,792.8000,792.1000,792.2500,4800
2015-09-14 13:58:00,792.2500,792.8000,792.2500,792.3000,600
2015-09-14 13:59:01,792.4500,792.8500,792.2000,792.2000,1500
2015-09-14 14:00:01,792.0000,792.8500,792.0000,792.3500,2500
2015-09-14 14:01:59,792.5000,792.9500,792.0000,792.0000,1400
2015-09-14 14:02:59,793.0000,793.5500,792.5000,792.5000,1200
2015-09-14 14:03:59,793.0000,793.4000,793.0000,793.4000,500
2015-09-14 14:04:59,793.0000,793.4000,792.7000,793.0000,100
2015-09-14 14:05:01,793.0000,793.2000,793.0000,793.2000,1400
2015-09-14 14:06:01,793.0000,793.0500,792.6500,793.0500,2700
2015-09-14 14:07:01,792.4000,793.0500,792.4000,793.0500,1000
2015-09-14 14:08:01,792.6000,792.9500,792.4000,792.4000,700
2015-09-14 14:09:00,792.2000,792.8000,792.1000,792.8000,1000
2015-09-14 14:10:58,792.5500,792.5500,792.1000,792.5500,3000
2015-09-14 14:11:00,792.3000,792.5500,792.3000,792.5000,1500
2015-09-14 14:12:01,791.7500,792.5000,791.7500,792.3000,12200
2015-09-14 14:13:01,791.5000,792.0000,791.5000,791.9500,10700
2015-09-14 14:14:00,792.0000,792.3000,791.5000,791.5000,400
2015-09-14 14:15:59,792.0500,792.5000,792.0000,792.0000,2200
2015-09-14 14:16:00,792.0500,792.5000,791.9500,792.0500,1900
2015-09-14 14:17:00,792.2500,792.3500,792.0000,792.0000,800
2015-09-14 14:18:01,792.1500,792.5000,792.1500,792.4000,2500
2015-09-14 14:19:59,793.0000,793.2000,792.1500,792.4000,5500
2015-09-14 14:20:00,793.3000,793.5000,793.0000,793.0000,1200
2015-09-14 14:21:00,793.2000,793.5000,793.0000,793.3000,700
2015-09-14 14:22:01,793.2000,793.2500,793.0000,793.2500,2000
2015-09-14 14:23:01,793.0000,793.2500,793.0000,793.2500,1100
2015-09-14 14:24:01,793.1000,793.2000,793.0000,793.0000,1100
2015-09-14 14:25:02,793.0000,793.2000,793.0000,793.1500,1000
2015-09-14 14:26:59,792.3500,793.1000,792.3500,793.1000,4000
2015-09-14 14:27:00,793.0000,793.4000,792.1500,792.2500,3500
2015-09-14 14:28:01,793.0500,793.4000,792.5000,793.0000,3000
2015-09-14 14:29:01,793.0000,793.4000,793.0000,793.0500,2300
2015-09-14 14:30:01,793.0500,793.2500,793.0000,793.0000,1400
2015-09-14 14:31:59,793.0000,793.1000,793.0000,793.0500,800
2015-09-14 14:32:01,793.0000,793.0500,793.0000,793.0500,2000
2015-09-14 14:33:01,793.0000,793.0500,793.0000,793.0000,2400
2015-09-14 14:34:01,793.0000,793.0500,793.0000,793.0500,3100
2015-09-14 14:35:59,793.0000,793.3000,792.7500,793.2000,4500
2015-09-14 14:36:00,793.0000,793.1000,793.0000,793.0000,1200
2015-09-14 14:37:01,793.0000,793.1000,793.0000,793.1000,1100
2015-09-14 14:38:01,793.0000,793.0500,793.0000,793.0500,2000
2015-09-14 14:39:01,792.7500,793.0500,792.7500,793.0000,3500
2015-09-14 14:40:59,793.0000,793.0500,792.7500,792.7500,6600
2015-09-14 14:41:59,792.5500,793.0500,792.3500,793.0500,3500
2015-09-14 14:42:01,792.5000,792.8000,792.2000,792.8000,1000
2015-09-14 14:43:01,792.4000,792.7500,792.1000,792.5000,2600
2015-09-14 14:44:01,793.0000,793.2000,792.1000,792.5000,3300
2015-09-14 14:45:59,793.0000,793.2500,793.0000,793.1500,2000
2015-09-14 14:46:00,793.7500,794.0000,792.7000,793.0000,3400
2015-09-14 14:47:01,793.4500,793.7500,793.2000,793.7500,1000
2015-09-14 14:48:01,793.8000,793.9000,792.8000,793.4500,2700
2015-09-14 14:49:59,792.9500,793.9000,792.9000,793.9000,1900
2015-09-14 14:50:00,793.2500,793.8000,792.9500,792.9500,2900
2015-09-14 14:51:02,793.2500,793.7000,793.0000,793.2500,1200
2015-09-14 14:52:01,793.3000,793.4000,793.2500,793.2500,1600
2015-09-14 14:53:02,793.0000,793.3500,793.0000,793.3000,2900
2015-09-14 14:54:00,793.0500,793.1000,792.9000,793.0000,1400
2015-09-14 14:55:59,793.0500,793.1000,792.9000,793.0500,2900
2015-09-14 14:56:59,793.0000,793.0500,793.0000,793.0500,1700
2015-09-14 14:57:59,793.3000,793.8000,793.0000,793.0500,4200
2015-09-14 14:58:00,793.5000,793.6500,793.0000,793.3000,2700
2015-09-14 14:59:59,793.5000,793.6500,793.5000,793.6500,2400
2015-09-14 15:00:00,793.5000,793.6500,793.5000,793.5000,7300
2015-09-14 15:01:00,793.7500,793.8000,793.5000,793.5000,6400
2015-09-14 15:02:59,794.7500,794.8500,793.7500,793.7500,10300
2015-09-14 15:03:59,794.8000,795.0000,794.5000,794.7500,11400
2015-09-14 15:04:59,795.1000,795.4500,794.8000,794.8000,8800
2015-09-14 15:05:59,795.4000,795.6000,795.0500,795.0500,9400
2015-09-14 15:06:59,795.1000,795.5500,795.0000,795.5500,7400
2015-09-14 15:07:59,795.3000,795.4000,794.9000,795.1000,9200
2015-09-14 15:08:59,794.9000,795.3500,794.3500,795.3500,6600
2015-09-14 15:09:59,795.4000,795.4000,794.9000,794.9500,12000
2015-09-14 15:10:59,795.5000,795.5000,795.4000,795.4000,6600
2015-09-14 15:11:59,794.6500,795.7500,794.6000,795.5000,11300
2015-09-14 15:12:59,794.8500,795.0500,794.7000,795.0500,5000
2015-09-14 15:13:59,795.6500,795.6500,794.8500,794.8500,12100
2015-09-14 15:14:59,795.4500,795.8000,795.0500,795.6500,9100
2015-09-14 15:15:59,795.9000,795.9000,795.4500,795.4500,9800
2015-09-14 15:16:00,795.4500,795.9000,795.0000,795.9000,10200
2015-09-14 15:17:59,795.0000,795.5000,795.0000,795.4000,8500
2015-09-14 15:18:59,795.0500,795.0500,795.0000,795.0000,8200
2015-09-14 15:19:00,794.0000,795.1000,793.9500,795.1000,10300
2015-09-14 15:20:59,794.9500,795.0000,793.8000,793.8000,14300
2015-09-14 15:21:59,795.1000,795.1500,794.9500,794.9500,20000
2015-09-14 15:22:59,795.2000,795.3000,794.6500,795.1500,13200
2015-09-14 15:23:59,794.8000,795.2000,794.6000,794.6000,7500
2015-09-14 15:24:59,794.6500,794.8500,794.4000,794.8500,9500
2015-09-14 15:25:59,794.1000,794.6500,794.1000,794.5000,9500
2015-09-14 15:26:59,793.6500,794.5500,793.5500,794.0000,8400
2015-09-14 15:27:59,792.0000,793.6500,792.0000,793.6500,16100
2015-09-14 15:28:59,793.6500,793.9000,792.0000,793.2000,8300
2015-09-14 15:29:00,794.7500,794.7500,793.9000,793.9000,4300
2015-09-14 15:30:00,794.9000,794.9000,794.9000,794.9000,0
2015-09-15 09:15:00,794.7000,794.7500,793.7000,794.0000,3300
2015-09-15 09:16:59,794.3500,794.3500,791.1500,791.1500,5300
2015-09-15 09:17:00,794.1500,794.1500,794.1500,794.1500,7200
2015-09-15 09:18:41,795.8500,796.0000,795.3000,795.4000,1800
2015-09-15 09:19:02,796.1000,796.1500,795.1500,795.8500,4700
2015-09-15 09:20:02,800.0000,800.4000,795.5500,796.4000,8400
2015-09-15 09:21:01,801.7500,802.0000,800.0000,800.0000,11700
2015-09-15 09:22:01,801.5000,801.8000,800.0000,801.7500,10900
2015-09-15 09:23:02,802.0000,802.5000,801.5000,801.5000,7400
2015-09-15 09:24:59,802.7000,802.7000,801.0000,801.8500,7700
2015-09-15 09:25:00,803.0000,803.2500,802.3000,802.7000,8300
2015-09-15 09:26:59,804.6500,804.6500,803.4000,803.8500,8900
2015-09-15 09:27:00,804.2000,804.8000,803.5000,804.1500,8400
2015-09-15 09:28:03,804.0000,804.7500,803.5500,804.4500,5700
2015-09-15 09:29:01,804.1000,804.6500,803.6500,804.0000,8300
2015-09-15 09:30:09,804.1500,804.6500,804.1000,804.4000,4700
2015-09-15 09:31:59,804.3500,805.0000,804.2000,804.7500,7200
2015-09-15 09:32:00,804.0000,804.9000,804.0000,804.3500,8800
2015-09-15 09:33:59,805.9000,806.0000,804.1000,804.4000,9700
2015-09-15 09:34:00,804.2500,805.9500,804.1000,805.9000,5100
2015-09-15 09:35:02,804.9500,805.7000,804.0000,804.0000,3800
2015-09-15 09:36:04,802.2500,804.7000,802.2500,804.3000,5500
2015-09-15 09:37:02,802.5000,802.9000,802.1500,802.9000,2400
2015-09-15 09:38:00,802.3500,802.8000,802.0000,802.4000,3200
2015-09-15 09:39:59,802.3500,802.9500,802.1000,802.8000,1600
2015-09-15 09:40:00,802.0000,802.3500,801.7000,802.3500,4500
2015-09-15 09:41:00,802.0000,802.0000,801.8000,802.0000,3000
2015-09-15 09:42:06,802.5000,802.7000,801.8500,801.8500,800
2015-09-15 09:43:00,803.0000,803.0000,802.0000,802.1500,3100
2015-09-15 09:44:02,803.4000,803.9000,803.0500,803.0500,1200
2015-09-15 09:45:02,803.5000,803.9000,803.0000,803.0500,2900
2015-09-15 09:46:02,802.1500,804.4500,802.1500,803.4000,8600
2015-09-15 09:47:01,803.2000,803.3500,801.7000,801.8500,3100
2015-09-15 09:48:06,803.9500,804.0000,803.4500,803.4500,1700
2015-09-15 09:49:03,802.9500,804.2500,802.9500,804.2000,2600
2015-09-15 09:50:00,803.5000,803.9500,802.9500,802.9500,2400
2015-09-15 09:51:05,804.4000,804.4500,803.6000,803.9500,800
2015-09-15 09:52:01,804.2500,804.4000,804.0000,804.2000,1000
2015-09-15 09:53:01,804.1000,804.2500,803.7500,804.2000,1100
2015-09-15 09:54:02,803.9500,804.1000,803.5000,804.1000,1800
2015-09-15 09:55:04,803.4000,804.0000,803.0000,803.6500,1600
2015-09-15 09:56:00,802.9500,803.5000,802.9000,803.0000,1200
2015-09-15 09:57:05,802.7000,802.7000,802.5000,802.7000,1600
2015-09-15 09:58:03,802.6500,802.7000,802.5000,802.7000,1400
2015-09-15 09:59:03,799.2500,802.6500,799.2500,802.5000,17600
2015-09-15 10:00:00,800.1000,800.4000,799.5500,799.8500,4500
2015-09-15 10:01:59,800.0000,800.3000,799.8000,799.9500,2000
2015-09-15 10:02:00,799.7000,800.2000,798.9000,800.0000,2700
2015-09-15 10:03:01,799.7000,799.7000,799.2000,799.3000,1700
2015-09-15 10:04:01,799.6000,799.9000,799.3500,799.5000,1700
2015-09-15 10:05:00,801.0000,801.0000,799.9000,799.9000,2300
2015-09-15 10:06:00,801.0000,801.0000,800.5000,801.0000,1500
2015-09-15 10:07:02,801.0000,801.6000,800.7500,801.0000,1700
2015-09-15 10:08:05,802.9500,803.0000,801.0000,801.0000,5500
2015-09-15 10:09:05,800.0500,802.9000,800.0000,802.9000,8500
2015-09-15 10:10:04,800.9000,800.9000,799.9000,799.9000,2400
2015-09-15 10:11:59,800.0000,801.5000,799.9500,800.8000,3300
2015-09-15 10:12:00,800.0000,800.4500,799.9000,799.9500,1800
2015-09-15 10:13:59,800.0000,800.0000,799.9500,800.0000,18300
2015-09-15 10:14:00,800.0000,800.0000,799.9000,800.0000,1100
2015-09-15 10:15:59,800.0000,800.0500,799.9000,799.9000,1800
2015-09-15 10:16:00,800.0000,800.0000,799.9000,800.0000,900
2015-09-15 10:17:02,799.0000,800.0000,799.0000,799.9000,2200
2015-09-15 10:18:59,799.0000,799.2500,798.6000,799.2500,1400
2015-09-15 10:19:59,798.1500,799.0000,798.1500,798.7500,2700
2015-09-15 10:20:00,798.5000,798.5000,798.1500,798.1500,1800
2015-09-15 10:21:01,798.4500,798.5000,798.3500,798.5000,1000
2015-09-15 10:22:01,799.0000,799.0000,798.3500,798.4500,1300
2015-09-15 10:23:03,798.5000,799.0000,798.0000,798.9500,1300
2015-09-15 10:24:03,799.0000,799.5000,798.0500,798.6000,2700
2015-09-15 10:25:59,798.6000,798.6500,798.2500,798.4000,500
2015-09-15 10:26:00,798.4500,798.6000,798.4000,798.6000,800
2015-09-15 10:27:01,799.0000,799.1000,798.4500,798.6000,1600
2015-09-15 10:28:08,799.5000,799.5000,799.1500,799.1500,800
2015-09-15 10:29:08,799.5000,799.7000,799.3500,799.6500,800
2015-09-15 10:30:01,799.8000,799.8000,799.5000,799.5000,800
2015-09-15 10:31:02,800.0000,800.2000,799.8000,799.8000,1100
2015-09-15 10:32:03,800.2500,800.3000,799.5000,800.0000,1300
2015-09-15 10:33:00,800.5000,800.5000,800.2500,800.2500,1300
2015-09-15 10:34:02,800.5000,801.5000,800.0000,801.5000,1500
2015-09-15 10:35:04,800.0000,800.5000,800.0000,800.5000,700
2015-09-15 10:36:03,800.3000,800.3000,800.0500,800.3000,800
2015-09-15 10:37:04,800.2500,800.3000,800.0000,800.3000,600
2015-09-15 10:38:04,799.6500,800.2500,799.6500,800.2000,700
2015-09-15 10:39:04,799.6000,799.7000,799.2500,799.6500,700
2015-09-15 10:40:04,799.5500,799.6000,799.5000,799.5000,900
2015-09-15 10:41:03,799.5500,799.6000,799.5000,799.6000,1000
2015-09-15 10:42:00,800.0000,800.0000,799.5500,799.5500,2600
2015-09-15 10:43:10,800.1000,800.2000,800.1000,800.2000,900
2015-09-15 10:44:05,800.0000,800.1000,799.8000,800.1000,700
2015-09-15 10:45:04,799.9500,800.0000,799.7500,800.0000,700
2015-09-15 10:46:06,799.9000,799.9000,799.5000,799.9000,300
2015-09-15 10:47:02,799.9000,799.9000,799.8000,799.9000,700
2015-09-15 10:48:05,799.8500,799.9000,799.7500,799.9000,800
2015-09-15 10:49:04,799.8000,799.8500,799.5000,799.8500,500
2015-09-15 10:50:55,799.8500,799.8500,799.5000,799.8000,900
2015-09-15 10:51:01,799.7500,799.8500,799.1000,799.5000,1300
2015-09-15 10:52:05,799.3500,799.7000,798.8000,799.7000,900
2015-09-15 10:53:04,799.2500,799.3500,799.0000,799.3500,2100
2015-09-15 10:54:00,800.2500,800.3000,798.8500,798.9500,2900
2015-09-15 10:55:04,800.8500,801.0000,800.2500,800.2500,800
2015-09-15 10:56:00,802.0000,802.0000,800.8500,800.8500,2200
2015-09-15 10:57:01,802.0000,802.0000,801.1500,801.1500,1700
2015-09-15 10:58:05,802.5000,802.5000,801.6000,802.0000,1400
2015-09-15 10:59:02,802.7000,802.8000,802.2000,802.6000,800
2015-09-15 11:00:03,803.7000,803.8000,802.7500,802.8000,3000
2015-09-15 11:01:03,803.8500,804.2000,802.7000,803.8000,11100
2015-09-15 11:02:59,803.4000,803.7500,803.0000,803.6000,1000
2015-09-15 11:03:00,803.0000,803.5000,802.6000,803.4000,1700
2015-09-15 11:04:04,802.1500,803.0000,801.6000,803.0000,1600
2015-09-15 11:05:02,802.8000,802.8000,801.7000,802.5500,2600
2015-09-15 11:06:02,802.8500,802.9000,802.5500,802.8500,1000
2015-09-15 11:07:00,802.9000,803.1500,801.0500,802.8000,4600
2015-09-15 11:08:01,802.5000,803.2000,802.4000,802.5500,2300
2015-09-15 11:09:01,802.5000,802.7500,802.2500,802.5000,1600
2015-09-15 11:10:03,802.5000,802.5000,802.1000,802.5000,2200
2015-09-15 11:11:04,802.2000,802.5000,802.0500,802.1000,1300
2015-09-15 11:12:05,802.0000,802.2000,801.8000,802.2000,2400
2015-09-15 11:13:04,801.9500,802.0000,801.7000,802.0000,1200
2015-09-15 11:14:05,801.9500,801.9500,801.7000,801.9500,800
2015-09-15 11:15:02,801.1500,801.9500,800.8500,801.5000,5300
2015-09-15 11:16:01,800.9000,801.1500,800.7000,800.8500,1700
2015-09-15 11:17:01,800.7000,800.9000,800.5000,800.6000,800
2015-09-15 11:18:02,800.6500,800.7000,800.6000,800.6000,1300
2015-09-15 11:19:01,800.7500,800.9000,800.6000,800.6000,900
2015-09-15 11:20:00,800.4000,800.7000,800.3000,800.6000,700
2015-09-15 11:21:01,800.4000,800.6000,800.0500,800.0500,2500
2015-09-15 11:22:01,799.9500,800.5500,799.5000,800.2000,2400
2015-09-15 11:23:00,800.4000,800.5500,799.5500,799.5500,1700
2015-09-15 11:24:02,801.5000,801.5000,800.0000,800.0000,1300
2015-09-15 11:25:01,802.2000,802.3500,801.5000,801.5000,1200
2015-09-15 11:26:00,802.5500,802.7500,802.2500,802.2500,1600
2015-09-15 11:27:01,802.5000,802.5500,802.2500,802.2500,1300
2015-09-15 11:28:00,802.0000,802.5000,802.0000,802.5000,1000
2015-09-15 11:29:01,802.6500,802.6500,801.3500,801.6500,3900
2015-09-15 11:30:01,802.0000,802.6000,802.0000,802.5000,1000
2015-09-15 11:31:58,802.1000,802.1000,801.6500,802.0000,500
2015-09-15 11:32:00,802.0000,802.4000,802.0000,802.1000,1500
2015-09-15 11:33:02,801.8500,802.0000,801.3500,801.6000,500
2015-09-15 11:34:02,801.5500,801.8500,801.3000,801.5500,600
2015-09-15 11:35:02,801.4000,801.5500,801.1000,801.3000,500
2015-09-15 11:36:01,801.4000,801.4000,801.0500,801.0500,600
2015-09-15 11:37:58,801.4000,801.4000,801.2000,801.2000,500
2015-09-15 11:38:01,801.0000,801.4000,801.0000,801.2500,800
2015-09-15 11:39:59,801.0000,801.0000,800.5500,800.5500,2400
2015-09-15 11:40:00,801.2500,801.2500,800.9000,801.0000,2500
2015-09-15 11:41:02,801.4000,801.4000,801.0000,801.0000,1700
2015-09-15 11:42:01,801.5000,801.5000,801.3500,801.3500,1500
2015-09-15 11:43:01,801.2500,801.7000,801.2500,801.3500,1200
2015-09-15 11:44:00,801.0500,801.2000,800.8000,801.0000,2300
2015-09-15 11:45:01,801.0000,801.0500,800.7500,800.8500,1000
2015-09-15 11:46:01,801.0500,801.0500,800.7500,801.0000,1400
2015-09-15 11:47:02,801.0000,801.0500,800.7500,800.7500,400
2015-09-15 11:48:00,801.0500,801.0500,800.8500,801.0000,1700
2015-09-15 11:49:58,801.4000,801.4000,801.0000,801.0000,2400
2015-09-15 11:50:00,801.4000,801.4000,801.1500,801.1500,1900
2015-09-15 11:51:02,801.8000,801.8000,801.1500,801.1500,600
2015-09-15 11:52:01,801.8000,801.8000,801.7500,801.7500,600
2015-09-15 11:53:01,801.7500,801.8000,801.6000,801.7500,500
2015-09-15 11:54:01,801.9000,801.9000,801.6000,801.6000,1500
2015-09-15 11:55:01,802.2500,802.4500,801.7500,801.7500,1400
2015-09-15 11:56:01,802.4000,802.4000,801.9500,801.9500,2200
2015-09-15 11:57:01,802.0000,802.4000,801.7000,802.4000,1500
2015-09-15 11:58:01,802.0000,802.0000,801.6000,801.6000,1300
2015-09-15 11:59:00,801.6500,802.0000,801.5000,802.0000,1600
2015-09-15 12:00:02,801.6500,801.6500,801.2000,801.2000,7300
2015-09-15 12:01:59,801.9000,802.0000,801.5500,801.5500,1000
2015-09-15 12:02:59,802.1500,802.2000,801.9000,801.9000,1000
2015-09-15 12:03:00,802.7500,802.7500,802.0500,802.1500,2900
2015-09-15 12:04:01,802.7500,802.9000,802.5000,802.5000,2100
2015-09-15 12:05:59,802.4000,802.7500,802.0000,802.7500,800
2015-09-15 12:06:00,802.0000,802.4000,801.8000,802.0000,1600
2015-09-15 12:07:58,801.8000,801.8000,801.6000,801.8000,1700
2015-09-15 12:08:02,802.0000,802.0000,801.8000,801.8000,2900
2015-09-15 12:09:01,802.2000,802.2000,801.8500,801.8500,700
2015-09-15 12:10:02,802.0000,802.2000,801.5500,801.8500,7200
2015-09-15 12:11:01,801.7000,802.1000,801.7000,802.0000,3400
2015-09-15 12:12:01,802.2500,802.2500,802.0000,802.0000,2200
2015-09-15 12:13:00,802.2500,802.3000,802.1000,802.2500,1200
2015-09-15 12:14:01,801.8000,802.3000,801.8000,802.1000,800
2015-09-15 12:15:02,802.2000,802.2000,801.7000,801.7000,600
2015-09-15 12:16:02,802.3000,802.3000,801.7500,801.7500,1400
2015-09-15 12:17:01,802.3000,802.3000,802.2000,802.2000,700
2015-09-15 12:18:01,802.2500,802.3000,801.9000,801.9000,1900
2015-09-15 12:19:59,802.1000,802.2500,802.0000,802.0000,900
2015-09-15 12:20:00,801.8000,802.1000,801.8000,802.0000,1200
2015-09-15 12:21:58,802.1000,802.1000,801.8000,801.8000,900
2015-09-15 12:22:58,802.1000,802.1000,801.9000,801.9000,800
2015-09-15 12:23:01,802.2500,802.3000,802.0000,802.0500,1000
2015-09-15 12:24:01,801.7500,802.3000,801.7500,802.1000,9100
2015-09-15 12:25:01,802.3000,802.3000,801.7500,801.7500,2100
2015-09-15 12:26:02,802.3000,802.3000,802.0500,802.0500,1800
2015-09-15 12:27:02,802.1000,802.3000,802.0500,802.1000,600
2015-09-15 12:28:01,802.2000,802.2000,802.0000,802.0500,1300
2015-09-15 12:29:01,802.2500,802.2500,802.0000,802.0500,1600
2015-09-15 12:30:01,802.1000,802.2500,802.0500,802.0500,700
2015-09-15 12:31:01,802.2000,802.2000,802.0500,802.0500,900
2015-09-15 12:32:00,802.2500,802.2500,801.9000,802.0000,1800
2015-09-15 12:33:01,802.2500,802.2500,801.9000,802.1500,9900
2015-09-15 12:34:00,802.2000,802.2500,801.9500,801.9500,1300
2015-09-15 12:35:01,802.0500,802.2500,802.0000,802.0000,900
2015-09-15 12:36:00,802.1000,802.2500,802.0000,802.0500,900
2015-09-15 12:37:01,802.0500,802.2500,802.0000,802.0000,1500
2015-09-15 12:38:02,802.0000,802.1500,801.6500,802.0500,3800
2015-09-15 12:39:01,802.0000,802.0000,801.7000,801.7000,5500
2015-09-15 12:40:01,802.1500,802.1500,801.8500,801.8500,3100
2015-09-15 12:41:58,802.1500,802.1500,802.0000,802.0500,800
2015-09-15 12:42:01,802.0000,802.5000,802.0000,802.0500,1700
2015-09-15 12:43:01,802.4500,802.5000,802.1000,802.1000,400
2015-09-15 12:44:01,802.1000,802.4000,802.0000,802.1500,1000
2015-09-15 12:45:01,801.8500,801.9500,801.6000,801.7500,400
2015-09-15 12:46:58,802.1500,802.1500,801.8000,801.8000,4600
2015-09-15 12:47:01,802.0000,802.0500,801.7500,802.0500,1500
2015-09-15 12:48:58,802.0000,802.2000,801.7500,801.7500,1300
2015-09-15 12:49:00,802.2000,802.2000,801.7500,801.7500,2100
2015-09-15 12:50:08,802.2000,802.2000,802.1000,802.2000,1400
2015-09-15 12:51:01,802.0000,802.2000,802.0000,802.1000,900
2015-09-15 12:52:01,802.0000,802.0000,801.7500,801.8000,2800
2015-09-15 12:53:01,802.0000,802.1000,801.9000,801.9000,3200
2015-09-15 12:54:59,802.0000,802.1500,801.7000,801.9000,2000
2015-09-15 12:55:00,801.9500,802.0000,801.7000,802.0000,800
2015-09-15 12:56:02,801.9000,801.9000,801.7000,801.7000,2300
2015-09-15 12:57:01,801.9000,802.0000,801.7500,801.7500,900
2015-09-15 12:58:02,802.1000,802.1000,801.8500,801.9000,1800
2015-09-15 12:59:58,802.1000,802.1000,802.0000,802.0000,500
2015-09-15 13:00:00,802.0000,802.1000,801.6000,801.7000,1700
2015-09-15 13:01:00,802.1500,802.1500,801.7000,801.7000,2100
2015-09-15 13:02:02,802.4000,802.4000,802.0500,802.1500,1300
2015-09-15 13:03:02,802.3000,802.4000,802.0000,802.2000,800
2015-09-15 13:04:01,802.4000,802.4000,802.0500,802.0500,1900
2015-09-15 13:05:01,802.3500,802.4000,802.1000,802.1000,400
2015-09-15 13:06:01,802.3500,802.3500,802.0000,802.0500,900
2015-09-15 13:07:01,802.3000,802.3500,802.1000,802.1000,600
2015-09-15 13:08:01,802.0000,802.1500,801.6000,802.1500,1900
2015-09-15 13:09:02,802.0000,802.0000,801.9000,801.9000,1100
2015-09-15 13:10:01,801.9500,802.0000,801.9000,801.9000,900
2015-09-15 13:11:01,801.9500,801.9500,801.7500,801.7500,500
2015-09-15 13:12:01,801.9500,801.9500,801.9000,801.9000,600
2015-09-15 13:13:02,801.9500,801.9500,801.9000,801.9000,600
2015-09-15 13:14:01,801.9500,802.0000,801.9000,801.9000,2000
2015-09-15 13:15:01,802.3000,802.3000,801.8500,801.8500,700
2015-09-15 13:16:01,802.3000,802.3000,802.0000,802.0000,400
2015-09-15 13:17:05,802.2500,802.3000,802.1000,802.3000,600
2015-09-15 13:18:01,802.2500,802.2500,802.2000,802.2000,600
2015-09-15 13:19:02,802.2500,802.2500,802.0000,802.2000,500
2015-09-15 13:20:01,802.2500,802.2500,802.0000,802.0000,500
2015-09-15 13:21:01,802.1500,802.2500,801.6000,802.0500,2400
2015-09-15 13:22:01,802.0500,802.1500,801.6000,801.6500,1000
2015-09-15 13:23:01,802.0000,802.0500,801.6000,801.6000,800
2015-09-15 13:24:00,802.0500,802.0500,801.6000,801.6000,1400
2015-09-15 13:25:58,801.9500,802.0500,801.8000,802.0000,700
2015-09-15 13:26:01,801.9000,801.9500,801.8000,801.8000,1200
2015-09-15 13:27:01,801.9000,801.9000,801.8000,801.8000,600
2015-09-15 13:28:59,801.9000,801.9000,801.8000,801.8000,1000
2015-09-15 13:29:00,801.7500,801.9000,801.5000,801.8000,2600
2015-09-15 13:30:01,801.5000,801.7000,801.2500,801.5000,2000
2015-09-15 13:31:01,801.3500,801.3500,801.0000,801.3000,2000
2015-09-15 13:32:02,801.9000,801.9500,801.0000,801.0000,1500
2015-09-15 13:33:01,801.9000,801.9500,801.4000,801.4000,600
2015-09-15 13:34:01,801.8500,801.9000,801.4000,801.6000,1400
2015-09-15 13:35:01,801.6000,801.8500,801.4000,801.5000,1000
2015-09-15 13:36:01,801.8000,801.8000,801.4000,801.4000,1500
2015-09-15 13:37:00,801.9500,801.9500,801.2500,801.8000,3100
2015-09-15 13:38:58,801.8500,801.9500,801.5000,801.5000,900
2015-09-15 13:39:01,801.8500,801.8500,801.5000,801.5000,700
2015-09-15 13:40:01,801.8500,801.8500,801.5000,801.5000,500
2015-09-15 13:41:00,801.8500,801.8500,801.5000,801.7000,1600
2015-09-15 13:42:00,801.8500,801.8500,801.5000,801.5000,500
2015-09-15 13:43:00,801.8500,801.8500,801.6000,801.8500,1000
2015-09-15 13:44:01,801.9500,801.9500,801.6000,801.8500,1100
2015-09-15 13:45:58,801.9000,801.9500,801.5000,801.6500,900
2015-09-15 13:46:58,802.0500,802.0500,801.5000,801.5000,2300
2015-09-15 13:47:01,802.0000,802.0500,801.6500,801.9500,1000
2015-09-15 13:48:58,802.0000,802.0500,801.6000,801.6500,2500
2015-09-15 13:49:00,802.1000,802.1000,801.6500,801.9500,800
2015-09-15 13:50:01,802.1000,802.1000,801.9000,801.9000,900
2015-09-15 13:51:01,802.0500,802.1000,801.8000,802.0000,1400
2015-09-15 13:52:01,802.0500,802.0500,801.8000,802.0000,1400
2015-09-15 13:53:59,802.0000,802.0500,801.7500,801.8000,2600
2015-09-15 13:54:00,802.1000,802.1000,801.7500,801.7500,2300
2015-09-15 13:55:02,801.8000,801.9500,801.4000,801.7500,4800
2015-09-15 13:56:01,801.5000,802.0000,801.5000,801.8500,3500
2015-09-15 13:57:01,801.4000,801.6000,801.0000,801.4000,3400
2015-09-15 13:58:01,801.3000,801.3500,801.0000,801.0000,3000
2015-09-15 13:59:59,801.0000,801.3000,800.0000,801.2500,9500
2015-09-15 14:00:58,800.5000,801.2500,800.3500,801.0000,9000
2015-09-15 14:01:00,801.1500,801.1500,800.5000,800.5000,3300
2015-09-15 14:02:02,801.0000,801.4000,800.5500,801.4000,1900
2015-09-15 14:03:02,801.1000,801.3000,800.8000,801.3000,1000
2015-09-15 14:04:02,801.0500,801.1000,800.8000,801.1000,2400
2015-09-15 14:05:58,801.0500,801.1000,801.0000,801.0500,2600
2015-09-15 14:06:00,801.1000,801.1000,800.8000,801.0000,3900
2015-09-15 14:07:01,801.0000,801.1500,800.6500,801.0500,4600
2015-09-15 14:08:01,801.0000,801.0000,800.2500,801.0000,7300
2015-09-15 14:09:01,801.0000,801.2500,800.5000,800.6000,3200
2015-09-15 14:10:01,801.0000,801.2000,800.6000,800.8500,2300
2015-09-15 14:11:01,801.0500,801.2000,801.0000,801.0000,1100
2015-09-15 14:12:02,801.5500,801.5500,801.1000,801.1000,1400
2015-09-15 14:13:01,801.2000,801.8000,801.0000,801.6000,1600
2015-09-15 14:14:58,801.3000,801.3000,800.8500,801.0000,2900
2015-09-15 14:15:01,800.7000,801.1000,800.7000,801.1000,4900
2015-09-15 14:16:00,800.0000,800.7500,799.8500,800.7000,27900
2015-09-15 14:17:01,800.0500,800.0500,800.0000,800.0000,4600
2015-09-15 14:18:01,800.0500,800.0500,800.0000,800.0000,7300
2015-09-15 14:19:01,800.0000,800.0500,799.7500,800.0000,8200
2015-09-15 14:20:01,800.1000,800.1000,799.9000,800.0000,4700
2015-09-15 14:21:01,800.0000,800.1000,800.0000,800.0000,2600
2015-09-15 14:22:01,800.0500,800.0500,799.9500,800.0000,3200
2015-09-15 14:23:01,800.0500,800.0500,800.0000,800.0000,2300
2015-09-15 14:24:01,799.9500,800.0500,799.7000,799.9500,1500
2015-09-15 14:25:00,799.9500,799.9500,799.5000,799.5000,700
2015-09-15 14:26:02,799.4000,799.9500,799.4000,799.8500,2100
2015-09-15 14:27:01,799.4500,799.9500,799.2500,799.2500,2500
2015-09-15 14:28:01,799.4000,799.5000,799.0000,799.4500,2700
2015-09-15 14:29:00,799.4000,799.5500,799.0000,799.0000,2100
2015-09-15 14:30:02,799.7000,799.9000,799.2000,799.5500,3000
2015-09-15 14:31:59,799.5000,800.0000,799.5000,799.5000,9600
2015-09-15 14:32:00,797.9000,799.7500,797.3000,799.5000,13000
2015-09-15 14:33:00,798.9500,798.9500,797.3500,797.3500,11800
2015-09-15 14:34:01,799.9000,800.0000,798.5500,798.5500,7000
2015-09-15 14:35:01,799.7000,800.0000,799.4500,799.4500,2100
2015-09-15 14:36:00,799.9500,800.0000,799.3500,800.0000,8500
2015-09-15 14:37:01,799.9000,799.9500,799.4000,799.9500,1800
2015-09-15 14:38:02,799.9000,799.9000,799.4000,799.4000,2000
2015-09-15 14:39:00,800.0000,800.0000,799.7000,799.9000,4100
2015-09-15 14:40:01,801.0000,801.0000,799.8500,799.8500,4200
2015-09-15 14:41:01,801.6500,801.7000,800.2000,800.2000,5200
2015-09-15 14:42:59,801.0500,801.6500,800.9500,801.6500,4200
2015-09-15 14:43:00,801.0000,802.0000,801.0000,801.1000,5800
2015-09-15 14:44:58,801.9500,802.2000,801.0000,801.0000,4200
2015-09-15 14:45:00,802.2500,802.2500,801.4000,801.9500,3700
2015-09-15 14:46:00,802.8000,802.9000,802.2000,802.2000,4200
2015-09-15 14:47:59,803.7500,804.0500,802.7500,802.7500,8900
2015-09-15 14:48:59,803.1500,803.8000,802.9500,803.3000,4200
2015-09-15 14:49:00,803.8000,804.1000,803.1000,803.4000,4300
2015-09-15 14:50:02,804.1500,804.5000,803.4500,803.9500,5000
2015-09-15 14:51:59,804.0000,804.6500,804.0000,804.4500,6000
2015-09-15 14:52:00,804.0000,804.4000,803.7000,803.9000,4300
2015-09-15 14:53:00,804.9500,805.0000,803.5500,803.5500,5200
2015-09-15 14:54:00,805.3500,805.3500,804.2000,804.2500,7800
2015-09-15 14:55:01,804.4500,806.0000,804.4500,805.0000,12700
2015-09-15 14:56:59,806.1000,806.2000,804.4000,804.4000,6800
2015-09-15 14:57:00,806.5000,807.9500,805.9500,806.2500,13000
2015-09-15 14:58:59,807.1000,807.8500,806.5000,806.5000,7300
2015-09-15 14:59:00,806.1000,807.6500,806.1000,807.4500,6700
2015-09-15 15:00:00,807.3500,807.3500,806.0000,806.1000,6500
2015-09-15 15:01:01,807.7500,807.9500,806.6500,807.3500,9500
2015-09-15 15:02:59,807.3500,808.6500,807.2500,808.0000,12900
2015-09-15 15:03:00,806.8000,807.4000,806.0000,806.7000,14100
2015-09-15 15:04:01,807.2000,808.0000,806.2500,807.0000,9100
2015-09-15 15:05:00,806.5500,807.6500,806.4000,807.6000,7200
2015-09-15 15:06:01,806.3500,807.0000,806.2500,806.5500,7400
2015-09-15 15:07:01,806.0500,806.9000,806.0000,806.8500,6200
2015-09-15 15:08:01,806.0500,806.8000,806.0000,806.5000,6200
2015-09-15 15:09:58,806.1000,806.9000,805.7000,806.0000,7700
2015-09-15 15:10:59,805.0000,806.1000,805.0000,806.1000,7100
2015-09-15 15:11:59,803.9000,805.3500,803.5500,805.3500,7200
2015-09-15 15:12:59,804.5500,805.0000,803.7000,803.7000,6100
2015-09-15 15:13:59,804.1500,805.4000,804.0000,804.5000,13900
2015-09-15 15:14:01,804.0000,804.9000,803.3000,804.4000,7400
2015-09-15 15:15:59,803.5000,805.0000,803.4500,804.9000,7300
2015-09-15 15:16:00,803.0000,803.7500,803.0000,803.1500,6800
2015-09-15 15:17:59,802.8000,803.3000,802.7500,803.0000,4000
2015-09-15 15:18:01,803.0000,803.2500,802.8000,803.0000,6900
2015-09-15 15:19:00,803.2000,803.2500,802.5500,803.0000,8700
2015-09-15 15:20:59,803.8000,803.8000,803.0000,803.2500,7100
2015-09-15 15:21:00,803.0500,804.0000,803.0000,803.8000,8300
2015-09-15 15:22:01,803.0000,803.0000,802.7000,803.0000,13600
2015-09-15 15:23:00,803.0000,803.0000,802.8500,803.0000,12300
2015-09-15 15:24:02,802.9000,803.0000,802.6500,803.0000,8000
2015-09-15 15:25:01,802.0000,802.9000,801.9000,802.8000,7200
2015-09-15 15:26:01,802.0500,802.0500,801.6000,801.9000,12600
2015-09-15 15:27:02,802.3000,803.0000,801.8000,802.1000,9800
2015-09-15 15:28:59,802.9500,803.4000,802.3000,802.5000,9400
2015-09-15 15:29:00,802.9500,802.9500,802.9500,802.9500,0
