2015-09-10 09:15:59,259.2000,260.0000,258.8000,260.0000,181400
2015-09-10 09:16:59,259.3000,259.4000,259.0000,259.1000,67500
2015-09-10 09:17:59,259.1000,259.5000,258.9500,259.5000,41400
2015-09-10 09:18:59,258.1500,259.0500,257.9000,258.9000,146900
2015-09-10 09:19:59,258.2000,258.8000,258.0000,258.2000,68300
2015-09-10 09:20:59,258.9500,258.9500,258.1000,258.2000,31700
2015-09-10 09:21:59,258.9500,259.0000,258.6500,258.7500,30800
2015-09-10 09:22:59,259.1000,259.1000,258.6000,258.8500,29200
2015-09-10 09:23:00,259.1500,259.4000,258.9000,259.1500,27000
2015-09-10 09:24:59,259.0000,259.2500,259.0000,259.1000,20600
2015-09-10 09:25:59,258.8000,259.1000,258.7000,259.0500,86300
2015-09-10 09:26:00,258.4500,259.0000,258.3500,259.0000,51700
2015-09-10 09:27:01,258.6000,258.8000,258.4000,258.4500,25300
2015-09-10 09:28:59,258.5500,258.7500,258.3000,258.6000,36000
2015-09-10 09:29:59,258.7500,258.8000,258.4000,258.5500,35600
2015-09-10 09:30:59,258.6000,258.7000,258.4000,258.5500,25800
2015-09-10 09:31:59,258.0000,258.5000,258.0000,258.5000,27100
2015-09-10 09:32:59,257.7000,258.1000,257.5500,258.1000,49100
2015-09-10 09:33:59,257.6000,257.8000,256.8000,257.8000,99200
2015-09-10 09:34:59,257.0000,257.6000,257.0000,257.6000,41700
2015-09-10 09:35:59,257.0000,257.2500,256.7000,256.9500,45900
2015-09-10 09:36:59,256.8000,257.0000,256.3000,257.0000,46500
2015-09-10 09:37:00,257.2000,257.2000,256.7000,256.8000,33400
2015-09-10 09:38:00,257.2500,257.3500,257.0000,257.1000,23700
2015-09-10 09:39:59,257.4500,257.6500,257.1500,257.3000,26100
2015-09-10 09:40:00,257.4500,257.7000,257.4000,257.4500,24800
2015-09-10 09:41:59,257.1000,257.6000,257.1000,257.5500,32300
2015-09-10 09:42:59,257.7000,257.7500,257.0500,257.1000,37900
2015-09-10 09:43:59,257.8000,258.1000,257.7000,257.7500,79600
2015-09-10 09:44:59,257.7000,257.9500,257.6000,257.7500,37200
2015-09-10 09:45:59,257.8500,257.8500,257.5500,257.7000,47400
2015-09-10 09:46:00,257.5000,257.8000,257.5000,257.8000,20600
2015-09-10 09:47:01,257.5000,257.6000,257.3000,257.4500,15800
2015-09-10 09:48:59,257.6000,257.6500,257.4000,257.5000,19500
2015-09-10 09:49:59,257.9500,257.9500,257.5500,257.6000,20600
2015-09-10 09:50:00,258.0000,258.0500,257.8000,257.9500,34200
2015-09-10 09:51:59,257.9000,258.0500,257.7000,258.0000,18400
2015-09-10 09:52:00,257.8500,258.0000,257.6500,257.9000,26600
2015-09-10 09:53:01,257.8500,257.9500,257.7000,257.8000,19600
2015-09-10 09:54:59,257.5500,257.9500,257.5500,257.9000,18900
2015-09-10 09:55:00,257.5000,257.5500,257.3000,257.5500,25500
2015-09-10 09:56:00,257.5000,257.6000,257.5000,257.5000,22300
2015-09-10 09:57:01,257.3500,257.8000,257.3000,257.5500,41400
2015-09-10 09:58:59,257.1000,257.6000,257.1000,257.5000,51800
2015-09-10 09:59:58,257.2000,257.2000,257.0000,257.1500,31700
2015-09-10 10:00:59,257.0500,257.2000,256.9500,257.1500,29700
2015-09-10 10:01:59,257.2000,257.2500,257.0000,257.0500,22600
2015-09-10 10:02:00,257.2500,257.4000,257.0500,257.1500,20600
2015-09-10 10:03:59,257.2500,257.3500,257.0500,257.2000,12900
2015-09-10 10:04:01,257.2500,257.3000,257.0500,257.2500,12300
2015-09-10 10:05:59,257.1000,257.2500,257.1000,257.2500,11200
2015-09-10 10:06:59,257.1000,257.1500,256.7500,257.1000,44400
2015-09-10 10:07:59,256.6000,257.1500,256.5000,257.1000,18300
2015-09-10 10:08:59,257.0000,257.0000,256.6000,256.7000,18100
2015-09-10 10:09:59,257.2500,257.2500,256.8000,256.9500,23900
2015-09-10 10:10:00,257.4000,257.4500,257.1500,257.4000,19600
2015-09-10 10:11:01,257.2000,257.4500,257.0500,257.4000,19500
2015-09-10 10:12:01,257.4500,257.4500,257.2500,257.4000,8100
2015-09-10 10:13:59,257.6500,257.8500,257.3500,257.4500,22800
2015-09-10 10:14:00,257.7000,257.7500,257.6000,257.7000,6400
2015-09-10 10:15:59,257.5000,257.8000,257.2000,257.8000,20300
2015-09-10 10:16:00,257.4500,257.5500,257.3500,257.5000,14500
2015-09-10 10:17:59,257.5500,257.5500,257.4000,257.5000,6400
2015-09-10 10:18:59,257.6500,257.7000,257.4500,257.4500,18900
2015-09-10 10:19:59,257.9000,257.9000,257.5000,257.6500,17100
2015-09-10 10:20:59,257.3000,257.9500,257.2500,257.9000,26000
2015-09-10 10:21:00,257.1000,257.4000,257.0500,257.2500,20700
2015-09-10 10:22:01,257.2000,257.6000,256.9500,257.0500,39600
2015-09-10 10:23:00,257.4000,257.4000,257.1500,257.3500,11000
2015-09-10 10:24:01,257.6500,257.6500,257.3500,257.5000,15500
2015-09-10 10:25:59,257.7000,257.8000,257.4000,257.7000,35500
2015-09-10 10:26:59,257.7500,257.7500,257.4500,257.7000,11500
2015-09-10 10:27:00,257.6500,257.8500,257.3500,257.8500,23600
2015-09-10 10:28:59,257.8500,257.8500,257.6500,257.7000,12100
2015-09-10 10:29:59,258.0000,258.0000,257.8500,257.8500,19000
2015-09-10 10:30:59,258.1500,258.2000,257.9000,258.0000,30900
2015-09-10 10:31:59,258.3500,258.4000,258.1000,258.1500,32000
2015-09-10 10:32:59,258.2000,258.4000,258.1000,258.4000,38600
2015-09-10 10:33:59,258.1500,258.3500,258.0000,258.2500,45400
2015-09-10 10:34:59,258.1000,258.2500,258.0000,258.1000,40900
2015-09-10 10:35:59,258.4000,258.4000,258.0500,258.2500,28700
2015-09-10 10:36:59,258.4500,258.5000,258.2500,258.4500,29700
2015-09-10 10:37:59,258.5000,258.5500,258.3000,258.4000,45700
2015-09-10 10:38:59,258.4500,258.6500,258.3500,258.5500,34600
2015-09-10 10:39:59,258.5500,258.6500,258.3000,258.4000,35600
2015-09-10 10:40:59,258.5500,258.8500,258.3000,258.6500,57700
2015-09-10 10:41:59,258.7000,258.7000,258.3000,258.5000,35100
2015-09-10 10:42:59,258.7000,258.8500,258.5000,258.8000,43700
2015-09-10 10:43:58,258.7000,258.9000,258.6000,258.6500,32300
2015-09-10 10:44:59,258.6500,258.8500,258.6000,258.7000,29900
2015-09-10 10:45:59,258.6000,258.8000,258.4000,258.7000,42600
2015-09-10 10:46:59,258.6500,258.8500,258.5000,258.7500,19800
2015-09-10 10:47:59,258.7500,258.9500,258.5000,258.6500,38900
2015-09-10 10:48:59,258.9500,259.0000,258.7500,258.7500,23600
2015-09-10 10:49:00,258.7500,259.1000,258.7500,259.0000,28200
2015-09-10 10:50:00,258.9000,259.0000,258.7500,258.8000,19700
2015-09-10 10:51:00,259.1000,259.1500,258.9000,258.9500,24900
2015-09-10 10:52:01,259.1500,259.2500,259.1000,259.2500,20900
2015-09-10 10:53:59,259.2000,259.3000,259.0000,259.1500,27600
2015-09-10 10:54:00,259.3000,259.3000,259.1500,259.2000,22600
2015-09-10 10:55:59,259.2500,259.4500,259.1000,259.4500,26300
2015-09-10 10:56:00,259.2500,259.2500,259.0000,259.2500,23600
2015-09-10 10:57:59,259.4000,259.4000,259.1000,259.2500,39600
2015-09-10 10:58:00,259.6500,259.7000,259.1500,259.4000,39700
2015-09-10 10:59:59,259.7000,259.7500,259.4000,259.7500,40700
2015-09-10 11:00:59,259.5000,259.7000,259.2000,259.7000,49200
2015-09-10 11:01:59,259.6000,259.8000,259.5000,259.5000,28300
2015-09-10 11:02:00,259.2000,259.7000,259.1000,259.5500,28000
2015-09-10 11:03:01,259.2500,259.5000,259.1500,259.3000,18300
2015-09-10 11:04:59,259.2000,259.4000,259.1000,259.2000,20900
2015-09-10 11:05:59,259.1000,259.2500,259.0000,259.2000,17400
2015-09-10 11:06:59,259.2000,259.2000,259.0000,259.1000,13800
2015-09-10 11:07:59,259.5000,259.5000,259.2000,259.2000,15100
2015-09-10 11:08:59,259.1500,259.5000,259.1500,259.5000,24400
2015-09-10 11:09:59,259.2500,259.4000,259.1000,259.2500,24100
2015-09-10 11:10:59,259.2500,259.3000,259.0000,259.2500,10900
2015-09-10 11:11:59,259.1500,259.2500,259.0500,259.2500,7700
2015-09-10 11:12:59,258.7500,259.2000,258.6500,259.1500,24200
2015-09-10 11:13:59,258.7000,258.9000,258.6000,258.7000,30900
2015-09-10 11:14:59,258.6500,258.7500,258.5000,258.7000,10300
2015-09-10 11:15:59,259.0000,259.0000,258.6500,258.7000,10900
2015-09-10 11:16:59,259.1000,259.4500,259.0500,259.0500,18000
2015-09-10 11:17:59,259.3000,259.4000,259.1000,259.2500,15700
2015-09-10 11:18:00,259.2000,259.5000,259.1000,259.2500,11600
2015-09-10 11:19:02,258.8500,259.4000,258.7500,259.2500,29800
2015-09-10 11:20:59,259.3000,259.3000,258.9000,258.9000,5300
2015-09-10 11:21:00,258.9000,259.4500,258.7000,259.3500,17400
2015-09-10 11:22:59,259.2000,259.2500,258.9500,258.9500,6000
2015-09-10 11:23:59,259.2500,259.2500,259.1000,259.1000,16200
2015-09-10 11:24:59,259.4000,259.4000,259.2000,259.2500,43500
2015-09-10 11:25:59,259.4000,259.4500,259.2000,259.4000,47000
2015-09-10 11:26:59,259.3500,259.4500,259.3000,259.4000,28400
2015-09-10 11:27:00,259.4500,259.4500,259.3500,259.3500,9900
2015-09-10 11:28:59,259.5000,259.5000,259.4000,259.4500,17100
2015-09-10 11:29:58,259.5500,259.6000,259.4500,259.4500,20100
2015-09-10 11:30:00,259.6500,259.7000,259.5000,259.5000,22400
2015-09-10 11:31:00,259.4500,259.7000,259.4000,259.6500,22000
2015-09-10 11:32:00,259.5500,259.6500,259.5000,259.6500,12300
2015-09-10 11:33:00,259.6000,259.6000,259.4500,259.5500,42100
2015-09-10 11:34:58,259.3000,259.6000,259.3000,259.6000,36100
2015-09-10 11:35:00,259.5500,259.5500,259.3000,259.4000,12200
2015-09-10 11:36:59,259.5000,259.6000,259.5000,259.6000,11800
2015-09-10 11:37:58,259.2500,259.5500,259.2500,259.5500,20200
2015-09-10 11:38:00,259.0000,259.4500,259.0000,259.4500,34400
2015-09-10 11:39:02,259.0500,259.1000,258.9500,258.9500,13200
2015-09-10 11:40:01,259.0000,259.1000,259.0000,259.1000,9800
2015-09-10 11:41:00,259.0000,259.1000,258.9000,259.0000,18800
2015-09-10 11:42:00,259.0000,259.2500,258.9000,259.0500,15800
2015-09-10 11:43:01,259.2500,259.2500,258.9500,259.0000,10500
2015-09-10 11:44:59,259.2000,259.4000,259.0000,259.1500,18700
2015-09-10 11:45:00,259.1000,259.4000,259.0500,259.2000,18300
2015-09-10 11:46:59,259.2000,259.3500,259.0000,259.1000,11500
2015-09-10 11:47:00,259.1500,259.3000,259.0500,259.3000,11600
2015-09-10 11:48:00,259.2000,259.3500,259.1000,259.1500,13300
2015-09-10 11:49:59,259.3500,259.4500,259.1500,259.3500,20300
2015-09-10 11:50:00,259.4000,259.4500,259.2000,259.3500,5800
2015-09-10 11:51:59,259.5500,259.5500,259.3500,259.3500,27100
2015-09-10 11:52:00,259.5500,259.5500,259.4500,259.5000,17200
2015-09-10 11:53:00,259.5500,259.5500,259.3000,259.4500,12900
2015-09-10 11:54:00,259.6500,259.7000,259.5000,259.6000,11500
2015-09-10 11:55:00,259.5000,259.6500,259.5000,259.5000,13000
2015-09-10 11:56:01,259.5500,259.6000,259.4500,259.5000,16600
2015-09-10 11:57:59,259.5500,259.6000,259.5000,259.5000,9000
2015-09-10 11:58:59,259.6500,259.6500,259.5500,259.5500,8400
2015-09-10 11:59:59,259.9000,259.9000,259.6000,259.6000,31100
2015-09-10 12:00:59,261.4000,261.8000,259.8500,259.8500,191500
2015-09-10 12:01:00,260.8000,261.5500,260.7000,261.4000,32100
2015-09-10 12:02:59,260.8500,261.0000,260.6500,260.7500,28100
2015-09-10 12:03:00,260.9000,261.0000,260.7500,260.9000,23100
2015-09-10 12:04:59,260.8000,261.2000,260.5500,260.7500,41000
2015-09-10 12:05:00,260.9500,260.9500,260.5500,260.5500,9300
2015-09-10 12:06:59,261.5000,261.5000,260.8000,260.8500,19400
2015-09-10 12:07:59,261.4000,261.7000,261.3000,261.4000,24200
2015-09-10 12:08:59,261.2500,261.7000,261.2000,261.2000,16300
2015-09-10 12:09:00,261.0500,261.3500,261.0000,261.2500,17200
2015-09-10 12:10:00,260.7500,261.1500,260.7500,261.0000,16800
2015-09-10 12:11:00,260.9000,260.9500,260.7500,260.8000,17000
2015-09-10 12:12:00,261.0000,261.1000,260.9000,260.9500,39800
2015-09-10 12:13:58,260.8000,261.1500,260.7500,261.1500,20400
2015-09-10 12:14:59,260.8000,260.9500,260.7000,260.8000,30800
2015-09-10 12:15:00,260.8000,260.9500,260.7000,260.8000,21800
2015-09-10 12:16:00,260.8500,260.9000,260.7000,260.8000,17300
2015-09-10 12:17:01,260.5500,260.9000,260.5000,260.8000,27200
2015-09-10 12:18:00,260.4000,260.8000,260.4000,260.5500,29800
2015-09-10 12:19:59,260.3000,260.5500,260.3000,260.4000,12100
2015-09-10 12:20:58,259.8500,260.3000,259.7000,260.2500,36400
2015-09-10 12:21:59,260.7000,260.8000,259.9000,259.9000,54400
2015-09-10 12:22:01,260.2500,260.7500,260.2000,260.7000,14300
2015-09-10 12:23:00,260.5000,260.5500,260.2000,260.2000,14000
2015-09-10 12:24:00,260.8500,261.0000,260.4000,260.5000,28600
2015-09-10 12:25:59,260.5000,260.8500,260.5000,260.8500,11800
2015-09-10 12:26:59,260.6500,260.7000,260.5000,260.5000,9800
2015-09-10 12:27:59,260.7000,260.7000,260.5000,260.6500,5100
2015-09-10 12:28:00,260.8500,260.9000,260.6500,260.6500,4700
2015-09-10 12:29:00,260.7500,260.9500,260.6500,260.8000,5400
2015-09-10 12:30:58,261.1500,261.1500,260.7500,260.7500,14000
2015-09-10 12:31:06,261.1000,261.1500,260.9000,261.1500,11400
2015-09-10 12:32:59,261.0000,261.1500,260.7000,261.1500,11000
2015-09-10 12:33:00,260.9500,261.1000,260.7000,260.9000,19600
2015-09-10 12:34:01,261.0500,261.1500,260.9000,260.9500,7300
2015-09-10 12:35:01,261.3000,261.3000,261.0000,261.0500,9400
2015-09-10 12:36:59,261.1500,261.4000,261.0000,261.4000,10800
2015-09-10 12:37:00,261.4000,261.5000,261.1000,261.1000,17100
2015-09-10 12:38:59,261.4000,261.5000,261.3000,261.3000,8900
2015-09-10 12:39:00,261.1000,261.5000,261.1000,261.4000,11600
2015-09-10 12:40:59,261.0500,261.4000,261.0000,261.1500,16000
2015-09-10 12:41:59,261.3500,261.3500,261.0500,261.0500,10200
2015-09-10 12:42:59,261.2500,261.5000,261.1500,261.5000,5600
2015-09-10 12:43:59,261.1000,261.3000,261.0500,261.0500,3700
2015-09-10 12:44:00,260.9500,261.1500,260.9000,261.1000,26100
2015-09-10 12:45:59,260.9000,260.9500,260.8000,260.9500,23200
2015-09-10 12:46:00,260.8000,260.9500,260.8000,260.8000,13300
2015-09-10 12:47:01,260.8500,261.0000,260.8000,260.8000,5200
2015-09-10 12:48:00,260.5000,260.9000,260.5000,260.8000,32800
2015-09-10 12:49:00,260.5500,260.6500,260.5000,260.5000,88500
2015-09-10 12:50:59,260.9000,260.9000,260.5500,260.5500,10300
2015-09-10 12:51:01,260.6000,260.9500,260.5500,260.9500,27100
2015-09-10 12:52:01,260.7000,260.7000,260.5000,260.7000,9800
2015-09-10 12:53:59,260.7000,260.8000,260.6000,260.6500,7100
2015-09-10 12:54:59,260.5500,260.8000,260.5500,260.6500,9700
2015-09-10 12:55:59,260.1000,260.6000,260.0500,260.5500,23800
2015-09-10 12:56:59,260.0500,260.3000,260.0000,260.1000,20600
2015-09-10 12:57:00,260.2000,260.2500,260.0000,260.0000,11100
2015-09-10 12:58:59,260.2500,260.3500,260.1500,260.1500,14800
2015-09-10 12:59:58,260.8000,260.8500,260.1000,260.1000,13500
2015-09-10 13:00:59,260.8500,261.1000,260.7000,260.8000,32800
2015-09-10 13:01:00,260.8500,261.0000,260.7000,260.7500,15900
2015-09-10 13:02:59,260.6000,260.9000,260.5000,260.7500,17700
2015-09-10 13:03:00,260.9000,260.9000,260.5500,260.5500,11300
2015-09-10 13:04:59,261.0500,261.1000,260.7500,260.8000,14400
2015-09-10 13:05:00,261.0000,261.1000,260.9000,261.0000,9500
2015-09-10 13:06:00,261.3500,261.5000,261.0000,261.0000,11500
2015-09-10 13:07:59,261.3500,261.5000,261.2000,261.3500,10500
2015-09-10 13:08:58,261.8500,261.8500,261.4500,261.4500,57500
2015-09-10 13:09:00,261.8000,261.9500,261.7000,261.8500,15800
2015-09-10 13:10:01,261.7000,261.9000,261.6000,261.9000,9600
2015-09-10 13:11:59,261.5000,261.6500,261.4500,261.5500,9400
2015-09-10 13:12:00,261.4500,261.6000,261.3000,261.5000,6300
2015-09-10 13:13:59,261.7000,261.7000,261.3000,261.3000,7800
2015-09-10 13:14:58,261.9500,261.9500,261.5500,261.6000,18300
2015-09-10 13:15:00,262.0500,262.3000,261.9500,262.2000,61300
2015-09-10 13:16:00,262.0500,262.1500,261.8500,262.1000,10300
2015-09-10 13:17:59,262.1000,262.1500,261.8500,262.1000,8800
2015-09-10 13:18:59,262.5000,262.5000,262.0500,262.0500,31400
2015-09-10 13:19:59,262.3500,262.5000,262.3000,262.3000,17600
2015-09-10 13:20:59,262.3000,262.4000,262.1000,262.3500,16000
2015-09-10 13:21:59,263.0000,263.0500,262.2500,262.2500,83200
2015-09-10 13:22:00,262.9000,263.0500,262.7000,263.0000,35100
2015-09-10 13:23:59,262.7000,263.2000,262.5000,262.9000,44100
2015-09-10 13:24:00,262.5000,263.0000,262.2000,262.7000,31700
2015-09-10 13:25:00,262.5000,262.6000,262.3500,262.4000,14600
2015-09-10 13:26:00,262.6500,262.8000,262.5000,262.5000,35200
2015-09-10 13:27:59,263.2000,263.4000,262.6500,262.6500,36800
2015-09-10 13:28:59,263.8000,263.9000,263.0000,263.1000,72100
2015-09-10 13:29:59,263.6000,264.5000,263.6000,263.9000,92500
2015-09-10 13:30:59,263.8500,264.0000,263.6500,263.7000,28600
2015-09-10 13:31:59,263.2000,263.9000,263.1500,263.8000,47300
2015-09-10 13:32:00,263.2000,263.5000,263.1000,263.1000,16800
2015-09-10 13:33:59,263.5000,263.5500,263.2500,263.2500,13600
2015-09-10 13:34:59,263.3000,263.6500,263.3000,263.5000,22200
2015-09-10 13:35:59,263.4000,263.4000,263.1500,263.3000,34900
2015-09-10 13:36:59,263.5500,263.5500,263.3500,263.3500,12200
2015-09-10 13:37:59,263.7500,263.8500,263.5500,263.6500,29000
2015-09-10 13:38:59,263.5500,263.8000,263.5500,263.7000,11500
2015-09-10 13:39:59,263.5000,263.7500,263.3000,263.5000,14000
2015-09-10 13:40:00,263.3000,263.5000,263.2500,263.4500,12600
2015-09-10 13:41:00,263.1500,263.3000,263.1500,263.3000,14800
2015-09-10 13:42:00,263.1500,263.3000,263.1000,263.1500,15100
2015-09-10 13:43:59,262.7500,263.2000,262.7000,263.1500,26200
2015-09-10 13:44:59,262.9000,262.9000,262.6500,262.7500,23100
2015-09-10 13:45:59,262.9000,263.1000,262.7000,262.9000,26400
2015-09-10 13:46:00,263.1000,263.1000,262.9000,262.9000,16800
2015-09-10 13:47:00,263.2500,263.2500,263.0500,263.0500,8600
2015-09-10 13:48:59,263.5000,263.5000,263.2000,263.2500,19700
2015-09-10 13:49:59,263.4500,263.8500,263.3000,263.5000,28800
2015-09-10 13:50:59,263.7500,263.7500,263.5000,263.5000,13800
2015-09-10 13:51:00,263.8000,263.9500,263.5000,263.8500,27700
2015-09-10 13:52:00,263.7500,263.8500,263.5000,263.6500,12900
2015-09-10 13:53:59,263.8000,263.8000,263.6000,263.7000,13800
2015-09-10 13:54:59,263.7500,264.0000,263.7000,263.8000,41700
2015-09-10 13:55:59,263.8000,264.0000,263.7000,263.7000,38900
2015-09-10 13:56:59,263.3000,263.8500,263.3000,263.8000,52200
2015-09-10 13:57:01,263.3500,263.4000,263.0500,263.4000,78000
2015-09-10 13:58:00,263.2000,263.6000,263.2000,263.3500,37600
2015-09-10 13:59:59,263.7500,263.8500,263.1000,263.2000,95600
2015-09-10 14:00:58,263.5000,263.8000,263.5000,263.7500,40700
2015-09-10 14:01:59,263.3000,263.5000,263.2500,263.5000,86600
2015-09-10 14:02:59,263.0500,263.2500,262.7500,263.2500,127100
2015-09-10 14:03:00,263.1500,263.2000,262.9500,263.0500,45300
2015-09-10 14:04:00,262.8500,263.1500,262.8000,263.1000,37700
2015-09-10 14:05:01,262.7000,263.2000,262.6000,262.9000,46300
2015-09-10 14:06:00,262.9000,262.9500,262.7000,262.7000,23600
2015-09-10 14:07:59,262.9000,263.0000,262.6500,262.9000,76600
2015-09-10 14:08:00,262.9000,263.2500,262.8000,262.9000,43700
2015-09-10 14:09:01,262.9000,263.1500,262.7500,262.8500,24900
2015-09-10 14:10:59,263.1500,263.3000,262.7500,262.9500,25300
2015-09-10 14:11:59,263.2000,263.3000,263.0000,263.1500,18200
2015-09-10 14:12:00,263.0500,263.3500,263.0000,263.2000,20700
2015-09-10 14:13:59,263.2000,263.2000,262.9500,263.0500,23100
2015-09-10 14:14:59,263.2500,263.3500,263.1000,263.2000,28900
2015-09-10 14:15:59,263.2500,263.3000,263.1000,263.2000,6600
2015-09-10 14:16:00,263.0000,263.2500,263.0000,263.2000,15600
2015-09-10 14:17:59,263.0500,263.2500,263.0000,263.0000,21700
2015-09-10 14:18:00,263.1500,263.2500,263.0000,263.0500,18200
2015-09-10 14:19:01,263.4000,263.4000,263.1000,263.1000,96600
2015-09-10 14:20:59,263.4000,263.6000,263.4000,263.4000,20100
2015-09-10 14:21:59,263.2000,263.5000,263.0500,263.3000,24400
2015-09-10 14:22:59,263.4500,263.4500,263.1500,263.1500,11900
2015-09-10 14:23:59,263.6500,263.7500,263.4500,263.5000,26100
2015-09-10 14:24:59,264.0500,264.2500,263.6500,263.7000,64400
2015-09-10 14:25:59,264.4500,264.5000,264.0000,264.0500,58300
2015-09-10 14:26:00,264.2500,264.7000,264.0500,264.4500,72500
2015-09-10 14:27:59,264.0000,264.3000,263.8000,264.2500,23900
2015-09-10 14:28:59,264.0000,264.0000,263.7500,263.9000,13900
2015-09-10 14:29:59,264.0000,264.2000,263.9000,263.9000,20400
2015-09-10 14:30:00,264.0500,264.3000,263.8000,263.9000,50600
2015-09-10 14:31:59,264.1000,264.2500,263.9500,264.0500,18800
2015-09-10 14:32:58,264.2500,264.3000,264.1000,264.1000,8800
2015-09-10 14:33:00,264.1000,264.3500,263.9500,264.3000,21100
2015-09-10 14:34:00,264.3500,264.4000,264.0000,264.0000,11900
2015-09-10 14:35:59,265.4500,265.4500,264.3500,264.3500,160900
2015-09-10 14:36:59,264.9500,265.4000,264.8000,265.3000,66200
2015-09-10 14:37:59,264.8000,264.9500,264.6500,264.9500,22300
2015-09-10 14:38:58,264.8500,265.1000,264.7000,264.9000,37300
2015-09-10 14:39:00,264.4500,264.9000,264.2500,264.8500,18400
2015-09-10 14:40:59,264.4000,264.8000,264.3000,264.3000,26400
2015-09-10 14:41:00,264.7000,264.9000,264.3000,264.3500,47000
2015-09-10 14:42:59,264.4000,264.7000,264.3000,264.7000,25300
2015-09-10 14:43:59,264.4500,264.4500,264.2000,264.3500,16700
2015-09-10 14:44:59,264.5500,264.6500,264.3500,264.3500,35500
2015-09-10 14:45:59,264.7500,264.7500,264.5000,264.5000,12200
2015-09-10 14:46:59,264.7000,264.8500,264.5500,264.7500,58900
2015-09-10 14:47:59,264.7000,264.8500,264.5500,264.6500,40600
2015-09-10 14:48:59,264.5000,264.7000,264.3500,264.7000,40900
2015-09-10 14:49:59,264.3000,264.5500,264.1500,264.4500,57600
2015-09-10 14:50:59,263.8500,264.3500,263.8500,264.3500,58000
2015-09-10 14:51:00,264.2000,264.5000,263.9500,263.9500,36800
2015-09-10 14:52:59,264.5500,264.7000,264.2000,264.2000,23100
2015-09-10 14:53:00,264.7000,264.7000,264.3500,264.4500,22500
2015-09-10 14:54:01,264.3500,264.7000,264.1000,264.6000,40300
2015-09-10 14:55:59,264.4000,264.5000,264.1500,264.3500,17800
2015-09-10 14:56:00,264.4500,264.6500,264.3500,264.4500,17700
2015-09-10 14:57:01,264.6000,264.7000,264.4500,264.4500,30700
2015-09-10 14:58:01,264.7500,264.9500,264.6000,264.6000,40100
2015-09-10 14:59:01,264.7500,264.9000,264.6000,264.6000,31100
2015-09-10 15:00:59,265.0000,265.1000,264.6000,264.7500,87800
2015-09-10 15:01:00,265.2000,265.3000,264.9500,265.2000,59400
2015-09-10 15:02:00,265.2000,265.4500,265.0500,265.1000,39700
2015-09-10 15:03:01,265.1500,265.3500,265.1000,265.3000,25700
2015-09-10 15:04:59,265.3500,265.5000,264.9000,265.2000,57300
2015-09-10 15:05:59,265.5000,265.5000,265.1500,265.3000,58200
2015-09-10 15:06:59,266.0000,266.2000,265.4500,265.5000,145200
2015-09-10 15:07:59,266.0500,266.1000,265.8000,266.0000,103500
2015-09-10 15:08:59,266.7500,266.7500,265.8000,266.0000,119000
2015-09-10 15:09:59,267.4000,267.5000,266.6500,266.6500,244600
2015-09-10 15:10:59,267.2000,267.4000,266.8000,267.3500,89000
2015-09-10 15:11:59,267.5500,267.8500,267.2000,267.2000,102700
2015-09-10 15:12:00,267.3000,267.8000,267.1500,267.5500,107800
2015-09-10 15:13:59,266.9000,267.4000,266.7500,267.2000,52600
2015-09-10 15:14:59,267.3500,267.4500,266.9000,266.9000,55900
2015-09-10 15:15:59,267.5500,267.7500,267.3500,267.4000,79700
2015-09-10 15:16:59,268.2500,268.4000,267.4500,267.4500,108700
2015-09-10 15:17:59,268.1500,268.3500,267.9500,268.2500,75700
2015-09-10 15:18:59,267.5500,268.0500,267.5500,268.0000,79200
2015-09-10 15:19:59,268.0500,268.0500,267.5500,267.5500,58600
2015-09-10 15:20:59,268.4000,268.5000,268.0500,268.0500,87500
2015-09-10 15:21:59,268.4500,268.5000,268.2500,268.4000,53300
2015-09-10 15:22:59,268.5000,268.5500,268.3500,268.4000,48300
2015-09-10 15:23:58,268.5500,268.7500,268.4500,268.4500,62600
2015-09-10 15:24:59,268.6000,268.8000,268.5000,268.5500,73800
2015-09-10 15:25:59,268.8500,269.0000,268.6000,268.6000,57500
2015-09-10 15:26:59,269.1500,269.5500,268.8000,268.8000,85100
2015-09-10 15:27:59,268.5500,269.1500,268.3500,269.0500,95900
2015-09-10 15:28:59,268.4500,268.7500,268.4000,268.5500,65900
2015-09-10 15:29:59,268.5000,270.0000,268.3500,268.4500,170100
2015-09-10 15:30:00,269.1000,269.1000,269.1000,269.1000,300
2015-09-11 09:15:59,265.6500,267.2000,265.6500,267.2000,202100
2015-09-11 09:16:59,266.7500,266.9000,265.6000,265.6500,86600
2015-09-11 09:17:59,267.0000,267.0000,266.4000,266.7500,116600
2015-09-11 09:18:59,266.5500,267.2500,266.4500,266.9500,101500
2015-09-11 09:19:59,267.3000,267.3000,266.6000,266.6000,113300
2015-09-11 09:20:59,267.0000,267.3000,266.8500,267.3000,77000
2015-09-11 09:21:59,267.1000,267.2000,266.8500,266.9500,65500
2015-09-11 09:22:59,267.4000,267.4000,267.0000,267.1500,88200
2015-09-11 09:23:59,268.0500,268.8000,267.6000,267.7000,155100
2015-09-11 09:24:59,268.5000,268.8500,268.1000,268.1000,86300
2015-09-11 09:25:59,268.2000,268.5500,268.0000,268.5000,68900
2015-09-11 09:26:59,268.4000,268.4000,268.1500,268.1500,47200
2015-09-11 09:27:59,268.3500,268.4000,268.1000,268.4000,45200
2015-09-11 09:28:59,268.6000,268.6000,268.1000,268.3500,50700
2015-09-11 09:29:59,268.2500,268.6500,268.2500,268.6000,46000
2015-09-11 09:30:59,268.1500,268.4000,268.1000,268.2500,36200
2015-09-11 09:31:59,267.4000,268.2500,267.4000,268.2500,70200
2015-09-11 09:32:59,267.4500,267.6000,267.3000,267.4500,49400
2015-09-11 09:33:59,267.6500,267.7500,267.5000,267.5000,32100
2015-09-11 09:34:00,267.6000,267.6500,267.5000,267.6000,27200
2015-09-11 09:35:59,267.3500,267.6500,267.1500,267.6000,53300
2015-09-11 09:36:59,267.4500,267.5500,267.3500,267.4000,32000
2015-09-11 09:37:59,267.4500,267.5500,267.3000,267.4000,26100
2015-09-11 09:38:58,267.5500,267.5500,267.4000,267.5000,12800
2015-09-11 09:39:00,267.5000,267.5500,267.3000,267.5500,35300
2015-09-11 09:40:59,267.5500,267.7000,267.4500,267.4500,40500
2015-09-11 09:41:59,267.4500,267.6000,267.3000,267.6000,31400
2015-09-11 09:42:59,267.2500,267.5000,267.0000,267.4500,33300
2015-09-11 09:43:59,266.7000,267.2000,266.6000,267.2000,90200
2015-09-11 09:44:00,266.8500,266.8500,266.6500,266.7500,40100
2015-09-11 09:45:59,266.7500,266.9000,266.7500,266.8000,23800
2015-09-11 09:46:59,266.7000,266.8000,266.5000,266.8000,38000
2015-09-11 09:47:59,266.4500,266.7500,266.2500,266.6500,94200
2015-09-11 09:48:59,266.3000,266.5000,266.1500,266.3000,32600
2015-09-11 09:49:59,266.5000,266.5000,266.2500,266.3000,18500
2015-09-11 09:50:59,266.8500,266.8500,266.4500,266.4500,25200
2015-09-11 09:51:59,266.9500,266.9500,266.7500,266.8000,18000
2015-09-11 09:52:00,267.2000,267.2000,266.9000,266.9500,30200
2015-09-11 09:53:59,267.4000,267.4000,267.1000,267.1000,21400
2015-09-11 09:54:59,267.3000,267.5000,267.2500,267.4000,28500
2015-09-11 09:55:59,267.1000,267.4000,267.1000,267.4000,27800
2015-09-11 09:56:58,267.1000,267.1500,267.0000,267.1000,13600
2015-09-11 09:57:00,267.1000,267.1500,267.0000,267.0000,16600
2015-09-11 09:58:01,266.9500,267.1000,266.9500,267.1000,19100
2015-09-11 09:59:59,266.9000,266.9500,266.7000,266.9000,10300
2015-09-11 10:00:59,267.1500,267.4000,266.9000,266.9500,17800
2015-09-11 10:01:00,267.2000,267.4000,267.1500,267.2500,17100
2015-09-11 10:02:00,267.2000,267.2500,267.1500,267.2500,20100
2015-09-11 10:03:59,267.2500,267.2500,267.0500,267.2000,14300
2015-09-11 10:04:59,267.1500,267.2500,267.1000,267.2000,19100
2015-09-11 10:05:59,267.1500,267.1500,267.1000,267.1500,11400
2015-09-11 10:06:00,266.8500,267.2000,266.7000,267.1000,29700
2015-09-11 10:07:02,266.9000,267.0000,266.8500,266.9500,15000
2015-09-11 10:08:02,266.7500,266.9500,266.6500,266.9000,15100
2015-09-11 10:09:59,266.6500,266.9000,266.5000,266.7500,20500
2015-09-11 10:10:00,266.7000,266.8500,266.6500,266.8000,10700
2015-09-11 10:11:59,266.7500,266.8000,266.6000,266.6500,10400
2015-09-11 10:12:00,266.8500,266.9500,266.7000,266.7500,27900
2015-09-11 10:13:03,266.7500,266.9500,266.7500,266.9000,11800
2015-09-11 10:14:00,267.0000,267.0000,266.7500,266.9000,16100
2015-09-11 10:15:04,266.8500,267.0000,266.8000,267.0000,19000
2015-09-11 10:16:59,267.0000,267.0000,266.9000,266.9000,19200
2015-09-11 10:17:00,267.2000,267.2500,266.9500,267.0000,17000
2015-09-11 10:18:02,267.1000,267.2000,267.0500,267.1500,18000
2015-09-11 10:19:03,266.9000,267.1500,266.9000,267.1500,27200
2015-09-11 10:20:04,266.8000,267.0000,266.8000,266.9500,27000
2015-09-11 10:21:59,266.5000,266.9000,266.5000,266.8500,13500
2015-09-11 10:22:59,266.6000,266.8000,266.5000,266.5500,12700
2015-09-11 10:23:59,266.7000,266.7500,266.5500,266.6000,15200
2015-09-11 10:24:59,266.7500,266.8000,266.6500,266.7000,12200
2015-09-11 10:25:00,266.5000,266.7500,266.4500,266.7500,24600
2015-09-11 10:26:01,266.6000,266.7000,266.5000,266.5000,21400
2015-09-11 10:27:00,266.6500,266.6500,266.5000,266.6500,13300
2015-09-11 10:28:02,266.6000,266.7000,266.5000,266.6000,22000
2015-09-11 10:29:00,266.6500,266.7000,266.5000,266.6000,17900
2015-09-11 10:30:02,266.6500,266.7000,266.5500,266.7000,6800
2015-09-11 10:31:59,266.6500,266.8000,266.6000,266.6000,45200
2015-09-11 10:32:00,266.5500,266.6500,266.3500,266.6500,36900
2015-09-11 10:33:59,266.5500,266.7000,266.4000,266.5500,24600
2015-09-11 10:34:59,266.5000,266.6500,266.4000,266.4000,14900
2015-09-11 10:35:59,266.3000,266.5000,266.2000,266.5000,18100
2015-09-11 10:36:59,266.2500,266.3500,266.0500,266.2500,40500
2015-09-11 10:37:59,266.0000,266.3000,265.8000,266.0500,100400
2015-09-11 10:38:00,265.7000,266.0500,265.3000,266.0500,106600
2015-09-11 10:39:59,265.9000,265.9500,265.6000,265.6500,38600
2015-09-11 10:40:00,265.9000,265.9500,265.5000,265.8500,53300
2015-09-11 10:41:59,265.7500,265.9000,265.5000,265.9000,56100
2015-09-11 10:42:59,265.8500,265.9000,265.6500,265.9000,34900
2015-09-11 10:43:59,265.9000,266.0000,265.6500,265.8500,29500
2015-09-11 10:44:00,266.3000,266.3500,265.9000,265.9000,24200
2015-09-11 10:45:59,266.5500,266.5500,266.2000,266.2000,35900
2015-09-11 10:46:58,266.4500,266.6500,266.4000,266.5500,24800
2015-09-11 10:47:59,266.2000,266.5000,265.9500,266.4500,28400
2015-09-11 10:48:59,266.3000,266.3000,266.0500,266.1000,21000
2015-09-11 10:49:00,266.2500,266.3000,266.1000,266.2500,20000
2015-09-11 10:50:59,266.1000,266.3500,265.9000,266.2500,28700
2015-09-11 10:51:59,266.0000,266.2000,265.9000,265.9000,17700
2015-09-11 10:52:00,266.0000,266.1500,265.7000,266.1500,31000
2015-09-11 10:53:01,266.2500,266.2500,266.0000,266.0500,36700
2015-09-11 10:54:59,266.4000,266.4000,266.1500,266.1500,23600
2015-09-11 10:55:59,266.3000,266.4500,266.3000,266.4000,30700
2015-09-11 10:56:59,266.6500,266.7000,266.2500,266.3500,43800
2015-09-11 10:57:59,266.6500,266.7000,266.5000,266.5000,40300
2015-09-11 10:58:59,266.6000,266.7000,266.5000,266.6500,46000
2015-09-11 10:59:59,266.6500,266.6500,266.5000,266.6000,20900
2015-09-11 11:00:59,266.5000,266.6500,266.4000,266.6500,12100
2015-09-11 11:01:59,266.3000,266.5000,266.2000,266.5000,18600
2015-09-11 11:02:59,266.2500,266.4000,266.1000,266.3000,25900
2015-09-11 11:03:59,266.4000,266.5000,266.2500,266.2500,35900
2015-09-11 11:04:59,266.4500,266.5000,266.3500,266.4000,34200
2015-09-11 11:05:59,266.5000,266.5500,266.4000,266.4500,43500
2015-09-11 11:06:59,266.6000,266.6000,266.4500,266.5000,37200
2015-09-11 11:07:59,266.4500,266.6000,266.4000,266.5500,31300
2015-09-11 11:08:59,266.5000,266.6000,266.3500,266.4500,38600
2015-09-11 11:09:59,266.5500,266.6500,266.5000,266.6000,25000
2015-09-11 11:10:59,266.4000,266.6500,266.3000,266.5000,60400
2015-09-11 11:11:59,265.9000,266.3500,265.6500,266.3500,55500
2015-09-11 11:12:59,266.2500,266.4000,265.8500,265.8500,35700
2015-09-11 11:13:00,266.1500,266.3500,265.8000,266.2000,69500
2015-09-11 11:14:59,266.1000,266.2000,265.8000,266.1500,65200
2015-09-11 11:15:59,266.2500,266.3500,266.1000,266.1000,45000
2015-09-11 11:16:59,266.1000,266.2500,266.0500,266.2500,16200
2015-09-11 11:17:00,266.0500,266.2000,266.0000,266.1500,18000
2015-09-11 11:18:59,266.0000,266.1000,266.0000,266.1000,40200
2015-09-11 11:19:01,265.9500,266.0500,265.8500,266.0500,34200
2015-09-11 11:20:01,265.9500,266.0500,265.8500,265.9500,24600
2015-09-11 11:21:00,265.9500,266.0000,265.9000,266.0000,12100
2015-09-11 11:22:02,266.0500,266.1000,265.9000,266.0000,14000
2015-09-11 11:23:01,266.1000,266.1000,266.0000,266.0500,9000
2015-09-11 11:24:02,265.9500,266.1000,265.9500,266.1000,19100
2015-09-11 11:25:01,266.0500,266.0500,265.9500,266.0500,23700
2015-09-11 11:26:00,266.0500,266.1000,266.0000,266.0500,18400
2015-09-11 11:27:00,266.1500,266.2000,266.0000,266.1000,16300
2015-09-11 11:28:03,266.1500,266.1500,266.0000,266.0000,15000
2015-09-11 11:29:01,266.0000,266.1500,265.9500,266.1000,19800
2015-09-11 11:30:59,265.9500,266.1000,265.6000,266.0000,40400
2015-09-11 11:31:01,265.7500,266.1500,265.7500,265.9000,24200
2015-09-11 11:32:59,265.5000,265.8000,265.2500,265.7500,45300
2015-09-11 11:33:57,264.6500,265.5500,264.4000,265.5000,138500
2015-09-11 11:34:01,264.8500,264.8500,264.4000,264.6000,33700
2015-09-11 11:35:59,265.2500,265.4000,264.7500,264.9000,34200
2015-09-11 11:36:59,265.2500,265.3500,265.0000,265.3500,17200
2015-09-11 11:37:59,265.1000,265.3000,265.1000,265.3000,22700
2015-09-11 11:38:59,265.2500,265.3000,265.1000,265.2500,19400
2015-09-11 11:39:59,265.2000,265.3000,265.2000,265.3000,28300
2015-09-11 11:40:58,265.2500,265.2500,265.0500,265.2000,20900
2015-09-11 11:41:01,265.5500,265.5500,265.2000,265.2500,13700
2015-09-11 11:42:59,265.5500,265.7000,265.5000,265.5500,19900
2015-09-11 11:43:00,265.6500,265.7500,265.4500,265.6000,7600
2015-09-11 11:44:00,265.6500,265.8000,265.5500,265.6500,16700
2015-09-11 11:45:04,265.8000,265.8000,265.6000,265.7000,7200
2015-09-11 11:46:59,265.8000,265.9000,265.7000,265.8000,11100
2015-09-11 11:47:59,265.6000,265.8000,265.5000,265.8000,16300
2015-09-11 11:48:59,265.5000,265.6500,265.5000,265.6500,29500
2015-09-11 11:49:59,265.3500,265.6500,265.3000,265.5000,25100
2015-09-11 11:50:59,265.5000,265.5000,265.3000,265.3500,17500
2015-09-11 11:51:00,265.5000,265.6000,265.3500,265.4500,9300
2015-09-11 11:52:59,265.6000,265.6000,265.3000,265.5500,14100
2015-09-11 11:53:59,265.8000,265.8000,265.5500,265.5500,9800
2015-09-11 11:54:59,265.6500,265.9500,265.6500,265.8000,22800
2015-09-11 11:55:59,265.8000,266.0000,265.6500,265.6500,22000
2015-09-11 11:56:59,265.8500,265.9500,265.7500,265.7500,13400
2015-09-11 11:57:59,265.9000,266.0000,265.7000,265.9000,19100
2015-09-11 11:58:59,266.0500,266.1000,265.7000,265.9000,38600
2015-09-11 11:59:59,265.9000,266.1000,265.8500,266.0500,36300
2015-09-11 12:00:59,266.0000,266.0500,265.7000,265.8500,45200
2015-09-11 12:01:59,266.0000,266.1000,265.8500,265.9500,29300
2015-09-11 12:02:59,265.9500,266.0500,265.8000,266.0500,21600
2015-09-11 12:03:59,266.0500,266.0500,265.6000,265.9500,45600
2015-09-11 12:04:59,266.1000,266.2000,266.0000,266.0500,18800
2015-09-11 12:05:59,266.1500,266.2500,266.0000,266.1500,32400
2015-09-11 12:06:59,266.1000,266.2500,266.0000,266.1000,30700
2015-09-11 12:07:59,266.0500,266.1000,265.9000,266.1000,116800
2015-09-11 12:08:59,266.0500,266.1500,266.0000,266.0000,62000
2015-09-11 12:09:59,266.0500,266.1000,266.0500,266.1000,11300
2015-09-11 12:10:59,265.8000,266.1000,265.7500,266.1000,35500
2015-09-11 12:11:59,265.9500,266.0000,265.7500,265.8000,16400
2015-09-11 12:12:59,266.3500,266.3500,265.9500,266.0000,20700
2015-09-11 12:13:59,266.4500,266.4500,266.3000,266.3000,20000
2015-09-11 12:14:59,266.3500,266.5000,266.3000,266.4000,28300
2015-09-11 12:15:59,266.6500,266.7500,266.4000,266.4000,41400
2015-09-11 12:16:59,266.8000,266.9000,266.6500,266.7000,47900
2015-09-11 12:17:59,266.7000,266.8000,266.4000,266.7000,33300
2015-09-11 12:18:59,266.7000,266.7000,266.3500,266.7000,31600
2015-09-11 12:19:59,266.8500,266.9000,266.3000,266.6500,89700
2015-09-11 12:20:00,266.5000,266.8000,266.3500,266.5500,60700
2015-09-11 12:21:59,266.5500,266.6000,266.4500,266.5000,31500
2015-09-11 12:22:00,266.5500,266.6500,266.4000,266.4500,8900
2015-09-11 12:23:59,266.5000,266.7000,266.4000,266.5000,16700
2015-09-11 12:24:59,266.6000,266.6000,266.4500,266.5000,9600
2015-09-11 12:25:59,266.7000,266.8000,266.5500,266.6000,10600
2015-09-11 12:26:59,267.0500,267.0500,266.6500,266.7000,43200
2015-09-11 12:27:59,267.4500,267.4500,267.0000,267.0000,30300
2015-09-11 12:28:59,267.3000,267.4500,267.2000,267.4500,25600
2015-09-11 12:29:59,267.4000,267.4000,267.2500,267.3000,11900
2015-09-11 12:30:59,267.8000,267.8500,267.3500,267.4000,71800
2015-09-11 12:31:59,267.2500,267.8000,267.1500,267.7000,28200
2015-09-11 12:32:00,266.8500,267.3000,266.6000,267.3000,30600
2015-09-11 12:33:59,266.6500,266.8000,266.5000,266.6500,38000
2015-09-11 12:34:59,266.7000,266.9000,266.5000,266.6500,37900
2015-09-11 12:35:00,266.4500,266.7000,266.4500,266.7000,36300
2015-09-11 12:36:59,266.6500,266.6500,266.4500,266.5000,26800
2015-09-11 12:37:59,266.5000,266.7000,266.1500,266.6500,47400
2015-09-11 12:38:00,266.5500,266.6500,266.4000,266.5500,28500
2015-09-11 12:39:01,266.5500,266.7500,266.3000,266.5000,53800
2015-09-11 12:40:59,266.6000,266.6500,266.5000,266.5500,12900
2015-09-11 12:41:59,266.9000,266.9500,266.5500,266.6000,16600
2015-09-11 12:42:59,266.9000,267.0500,266.6500,267.0000,24800
2015-09-11 12:43:59,266.9500,267.0000,266.7000,266.9000,17900
2015-09-11 12:44:00,266.5000,266.9500,266.5000,266.9500,23500
2015-09-11 12:45:56,266.5000,266.7000,266.5000,266.6000,19200
2015-09-11 12:46:59,266.9000,266.9000,266.5500,266.6000,25300
2015-09-11 12:47:59,267.1500,267.2000,266.9000,266.9000,25800
2015-09-11 12:48:00,267.2000,267.2000,267.1000,267.1500,21200
2015-09-11 12:49:01,267.2500,267.3000,267.1000,267.2000,11700
2015-09-11 12:50:05,267.1500,267.1500,267.1500,267.1500,0
2015-09-11 12:51:59,266.5500,266.9000,266.5500,266.8000,40100
2015-09-11 12:52:00,266.4000,266.6000,266.0000,266.6000,29400
2015-09-11 12:53:01,266.6500,266.6500,266.2500,266.4500,36500
2015-09-11 12:54:00,266.8000,267.3000,266.6500,266.6500,103900
2015-09-11 12:55:05,266.6000,266.8000,266.5000,266.5500,17800
2015-09-11 12:56:05,266.6500,266.7500,266.5000,266.7000,13900
2015-09-11 12:57:01,266.7500,266.9000,266.7500,266.8000,21000
2015-09-11 12:58:00,266.6000,266.8500,266.5500,266.7500,18800
2015-09-11 12:59:58,266.6500,266.6500,266.5500,266.6500,9100
2015-09-11 13:00:02,266.8000,266.8000,266.5500,266.6500,29400
2015-09-11 13:01:01,266.7500,266.9500,266.6500,266.7500,11800
2015-09-11 13:02:05,266.7500,266.8500,266.6500,266.7500,28200
2015-09-11 13:03:59,266.7000,266.7500,266.6000,266.7500,11400
2015-09-11 13:04:00,266.9000,266.9000,266.6000,266.6500,15200
2015-09-11 13:05:03,266.8500,267.0000,266.5500,266.8500,28700
2015-09-11 13:06:59,267.0500,267.0500,266.6500,266.8500,17500
2015-09-11 13:07:00,266.5500,267.1000,266.5500,267.0500,28600
2015-09-11 13:08:59,266.7500,266.8000,266.5000,266.6000,88600
2015-09-11 13:09:01,266.4000,266.7500,266.4000,266.7500,64300
2015-09-11 13:10:56,266.3000,266.6500,266.3000,266.4000,29000
2015-09-11 13:11:59,266.0000,266.5500,265.9500,266.3500,75400
2015-09-11 13:12:59,265.5000,266.0000,265.5000,265.9500,67200
2015-09-11 13:13:59,265.7000,265.8500,265.4000,265.6500,103600
2015-09-11 13:14:00,266.1500,266.3000,265.7000,265.7000,24800
2015-09-11 13:15:59,265.7000,266.2000,265.5000,266.1500,118800
2015-09-11 13:16:00,265.8500,266.1000,265.6000,265.7000,66800
2015-09-11 13:17:00,265.5000,265.8500,265.4000,265.8500,31800
2015-09-11 13:18:59,265.4000,265.5000,265.3000,265.5000,37700
2015-09-11 13:19:59,265.6500,265.6500,265.3000,265.3500,25300
2015-09-11 13:20:00,265.7500,265.8500,265.6000,265.6500,21800
2015-09-11 13:21:01,265.9000,265.9000,265.5000,265.5000,14400
2015-09-11 13:22:02,266.2500,266.2500,265.9000,266.0000,27100
2015-09-11 13:23:00,266.1500,266.3500,265.9500,266.2000,23600
2015-09-11 13:24:01,266.2500,266.2500,266.0500,266.1500,11000
2015-09-11 13:25:00,266.2500,266.4500,266.1000,266.2000,15200
2015-09-11 13:26:59,266.4500,266.4500,266.2000,266.2000,15400
2015-09-11 13:27:00,266.6000,266.8500,266.4000,266.4500,17900
2015-09-11 13:28:59,266.3500,266.7500,266.3500,266.6500,14300
2015-09-11 13:29:00,266.6000,266.6000,266.3000,266.5000,12200
2015-09-11 13:30:59,266.6000,266.7000,266.5500,266.7000,11400
2015-09-11 13:31:00,266.4000,266.8000,266.2000,266.7000,19900
2015-09-11 13:32:00,266.2000,266.4500,266.0500,266.4500,21200
2015-09-11 13:33:01,266.0000,266.4000,266.0000,266.3500,31700
2015-09-11 13:34:03,266.1000,266.2500,266.0000,266.0000,20900
2015-09-11 13:35:03,266.3000,266.3000,266.0000,266.0000,20000
2015-09-11 13:36:59,266.2000,266.3500,266.0000,266.2500,26300
2015-09-11 13:37:59,266.3000,266.3500,266.1000,266.2000,12800
2015-09-11 13:38:59,266.2500,266.4000,266.1000,266.3000,18800
2015-09-11 13:39:00,266.4500,266.4500,266.2500,266.3000,23000
2015-09-11 13:40:59,266.5000,266.5500,266.4000,266.4000,10400
2015-09-11 13:41:00,266.6500,266.7500,266.5000,266.5000,19200
2015-09-11 13:42:05,266.5500,266.7500,266.2500,266.5500,22500
2015-09-11 13:43:02,266.4000,266.7000,266.3000,266.5500,17200
2015-09-11 13:44:00,266.4000,266.5000,266.3000,266.4500,20300
2015-09-11 13:45:03,266.3000,266.4000,266.2500,266.4000,37300
2015-09-11 13:46:02,266.2500,266.3500,266.2500,266.3000,16200
2015-09-11 13:47:01,266.2500,266.3500,266.2000,266.3500,45800
2015-09-11 13:48:00,266.4000,266.4000,266.2500,266.3000,18900
2015-09-11 13:49:00,266.3500,266.4000,266.2500,266.3000,17600
2015-09-11 13:50:00,266.4000,266.4500,266.2500,266.2500,17600
2015-09-11 13:51:01,266.2000,266.4500,266.2000,266.3000,43300
2015-09-11 13:52:02,266.3500,266.4000,266.1500,266.1500,28400
2015-09-11 13:53:01,266.4500,266.4500,266.2500,266.3000,15100
2015-09-11 13:54:59,266.6000,266.7000,266.4000,266.4500,34800
2015-09-11 13:55:59,266.4000,266.7000,266.2500,266.7000,25000
2015-09-11 13:56:01,266.6000,266.6000,266.4000,266.4000,26700
2015-09-11 13:57:59,266.3500,266.6000,266.2500,266.5500,14000
2015-09-11 13:58:58,266.5000,266.5500,266.3500,266.3500,11700
2015-09-11 13:59:00,266.5000,266.5500,266.3000,266.5000,34200
2015-09-11 14:00:59,266.4000,266.5500,266.4000,266.4500,28000
2015-09-11 14:01:59,266.3000,266.4500,266.2000,266.4000,37100
2015-09-11 14:02:00,266.3000,266.4000,266.2500,266.3000,30400
2015-09-11 14:03:03,266.3500,266.3500,266.1500,266.3000,32100
2015-09-11 14:04:00,266.3500,266.4000,266.2000,266.2500,44300
2015-09-11 14:05:01,266.4000,266.5500,266.4000,266.4500,33800
2015-09-11 14:06:05,266.5000,266.5000,266.3000,266.5000,16900
2015-09-11 14:07:01,266.4000,266.5000,266.2000,266.5000,13000
2015-09-11 14:08:59,266.4500,266.5000,266.3000,266.4500,13000
2015-09-11 14:09:59,266.5000,266.5500,266.4000,266.4500,14900
2015-09-11 14:10:00,266.5500,266.6000,266.4000,266.5000,17500
2015-09-11 14:11:06,266.7000,266.7000,266.5000,266.5000,11800
2015-09-11 14:12:00,266.3000,266.7000,266.3000,266.7000,18600
2015-09-11 14:13:01,266.4000,266.5500,266.3000,266.5500,14600
2015-09-11 14:14:01,266.5000,266.6000,266.2500,266.4500,27700
2015-09-11 14:15:59,266.6500,266.8000,266.5500,266.6000,19900
2015-09-11 14:16:58,266.4500,266.7500,266.4500,266.6500,25900
2015-09-11 14:17:59,266.5000,266.6000,266.2500,266.6000,66600
2015-09-11 14:18:00,266.4000,266.4500,266.2500,266.4500,38700
2015-09-11 14:19:01,266.5000,266.6000,266.3500,266.4500,13100
2015-09-11 14:20:01,266.5000,266.7000,266.4000,266.6000,22400
2015-09-11 14:21:01,266.7000,266.7000,266.5000,266.6000,17200
2015-09-11 14:22:58,266.7500,266.7500,266.6000,266.7500,17400
2015-09-11 14:23:59,267.1000,267.1500,266.5500,266.6500,55200
2015-09-11 14:24:59,266.9000,267.3000,266.4000,267.1500,32400
2015-09-11 14:25:00,266.9000,267.0500,266.7500,266.9500,21400
2015-09-11 14:26:01,266.9000,267.0000,266.6000,267.0000,65800
2015-09-11 14:27:59,267.2000,267.2000,266.8000,266.9500,24500
2015-09-11 14:28:59,267.2000,267.2000,266.9500,267.2000,43600
2015-09-11 14:29:00,267.0000,267.2000,267.0000,267.2000,21400
2015-09-11 14:30:00,267.0500,267.1000,266.8000,267.0000,56100
2015-09-11 14:31:59,266.8000,267.0000,266.4000,267.0000,74700
2015-09-11 14:32:58,266.9000,267.0500,266.8000,266.8500,55700
2015-09-11 14:33:00,266.9500,267.0500,266.9000,266.9000,47400
2015-09-11 14:34:01,266.8500,266.9500,266.7500,266.8500,20600
2015-09-11 14:35:01,266.9000,266.9500,266.8500,266.9000,15100
2015-09-11 14:36:59,267.0500,267.0500,266.8000,266.9000,14900
2015-09-11 14:37:59,266.9000,267.1500,266.7000,267.0500,26000
2015-09-11 14:38:58,266.6500,266.9500,266.6000,266.8500,16100
2015-09-11 14:39:58,266.8000,266.9000,266.5500,266.7500,22700
2015-09-11 14:40:00,266.8000,266.8000,266.6000,266.7500,17700
2015-09-11 14:41:00,266.9000,266.9000,266.7500,266.8000,28100
2015-09-11 14:42:59,266.9500,267.0000,266.8000,266.8500,25800
2015-09-11 14:43:59,267.0000,267.1000,266.9000,266.9500,29800
2015-09-11 14:44:59,266.9500,267.1000,266.8500,267.0500,45700
2015-09-11 14:45:00,266.8500,266.9500,266.8000,266.9500,40100
2015-09-11 14:46:00,267.0000,267.0000,266.8000,266.8000,26700
2015-09-11 14:47:01,267.0000,267.1000,266.9500,267.0000,26400
2015-09-11 14:48:00,266.9000,267.0000,266.7500,266.9500,38800
2015-09-11 14:49:59,266.9000,267.1000,266.8500,266.9000,27800
2015-09-11 14:50:00,266.9500,266.9500,266.7500,266.8500,27900
2015-09-11 14:51:01,266.9500,267.0000,266.8500,266.9500,11700
2015-09-11 14:52:00,267.0000,267.0000,266.9000,266.9000,15000
2015-09-11 14:53:01,267.1000,267.1000,266.8000,266.9500,34300
2015-09-11 14:54:00,266.9000,267.1500,266.8000,267.1000,20300
2015-09-11 14:55:01,267.0500,267.0500,266.9000,267.0000,10900
2015-09-11 14:56:59,267.8000,267.8500,267.0500,267.0500,85900
2015-09-11 14:57:59,269.0000,269.0000,267.7500,267.8000,179600
2015-09-11 14:58:59,268.9000,269.0500,268.7000,268.8000,87600
2015-09-11 14:59:59,269.5500,269.8500,268.9500,268.9500,110900
2015-09-11 15:00:59,269.0000,269.8000,269.0000,269.5000,131800
2015-09-11 15:01:59,268.7000,269.0000,268.5500,269.0000,83400
2015-09-11 15:02:59,268.3500,268.7000,268.2000,268.6500,63200
2015-09-11 15:03:59,268.7500,268.7500,268.5000,268.5000,58200
2015-09-11 15:04:59,268.5000,268.7500,268.4500,268.7000,43800
2015-09-11 15:05:59,268.7500,268.7500,268.5000,268.5500,39500
2015-09-11 15:06:58,268.5500,268.8500,268.5500,268.7000,47600
2015-09-11 15:07:59,268.5000,268.7500,268.5000,268.6000,91800
2015-09-11 15:08:59,268.2500,268.5500,268.2000,268.5500,106100
2015-09-11 15:09:00,267.6500,268.2500,267.6500,268.2000,107300
2015-09-11 15:10:56,267.3000,267.7500,267.1500,267.7000,36000
2015-09-11 15:11:00,267.3500,267.4000,267.0000,267.1500,75100
2015-09-11 15:12:59,267.0500,267.5000,267.0000,267.3500,68300
2015-09-11 15:13:59,266.9000,267.2500,266.7000,267.1500,145300
2015-09-11 15:14:58,266.7000,266.9000,266.6000,266.8000,96800
2015-09-11 15:15:59,266.8000,266.9500,266.5500,266.6500,134100
2015-09-11 15:16:59,266.8000,267.1000,266.5500,266.8000,84700
2015-09-11 15:17:59,266.8000,266.9000,266.5500,266.8000,108600
2015-09-11 15:18:59,267.1500,267.3000,266.7000,266.9500,47000
2015-09-11 15:19:59,266.9500,267.1000,266.8000,267.0500,39700
2015-09-11 15:20:59,266.8500,267.1000,266.7000,266.9500,29700
2015-09-11 15:21:59,266.8500,267.0000,266.6000,266.8500,65200
2015-09-11 15:22:00,267.0000,267.0500,266.8000,266.8000,54200
2015-09-11 15:23:00,267.0000,267.0500,267.0000,267.0000,38600
2015-09-11 15:24:01,266.7000,267.0500,266.7000,267.0500,53700
2015-09-11 15:25:59,266.6000,266.9000,266.5500,266.8500,38200
2015-09-11 15:26:59,266.7500,266.9000,266.6000,266.6000,36800
2015-09-11 15:27:00,266.8000,266.9000,266.7000,266.7500,43800
2015-09-11 15:28:59,266.7500,266.8500,266.7500,266.8000,43100
2015-09-11 15:29:59,267.5500,267.5500,266.7500,266.8000,51100
2015-09-11 15:30:00,266.8000,266.8000,266.8000,266.8000,0
2015-09-14 09:15:59,264.0000,265.8500,263.1500,265.8500,159200
2015-09-14 09:16:59,264.5500,264.7000,263.9000,263.9000,106400
2015-09-14 09:17:59,264.7000,264.9000,264.4500,264.5000,68200
2015-09-14 09:18:59,263.6500,264.8000,263.5000,264.8000,78500
2015-09-14 09:19:59,264.3500,264.4000,263.5500,263.7000,40900
2015-09-14 09:20:00,264.8500,264.8500,264.3000,264.3500,40300
2015-09-14 09:21:00,264.9500,265.0000,264.5000,264.8000,72100
2015-09-14 09:22:59,265.1500,265.2000,264.6000,264.9000,68700
2015-09-14 09:23:58,265.4000,265.5500,265.2000,265.2000,40400
2015-09-14 09:24:59,266.0500,266.2500,265.4500,265.5500,44500
2015-09-14 09:25:59,266.1000,266.2000,265.9000,266.0000,29700
2015-09-14 09:26:00,265.9000,266.1500,265.9000,266.1500,49100
2015-09-14 09:27:59,265.5000,265.8000,265.3000,265.8000,27000
2015-09-14 09:28:00,264.8500,265.5000,264.8500,265.4500,46400
2015-09-14 09:29:54,265.0500,265.2000,264.8500,264.8500,27400
2015-09-14 09:30:02,265.5000,265.5000,265.0500,265.0500,11000
2015-09-14 09:31:59,265.2000,265.5000,265.0000,265.5000,22100
2015-09-14 09:32:00,264.9000,265.1500,264.8000,265.1000,22400
2015-09-14 09:33:01,264.3000,265.0000,264.1500,264.9000,56000
2015-09-14 09:34:59,264.7000,264.7500,264.2500,264.3500,17000
2015-09-14 09:35:59,264.6500,264.9000,264.6500,264.6500,20300
2015-09-14 09:36:00,264.7500,264.8000,264.4500,264.5000,28300
2015-09-14 09:37:01,264.7000,264.9000,264.6500,264.9000,15300
2015-09-14 09:38:00,264.9000,264.9000,264.7000,264.7000,9300
2015-09-14 09:39:59,264.6500,264.8000,264.6000,264.8000,20300
2015-09-14 09:40:59,264.8500,264.9000,264.6000,264.6500,43400
2015-09-14 09:41:59,264.8000,264.8500,264.8000,264.8500,17100
2015-09-14 09:42:59,264.9500,264.9500,264.8000,264.8500,29200
2015-09-14 09:43:00,264.9000,265.0000,264.8000,264.9500,38700
2015-09-14 09:44:00,264.8000,265.2000,264.6500,264.9500,58800
2015-09-14 09:45:59,265.0000,265.1500,264.7000,264.8000,31300
2015-09-14 09:46:00,265.2000,265.2000,264.8000,265.0500,50800
2015-09-14 09:47:59,265.2500,265.4500,265.0000,265.1500,52100
2015-09-14 09:48:59,265.4000,265.5000,265.0500,265.4500,30600
2015-09-14 09:49:59,265.4000,265.5500,265.4000,265.4500,29100
2015-09-14 09:50:00,265.7000,265.7000,265.2500,265.4000,18400
2015-09-14 09:51:59,265.7000,265.8000,265.5500,265.6500,16600
2015-09-14 09:52:00,265.8500,265.9000,265.7000,265.7500,22800
2015-09-14 09:53:59,265.8000,266.1500,265.8000,265.8000,39800
2015-09-14 09:54:00,265.7500,265.9500,265.6500,265.9000,23900
2015-09-14 09:55:01,265.5000,265.8000,265.4000,265.6500,24200
2015-09-14 09:56:59,265.4000,265.6500,265.4000,265.5000,14500
2015-09-14 09:57:00,265.5000,265.5500,265.4000,265.5000,9100
2015-09-14 09:58:01,265.3500,265.5000,265.3500,265.3500,12400
2015-09-14 09:59:03,265.3000,265.5000,265.2500,265.5000,12200
2015-09-14 10:00:59,265.5000,265.5000,265.2000,265.2000,7700
2015-09-14 10:01:59,265.7000,265.7000,265.4000,265.5000,10500
2015-09-14 10:02:00,266.0000,266.0000,265.5500,265.5500,20200
2015-09-14 10:03:01,266.0000,266.0500,265.7500,266.0000,17200
2015-09-14 10:04:00,266.0000,266.1000,265.8500,266.0000,15200
2015-09-14 10:05:59,266.2000,266.2000,265.9000,265.9000,16600
2015-09-14 10:06:59,266.1500,266.2000,266.0000,266.2000,25800
2015-09-14 10:07:58,266.3000,266.4500,266.1000,266.1500,45700
2015-09-14 10:08:59,266.2500,266.5000,266.2000,266.3000,32800
2015-09-14 10:09:01,266.3500,266.3500,266.2000,266.2000,15500
2015-09-14 10:10:00,266.3500,266.4000,266.2500,266.3000,22100
2015-09-14 10:11:02,266.3000,266.4000,266.3000,266.3500,8500
2015-09-14 10:12:59,266.3000,266.4000,266.2000,266.4000,26200
2015-09-14 10:13:00,266.3000,266.3500,266.1500,266.3500,20000
2015-09-14 10:14:59,266.0000,266.3500,266.0000,266.3000,13600
2015-09-14 10:15:59,265.8000,266.1000,265.7000,266.1000,19700
2015-09-14 10:16:59,265.9000,265.9500,265.7000,265.8000,15300
2015-09-14 10:17:59,265.9500,266.1000,265.8500,266.0000,12400
2015-09-14 10:18:59,266.3000,266.4500,266.0000,266.0000,48100
2015-09-14 10:19:59,266.6000,266.8000,266.2500,266.3500,52200
2015-09-14 10:20:59,267.2500,267.2500,266.6500,266.7500,63500
2015-09-14 10:21:59,266.9500,267.4000,266.8500,267.3500,55100
2015-09-14 10:22:59,267.1500,267.2500,266.9000,266.9000,25600
2015-09-14 10:23:59,267.1000,267.2500,266.8500,267.1000,49500
2015-09-14 10:24:01,267.1500,267.1500,266.9000,267.1000,17200
2015-09-14 10:25:59,267.0000,267.4000,266.9500,267.1500,35800
2015-09-14 10:26:59,267.1000,267.1500,266.9000,266.9500,21500
2015-09-14 10:27:59,266.9000,267.0500,266.8500,267.0000,21800
2015-09-14 10:28:59,266.9000,267.2000,266.8500,266.8500,20300
2015-09-14 10:29:00,266.9500,267.1500,266.9000,266.9500,17800
2015-09-14 10:30:00,267.1000,267.2000,266.9500,267.0000,30400
2015-09-14 10:31:59,267.1000,267.2000,267.0000,267.1000,6600
2015-09-14 10:32:00,267.2500,267.2500,267.1000,267.1000,11400
2015-09-14 10:33:59,267.7000,267.7000,267.2000,267.2500,41100
2015-09-14 10:34:59,267.6500,267.9000,267.6000,267.7000,59600
2015-09-14 10:35:59,267.6500,267.7500,267.5000,267.7500,23100
2015-09-14 10:36:59,267.6000,267.7000,267.4500,267.5000,17600
2015-09-14 10:37:00,267.8000,267.8000,267.5000,267.6000,16400
2015-09-14 10:38:01,267.8000,267.8500,267.6500,267.8000,26300
2015-09-14 10:39:00,267.8000,267.9000,267.6500,267.8000,13300
2015-09-14 10:40:59,267.9500,267.9500,267.7000,267.9000,28800
2015-09-14 10:41:59,268.3500,268.5000,267.9000,267.9500,69100
2015-09-14 10:42:00,268.4000,268.6500,268.3000,268.4000,43700
2015-09-14 10:43:59,268.3500,268.4500,268.3500,268.4500,37200
2015-09-14 10:44:00,268.5000,268.5500,268.2500,268.3500,41100
2015-09-14 10:45:59,268.6000,268.7000,268.4500,268.4500,38400
2015-09-14 10:46:58,268.3500,268.7000,268.3500,268.6500,35800
2015-09-14 10:47:58,268.4000,268.4500,268.2500,268.3500,19100
2015-09-14 10:48:59,268.5500,268.6500,268.3500,268.5000,36500
2015-09-14 10:49:59,268.5000,268.5500,268.4500,268.5500,22200
2015-09-14 10:50:00,268.7500,268.7500,268.5000,268.5500,17900
2015-09-14 10:51:00,268.9000,268.9500,268.6500,268.7000,41300
2015-09-14 10:52:00,268.9000,269.0500,268.8500,268.9000,45000
2015-09-14 10:53:59,269.1000,269.1500,268.8500,269.0000,31500
2015-09-14 10:54:59,268.8500,269.1000,268.8000,269.0000,30900
2015-09-14 10:55:00,269.0000,269.0000,268.8500,268.8500,21800
2015-09-14 10:56:59,269.1000,269.2000,269.0000,269.0000,15400
2015-09-14 10:57:00,269.0000,269.1500,268.9000,269.1000,9900
2015-09-14 10:58:59,269.1000,269.1000,268.9500,268.9500,18700
2015-09-14 10:59:00,269.1000,269.2000,269.0000,269.0000,14300
2015-09-14 11:00:00,269.2500,269.3000,269.1000,269.1000,8900
2015-09-14 11:01:01,269.1000,269.3000,269.1000,269.1000,15600
2015-09-14 11:02:59,269.0000,269.2000,268.9500,269.2000,19100
2015-09-14 11:03:59,269.0000,269.0500,268.9000,269.0000,18800
2015-09-14 11:04:59,268.9000,269.0500,268.9000,269.0500,15400
2015-09-14 11:05:00,268.5000,268.9500,268.5000,268.9000,26100
2015-09-14 11:06:01,268.1000,268.5500,268.1000,268.5000,30800
2015-09-14 11:07:00,268.0000,268.2000,267.9500,268.0000,48900
2015-09-14 11:08:59,268.0500,268.1500,268.0000,268.1000,22000
2015-09-14 11:09:59,268.2500,268.2500,268.0500,268.1000,8300
2015-09-14 11:10:00,268.2500,268.4000,268.2000,268.3000,6800
2015-09-14 11:11:59,268.3500,268.5000,268.2500,268.2500,5900
2015-09-14 11:12:00,268.3500,268.5000,268.2500,268.3000,10900
2015-09-14 11:13:00,268.5500,268.6000,268.3500,268.3500,5900
2015-09-14 11:14:01,268.6000,268.8000,268.4500,268.6000,16800
2015-09-14 11:15:01,268.6000,268.8000,268.5500,268.8000,5800
2015-09-14 11:16:59,268.6500,268.8000,268.6000,268.7000,5300
2015-09-14 11:17:00,268.7500,268.7500,268.6000,268.6500,6000
2015-09-14 11:18:01,268.6000,268.8500,268.6000,268.7000,15000
2015-09-14 11:19:02,268.7000,268.7500,268.6000,268.6000,5600
2015-09-14 11:20:00,268.9500,269.0000,268.6000,268.7000,27400
2015-09-14 11:21:01,268.9000,269.0000,268.7000,269.0000,17100
2015-09-14 11:22:00,268.9000,269.1000,268.8500,268.9500,37700
2015-09-14 11:23:00,269.0000,269.0000,268.8500,268.9500,11700
2015-09-14 11:24:00,269.0000,269.0500,268.9000,269.0000,23800
2015-09-14 11:25:02,268.9500,269.0500,268.9000,269.0000,27400
2015-09-14 11:26:59,269.0500,269.0500,268.9000,269.0000,25800
2015-09-14 11:27:00,268.9000,269.0500,268.9000,269.0500,41500
2015-09-14 11:28:59,268.9000,269.0000,268.8500,268.9000,30700
2015-09-14 11:29:59,268.9500,269.0500,268.8500,268.9000,37300
2015-09-14 11:30:59,268.7000,268.9500,268.6500,268.9000,30400
2015-09-14 11:31:00,268.8000,268.8000,268.6500,268.7500,15900
2015-09-14 11:32:59,268.8000,268.9000,268.8000,268.8000,12500
2015-09-14 11:33:00,269.0500,269.0500,268.7500,268.8000,24900
2015-09-14 11:34:59,268.9000,269.0500,268.8000,269.0000,20900
2015-09-14 11:35:59,269.1000,269.1500,268.9000,268.9000,29000
2015-09-14 11:36:00,269.0500,269.1500,269.0000,269.1000,22700
2015-09-14 11:37:00,269.2000,269.2000,269.0500,269.0500,23900
2015-09-14 11:38:00,269.0500,269.2500,269.0500,269.2500,19700
2015-09-14 11:39:59,269.0500,269.1000,269.0000,269.1000,20900
2015-09-14 11:40:58,269.0000,269.1500,269.0000,269.0500,27600
2015-09-14 11:41:59,268.8000,269.0000,268.8000,269.0000,53600
2015-09-14 11:42:00,268.8000,268.8500,268.6500,268.8000,46700
2015-09-14 11:43:59,269.0000,269.0000,268.7500,268.7500,9800
2015-09-14 11:44:59,268.9000,269.0500,268.9000,269.0000,27600
2015-09-14 11:45:59,268.9500,269.0500,268.9000,268.9000,25300
2015-09-14 11:46:59,268.9500,269.0500,268.9500,268.9500,16100
2015-09-14 11:47:59,269.0000,269.1000,268.9500,269.0000,15200
2015-09-14 11:48:58,269.0000,269.1000,269.0000,269.0000,12900
2015-09-14 11:49:00,269.0000,269.0500,269.0000,269.0000,21800
2015-09-14 11:50:59,268.9000,269.0500,268.9000,269.0000,18500
2015-09-14 11:51:59,268.8500,269.0000,268.8500,268.9000,34300
2015-09-14 11:52:59,268.9000,269.0500,268.8500,268.8500,30700
2015-09-14 11:53:59,268.9500,269.0000,268.9000,268.9000,14500
2015-09-14 11:54:59,269.0000,269.0000,268.9000,268.9500,19700
2015-09-14 11:55:59,269.4000,269.5000,268.9000,269.0000,71500
2015-09-14 11:56:59,269.4000,269.5000,269.2000,269.5000,35500
2015-09-14 11:57:00,269.2000,269.5000,269.1000,269.4000,25900
2015-09-14 11:58:59,269.2000,269.3000,269.1500,269.2000,9600
2015-09-14 11:59:59,269.1000,269.3000,269.1000,269.2000,15500
2015-09-14 12:00:59,269.1000,269.4000,269.1000,269.1000,12100
2015-09-14 12:01:59,269.2500,269.3000,269.0500,269.2000,6400
2015-09-14 12:02:59,269.5000,269.5000,269.2500,269.2500,19700
2015-09-14 12:03:59,269.4500,269.8500,269.4000,269.5000,85100
2015-09-14 12:04:00,269.4500,269.6000,269.2500,269.3500,50800
2015-09-14 12:05:59,269.5000,269.6000,269.4500,269.4500,8600
2015-09-14 12:06:00,269.6500,269.7500,269.5000,269.5000,17100
2015-09-14 12:07:59,269.7000,269.7500,269.5000,269.7500,22400
2015-09-14 12:08:00,269.5000,269.7500,269.4500,269.7500,17100
2015-09-14 12:09:59,269.4500,269.5500,269.3500,269.5000,45900
2015-09-14 12:10:00,269.2500,269.5500,269.2500,269.4500,38900
2015-09-14 12:11:59,268.5500,269.3000,268.5500,269.2500,72800
2015-09-14 12:12:00,268.6500,268.8000,268.5500,268.5500,9500
2015-09-14 12:13:01,268.7500,268.8500,268.6000,268.6500,13800
2015-09-14 12:14:00,268.6000,268.7500,268.5500,268.6000,20600
2015-09-14 12:15:00,268.6500,268.7500,268.6000,268.7500,6200
2015-09-14 12:16:59,268.6000,268.7500,268.6000,268.6500,12300
2015-09-14 12:17:00,268.6000,268.7000,268.5500,268.7000,7000
2015-09-14 12:18:59,268.2000,268.6500,268.0000,268.6000,55000
2015-09-14 12:19:00,268.0000,268.3000,267.9500,268.2500,76800
2015-09-14 12:20:59,268.5500,268.7000,268.0000,268.0000,12400
2015-09-14 12:21:00,268.9500,269.0000,268.6000,268.6000,19300
2015-09-14 12:22:59,268.9000,269.0000,268.9000,268.9500,8600
2015-09-14 12:23:00,269.2000,269.2000,268.9500,268.9500,12500
2015-09-14 12:24:00,269.2000,269.3000,269.1000,269.1000,8700
2015-09-14 12:25:00,269.1500,269.3000,269.1000,269.2000,5000
2015-09-14 12:26:00,269.3000,269.4000,269.1500,269.1500,12100
2015-09-14 12:27:59,269.2500,269.5000,269.2500,269.3000,39800
2015-09-14 12:28:59,269.4000,269.4500,269.0500,269.4000,93900
2015-09-14 12:29:59,269.5000,269.5000,269.3500,269.3500,24700
2015-09-14 12:30:58,269.3500,269.6000,269.3500,269.5000,30600
2015-09-14 12:31:00,269.4000,269.5000,269.3500,269.3500,16200
2015-09-14 12:32:01,269.3000,269.5500,269.3000,269.4000,10900
2015-09-14 12:33:00,269.3500,269.5000,269.2500,269.3000,8300
2015-09-14 12:34:00,269.0500,269.4000,269.0500,269.3500,13400
2015-09-14 12:35:01,269.0000,269.2000,269.0000,269.0500,16500
2015-09-14 12:36:01,269.0500,269.2000,269.0000,269.0000,10200
2015-09-14 12:37:01,269.0500,269.2000,269.0000,269.0000,12400
2015-09-14 12:38:00,269.0500,269.1000,269.0500,269.0500,6700
2015-09-14 12:39:59,269.1000,269.2000,269.0500,269.0500,14000
2015-09-14 12:40:00,269.1500,269.2500,269.0500,269.1000,11500
2015-09-14 12:41:01,269.2500,269.3000,269.1000,269.2000,6800
2015-09-14 12:42:01,269.3000,269.3500,269.1500,269.3000,8400
2015-09-14 12:43:02,269.5000,269.6000,269.3000,269.3000,8800
2015-09-14 12:44:59,269.5000,269.6000,269.4000,269.5000,15200
2015-09-14 12:45:00,269.4000,269.5500,269.4000,269.5000,12300
2015-09-14 12:46:01,269.3500,269.5000,269.2500,269.3000,12700
2015-09-14 12:47:59,269.3500,269.4000,269.3000,269.3500,8800
2015-09-14 12:48:01,269.4000,269.4500,269.3000,269.3000,8500
2015-09-14 12:49:59,270.2500,270.4000,269.4000,269.4000,115400
2015-09-14 12:50:59,270.8000,270.8000,270.0500,270.2000,66300
2015-09-14 12:51:59,270.9000,271.7500,270.7500,270.8000,140700
2015-09-14 12:52:00,270.7500,271.0000,270.6000,271.0000,14000
2015-09-14 12:53:01,270.4500,270.7500,270.2000,270.6500,36300
2015-09-14 12:54:59,271.1000,271.3500,270.3500,270.5500,37300
2015-09-14 12:55:59,271.1500,271.8000,271.0000,271.1000,86500
2015-09-14 12:56:59,271.1000,271.4500,271.0000,271.1500,18900
2015-09-14 12:57:59,271.1000,271.5000,271.0000,271.1000,93300
2015-09-14 12:58:59,271.1500,271.4500,271.0000,271.0000,11200
2015-09-14 12:59:59,271.0000,271.2000,271.0000,271.1500,40400
2015-09-14 13:00:59,271.1500,271.1500,270.8000,271.0500,19700
2015-09-14 13:01:59,271.0500,271.2500,270.9000,271.2500,25900
2015-09-14 13:02:00,271.0000,271.0000,270.9000,271.0000,25500
2015-09-14 13:03:59,271.2000,271.2000,270.9000,270.9000,27400
2015-09-14 13:04:59,271.0000,271.4500,271.0000,271.2000,25300
2015-09-14 13:05:59,271.3000,271.3000,271.0000,271.0000,14400
2015-09-14 13:06:59,271.2500,271.3500,271.0500,271.1500,16700
2015-09-14 13:07:00,270.9500,271.2000,270.8500,271.2000,14900
2015-09-14 13:08:01,270.9500,270.9500,270.8000,270.8500,16300
2015-09-14 13:09:01,270.7000,270.9500,270.7000,270.8000,13600
2015-09-14 13:10:59,271.2500,271.2500,270.7000,270.7000,25300
2015-09-14 13:11:59,271.1000,271.2000,270.9500,271.2000,27900
2015-09-14 13:12:59,271.2500,271.2500,271.1000,271.1000,9500
2015-09-14 13:13:59,271.3500,271.3500,271.1500,271.2500,12700
2015-09-14 13:14:58,271.8500,271.9000,271.3000,271.3500,62400
2015-09-14 13:15:00,272.1500,272.2500,271.7500,271.8500,90900
2015-09-14 13:16:59,272.3000,272.5500,272.0500,272.1000,88800
2015-09-14 13:17:59,272.1000,272.3000,272.0500,272.2500,31100
2015-09-14 13:18:59,272.0500,272.1500,271.9000,272.1000,23500
2015-09-14 13:19:59,271.9500,272.1000,271.9500,272.0500,12800
2015-09-14 13:20:59,271.8000,272.1000,271.7000,271.9500,31000
2015-09-14 13:21:59,271.8000,271.8500,271.7500,271.8000,8200
2015-09-14 13:22:59,271.9000,271.9500,271.7500,271.7500,8500
2015-09-14 13:23:00,271.9500,271.9500,271.7500,271.8500,8800
2015-09-14 13:24:59,272.0000,272.0000,271.8500,271.8500,12800
2015-09-14 13:25:59,272.2000,272.2000,271.8500,271.9000,35100
2015-09-14 13:26:59,272.1500,272.5000,272.1000,272.1000,33300
2015-09-14 13:27:59,272.3000,272.3000,272.0500,272.1500,28200
2015-09-14 13:28:00,272.2000,272.3000,272.0500,272.1500,16600
2015-09-14 13:29:59,272.1500,272.2000,272.0000,272.1500,13100
2015-09-14 13:30:59,272.0000,272.2000,272.0000,272.0000,13900
2015-09-14 13:31:00,272.0000,272.1000,271.9500,272.0000,8200
2015-09-14 13:32:59,272.0000,272.1500,271.9500,271.9500,8200
2015-09-14 13:33:59,272.0500,272.1000,271.9000,272.0000,9900
2015-09-14 13:34:59,272.1000,272.1000,272.0000,272.0500,13100
2015-09-14 13:35:59,272.0000,272.1000,271.8500,272.0000,51400
2015-09-14 13:36:00,272.1000,272.1000,272.0000,272.0000,32500
2015-09-14 13:37:59,272.0000,272.1000,272.0000,272.0500,25300
2015-09-14 13:38:58,271.9000,272.0500,271.9000,272.0000,38800
2015-09-14 13:39:00,272.0500,272.1500,271.9000,271.9000,25700
2015-09-14 13:40:02,272.1000,272.1500,272.0000,272.0500,27700
2015-09-14 13:41:58,271.9500,272.0500,271.9000,272.0000,14900
2015-09-14 13:42:59,272.0000,272.0000,271.9500,272.0000,17300
2015-09-14 13:43:59,272.0500,272.0500,272.0000,272.0000,16500
2015-09-14 13:44:59,272.1000,272.1500,272.0500,272.1500,11800
2015-09-14 13:45:00,272.1500,272.1500,272.0000,272.1500,12900
2015-09-14 13:46:01,272.1000,272.1500,272.0000,272.1000,15400
2015-09-14 13:47:01,272.0000,272.0000,271.6000,272.0000,69700
2015-09-14 13:48:59,272.0500,272.0500,271.8000,271.8000,18100
2015-09-14 13:49:59,272.0000,272.0500,272.0000,272.0000,14200
2015-09-14 13:50:59,271.8000,272.0500,271.8000,272.0000,10000
2015-09-14 13:51:59,271.9000,272.0000,271.7000,271.9000,9700
2015-09-14 13:52:00,271.9000,271.9000,271.5500,271.7000,7100
2015-09-14 13:53:01,271.5000,271.9000,271.2500,271.7500,30800
2015-09-14 13:54:01,271.0000,271.5000,270.9000,271.5000,64500
2015-09-14 13:55:59,270.9000,271.0000,270.7000,270.9000,26200
2015-09-14 13:56:59,271.0000,271.0000,270.8500,271.0000,33000
2015-09-14 13:57:00,271.2000,271.2500,271.0000,271.2500,22000
2015-09-14 13:58:59,271.2000,271.2000,271.0500,271.1500,7500
2015-09-14 13:59:01,271.2500,271.3500,271.1000,271.2000,8100
2015-09-14 14:00:59,271.1000,271.2000,271.0500,271.1000,6600
2015-09-14 14:01:00,271.1000,271.2000,271.0500,271.1000,3600
2015-09-14 14:02:01,271.6500,271.6500,271.1000,271.1000,14100
2015-09-14 14:03:59,271.4000,271.6500,271.2500,271.5500,11300
2015-09-14 14:04:00,271.4500,271.4500,271.3000,271.3000,5100
2015-09-14 14:05:02,271.4000,271.4500,271.3000,271.3000,5400
2015-09-14 14:06:59,271.4000,271.4500,271.3500,271.3500,4800
2015-09-14 14:07:00,271.4000,271.4500,271.3500,271.4000,4100
2015-09-14 14:08:59,271.9500,272.0500,271.4000,271.4000,28700
2015-09-14 14:09:59,271.9500,272.0500,271.8500,271.9500,28800
2015-09-14 14:10:01,271.7500,271.9500,271.6000,271.9000,9400
2015-09-14 14:11:59,271.2500,271.7500,271.2500,271.6000,8500
2015-09-14 14:12:59,271.1500,271.3500,271.0500,271.2500,7600
2015-09-14 14:13:59,271.0500,271.3000,271.0000,271.1500,11500
2015-09-14 14:14:59,271.2500,271.2500,271.0000,271.1000,11600
2015-09-14 14:15:59,271.0500,271.2500,270.9500,271.1500,22400
2015-09-14 14:16:00,271.1000,271.1000,270.9000,270.9000,8200
2015-09-14 14:17:01,271.0500,271.4000,270.9500,271.1000,21900
2015-09-14 14:18:59,271.2500,271.3000,271.0500,271.0500,3500
2015-09-14 14:19:59,271.3000,271.3000,271.1500,271.3000,11900
2015-09-14 14:20:58,271.2000,271.5000,271.2000,271.2500,10000
2015-09-14 14:21:59,271.4000,271.5000,271.2000,271.3000,4900
2015-09-14 14:22:59,271.3000,271.4500,271.2500,271.4500,2900
2015-09-14 14:23:58,271.4500,271.4500,271.3000,271.4000,4900
2015-09-14 14:24:59,271.6500,271.7000,271.3000,271.4000,7600
2015-09-14 14:25:01,271.5000,271.7000,271.5000,271.6000,4400
2015-09-14 14:26:59,271.6000,271.6500,271.5000,271.5000,6500
2015-09-14 14:27:00,271.6000,271.6500,271.5000,271.5000,8200
2015-09-14 14:28:59,271.7000,271.7000,271.5000,271.6500,6900
2015-09-14 14:29:59,271.6000,271.7000,271.5000,271.6500,4700
2015-09-14 14:30:59,271.6500,271.7000,271.5000,271.6000,5300
2015-09-14 14:31:59,271.6000,271.6500,271.5000,271.5000,8300
2015-09-14 14:32:59,271.6000,271.7000,271.5500,271.6000,7800
2015-09-14 14:33:59,271.7500,271.9000,271.5500,271.7000,16500
2015-09-14 14:34:00,272.2500,272.2500,271.6500,271.7500,29300
2015-09-14 14:35:59,271.9500,272.2500,271.9000,272.1500,17400
2015-09-14 14:36:59,272.3000,272.3000,271.9500,272.0000,22500
2015-09-14 14:37:59,272.6000,272.8500,272.2500,272.2500,49000
2015-09-14 14:38:59,272.9000,272.9000,272.3500,272.7000,58800
2015-09-14 14:39:59,272.6500,273.2000,272.4500,272.9000,72500
2015-09-14 14:40:59,272.2500,272.7500,272.0500,272.7500,30000
2015-09-14 14:41:59,272.0000,272.4500,272.0000,272.1500,22300
2015-09-14 14:42:59,272.0000,272.1000,271.9000,272.1000,26500
2015-09-14 14:43:59,272.1000,272.1500,272.0000,272.0000,17400
2015-09-14 14:44:59,272.0500,272.2500,272.0000,272.1500,25000
2015-09-14 14:45:59,272.1500,272.4000,272.0000,272.0500,35100
2015-09-14 14:46:59,272.5000,272.5500,272.1000,272.1000,50800
2015-09-14 14:47:59,272.1000,272.5000,272.0000,272.3500,22900
2015-09-14 14:48:59,271.9500,272.3000,271.9000,272.1000,33000
2015-09-14 14:49:00,271.9500,272.2000,271.9500,272.0000,18500
2015-09-14 14:50:59,271.7500,272.1500,271.5500,272.1000,41500
2015-09-14 14:51:00,272.1000,272.2000,271.7000,271.8000,31000
2015-09-14 14:52:59,272.2500,272.3000,271.9500,272.1000,44900
2015-09-14 14:53:59,272.3500,272.5500,272.0000,272.2500,72600
2015-09-14 14:54:59,272.4000,272.5500,272.2500,272.3000,27200
2015-09-14 14:55:59,272.3500,272.5000,272.2000,272.5000,56000
2015-09-14 14:56:59,272.3500,272.5000,272.3000,272.4500,26900
2015-09-14 14:57:00,272.5000,272.5000,272.3500,272.3500,61600
2015-09-14 14:58:58,272.6000,272.7000,272.5000,272.5000,68000
2015-09-14 14:59:59,272.7000,272.8000,272.6000,272.6000,36000
2015-09-14 15:00:59,272.6000,272.7000,272.5000,272.6500,64400
2015-09-14 15:01:00,272.8500,273.0000,272.7500,272.7500,40200
2015-09-14 15:02:00,272.9500,273.1500,272.8500,272.8500,72200
2015-09-14 15:03:00,273.0000,273.3000,273.0000,273.1500,61600
2015-09-14 15:04:59,272.8000,273.0500,272.7000,272.9000,108800
2015-09-14 15:05:59,272.7500,273.0500,272.7000,272.8000,80700
2015-09-14 15:06:00,272.7000,272.9500,272.6000,272.7000,50100
2015-09-14 15:07:59,272.6500,273.0500,272.6500,272.7000,86200
2015-09-14 15:08:59,272.6500,273.0000,272.6000,272.6000,86000
2015-09-14 15:09:59,272.7500,273.0000,272.6000,272.6000,121100
2015-09-14 15:10:00,272.8000,272.9000,272.5500,272.7000,88000
2015-09-14 15:11:59,272.4000,272.8000,272.3000,272.7500,112300
2015-09-14 15:12:59,272.3500,272.6500,272.2500,272.4000,162900
2015-09-14 15:13:59,272.5500,272.6500,272.3000,272.5000,239900
2015-09-14 15:14:59,272.3000,272.7000,272.2000,272.6500,141100
2015-09-14 15:15:00,272.6500,272.7500,272.0000,272.1500,297900
2015-09-14 15:16:59,272.1000,272.4000,272.0500,272.1500,73000
2015-09-14 15:17:59,272.4500,272.4500,272.0500,272.1500,76100
2015-09-14 15:18:59,272.2500,272.4000,272.1500,272.3000,51700
2015-09-14 15:19:59,272.0500,272.2000,271.9000,272.2000,108200
2015-09-14 15:20:59,272.0000,272.1000,271.8500,272.0000,116600
2015-09-14 15:21:59,271.7000,272.1000,271.6000,272.1000,68500
2015-09-14 15:22:59,272.0000,272.0000,271.6000,271.7000,85900
2015-09-14 15:23:58,271.8500,272.1000,271.7500,272.0000,91800
2015-09-14 15:24:59,271.7500,271.7500,271.5500,271.7500,33700
2015-09-14 15:25:59,271.8000,271.9500,271.5500,271.6000,50700
2015-09-14 15:26:59,271.8000,272.0500,271.7000,271.7500,131300
2015-09-14 15:27:59,271.7500,271.8000,271.6000,271.7500,20300
2015-09-14 15:28:59,271.7500,272.0000,271.6000,271.7000,64200
2015-09-14 15:29:59,272.0000,272.4500,271.7500,271.7500,119400
2015-09-14 15:30:00,271.8000,271.8000,271.8000,271.8000,0
2015-09-15 09:15:59,271.4500,272.9000,270.1000,272.9000,371900
2015-09-15 09:16:59,271.4500,271.4500,270.5000,271.2000,200900
2015-09-15 09:17:00,271.3500,271.6000,271.1000,271.4500,61400
2015-09-15 09:18:59,271.6000,271.8500,271.3000,271.4500,107700
2015-09-15 09:19:59,271.4500,271.6500,271.3000,271.6500,50900
2015-09-15 09:20:59,271.0500,271.5000,270.8000,271.5000,85600
2015-09-15 09:21:59,271.2500,271.2500,271.0000,271.1000,29100
2015-09-15 09:22:59,271.0500,271.3500,270.9500,271.1500,37500
2015-09-15 09:23:59,270.8500,271.1500,270.7000,271.0000,58300
2015-09-15 09:24:59,270.3500,270.8500,270.2000,270.8500,94300
2015-09-15 09:25:59,270.0500,270.4000,270.0000,270.4000,98600
2015-09-15 09:26:59,270.3000,270.3000,270.0000,270.1500,66100
2015-09-15 09:27:59,270.3500,270.4000,270.1500,270.3000,42100
2015-09-15 09:28:59,270.8500,270.9000,270.3000,270.3500,39200
2015-09-15 09:29:59,271.0000,271.1000,270.7500,270.8500,27600
2015-09-15 09:30:59,271.4000,271.4500,271.0000,271.1000,60900
2015-09-15 09:31:59,271.4000,271.5000,271.3000,271.4500,51200
2015-09-15 09:32:59,271.0500,271.5000,271.0000,271.5000,51400
2015-09-15 09:33:59,271.1500,271.2000,271.0000,271.1500,24700
2015-09-15 09:34:00,270.3000,271.1500,270.2500,271.1500,64100
2015-09-15 09:35:59,270.2000,270.4000,270.1500,270.3000,37000
2015-09-15 09:36:00,269.8000,270.2000,269.7000,270.2000,135300
2015-09-15 09:37:59,269.7000,269.9500,269.7000,269.9500,38300
2015-09-15 09:38:00,270.0500,270.0500,269.6500,269.8000,63600
2015-09-15 09:39:59,269.8500,270.3000,269.6000,269.9500,73000
2015-09-15 09:40:59,270.0000,270.1000,269.7000,269.9000,49700
2015-09-15 09:41:59,269.8500,270.0500,269.7500,270.0500,49300
2015-09-15 09:42:59,269.0000,269.8500,269.0000,269.7500,99100
2015-09-15 09:43:59,269.1000,269.1000,268.4000,269.0500,87300
2015-09-15 09:44:00,269.0500,269.2000,269.0000,269.1000,21400
2015-09-15 09:45:59,269.0500,269.2000,268.7000,269.2000,41300
2015-09-15 09:46:59,269.2000,269.2500,269.0000,269.0000,23000
2015-09-15 09:47:59,269.1500,269.2000,269.1000,269.2000,23100
2015-09-15 09:48:59,269.5500,269.7000,269.0500,269.1500,24400
2015-09-15 09:49:00,269.2000,269.7000,269.2000,269.7000,22900
2015-09-15 09:50:58,269.4000,269.5000,269.2000,269.2000,17300
2015-09-15 09:51:00,269.6000,269.6000,269.3000,269.4500,17000
2015-09-15 09:52:59,269.5500,269.6500,269.4000,269.6500,25000
2015-09-15 09:53:01,269.6000,269.6000,269.4500,269.5500,12500
2015-09-15 09:54:59,269.3500,269.6500,269.2500,269.5500,13600
2015-09-15 09:55:00,269.4500,269.5000,269.3500,269.4500,7900
2015-09-15 09:56:01,269.4000,269.6500,269.4000,269.5000,16900
2015-09-15 09:57:59,269.4500,269.5500,269.3500,269.5000,9200
2015-09-15 09:58:59,269.4500,269.5500,269.3500,269.4500,11700
2015-09-15 09:59:58,269.3500,269.5000,269.3000,269.4500,13700
2015-09-15 10:00:59,269.3500,269.3500,269.0000,269.3500,28200
2015-09-15 10:01:00,269.1000,269.3500,269.0000,269.3500,21700
2015-09-15 10:02:59,269.2500,269.3500,269.0500,269.1500,18800
2015-09-15 10:03:00,269.1000,269.2000,269.0000,269.2000,27800
2015-09-15 10:04:00,269.3000,269.4000,269.1500,269.1500,25300
2015-09-15 10:05:01,269.4500,269.6000,269.3000,269.3000,30500
2015-09-15 10:06:02,269.5000,269.6000,269.4000,269.5000,19800
2015-09-15 10:07:00,269.5000,269.6000,269.4500,269.6000,8700
2015-09-15 10:08:01,269.2500,269.7000,269.2500,269.5000,26100
2015-09-15 10:09:59,269.3000,269.5000,269.2000,269.4000,13600
2015-09-15 10:10:59,269.0000,269.4000,269.0000,269.3000,16400
2015-09-15 10:11:00,269.2500,269.3000,269.0000,269.0000,15600
2015-09-15 10:12:00,269.6500,269.7000,269.2500,269.2500,12300
2015-09-15 10:13:59,269.7000,269.7000,269.5000,269.7000,11300
2015-09-15 10:14:00,269.4500,269.8500,269.4000,269.7500,14800
2015-09-15 10:15:01,269.4500,269.6000,269.3000,269.5000,11900
2015-09-15 10:16:01,269.4000,269.5000,269.3000,269.5000,11400
2015-09-15 10:17:59,269.2000,269.4000,269.2000,269.4000,9700
2015-09-15 10:18:59,269.0500,269.2500,269.0500,269.1500,14000
2015-09-15 10:19:59,269.0000,269.1500,268.9500,269.1000,40500
2015-09-15 10:20:59,268.8000,269.0500,268.8000,269.0000,24300
2015-09-15 10:21:59,268.9000,268.9000,268.7000,268.8500,53500
2015-09-15 10:22:00,269.0000,269.0000,268.8000,268.9000,31000
2015-09-15 10:23:00,268.8000,269.0000,268.8000,269.0000,10300
2015-09-15 10:24:00,268.9000,269.1000,268.7500,269.0000,15200
2015-09-15 10:25:59,269.1500,269.2500,268.8500,269.0000,12500
2015-09-15 10:26:00,269.0000,269.1500,268.9000,269.1500,15400
2015-09-15 10:27:00,269.1500,269.2500,268.9000,269.0000,28900
2015-09-15 10:28:59,269.1000,269.3000,269.0000,269.0500,19600
2015-09-15 10:29:59,269.2500,269.3000,269.1500,269.2000,14100
2015-09-15 10:30:59,269.3000,269.4000,269.1000,269.3000,15400
2015-09-15 10:31:59,269.3000,269.3500,269.2500,269.3500,9400
2015-09-15 10:32:58,269.4000,269.4000,269.3000,269.3000,14400
2015-09-15 10:33:00,269.5000,269.5500,269.3500,269.3500,15000
2015-09-15 10:34:00,269.4000,269.5000,269.3000,269.5000,11700
2015-09-15 10:35:59,269.3000,269.4000,269.3000,269.4000,11400
2015-09-15 10:36:59,269.2000,269.3500,269.2000,269.3500,11200
2015-09-15 10:37:58,269.0500,269.2500,269.0500,269.2500,8700
2015-09-15 10:38:59,269.0500,269.2000,269.0000,269.0500,20800
2015-09-15 10:39:00,269.0000,269.0500,268.8500,269.0000,23700
2015-09-15 10:40:59,269.0000,269.0000,268.8000,269.0000,10900
2015-09-15 10:41:59,268.9500,269.1500,268.8000,269.0000,36600
2015-09-15 10:42:59,268.9500,269.0000,268.9000,268.9500,9300
2015-09-15 10:43:59,268.9500,269.0000,268.8500,269.0000,3800
2015-09-15 10:44:00,269.1000,269.1000,268.9500,269.0000,8600
2015-09-15 10:45:00,269.1000,269.1000,268.9500,269.1000,11400
2015-09-15 10:46:59,269.2000,269.3000,269.0500,269.0500,25900
2015-09-15 10:47:59,269.6500,269.7000,269.0500,269.1000,36800
2015-09-15 10:48:00,269.3000,269.6500,269.3000,269.6000,19900
2015-09-15 10:49:00,269.4000,269.4500,269.2500,269.4000,20000
2015-09-15 10:50:59,269.3000,269.4500,269.1000,269.3000,8900
2015-09-15 10:51:59,269.0500,269.3000,269.0500,269.2500,16500
2015-09-15 10:52:59,269.1500,269.2000,269.0500,269.0500,13700
2015-09-15 10:53:59,269.2000,269.2000,268.9500,269.0500,26300
2015-09-15 10:54:00,269.0000,269.2000,268.9500,269.2000,17300
2015-09-15 10:55:00,269.2000,269.5500,269.0000,269.1000,28400
2015-09-15 10:56:59,269.3500,269.4000,269.2000,269.2000,14400
2015-09-15 10:57:00,269.1500,269.3000,269.0500,269.3000,23500
2015-09-15 10:58:59,269.0500,269.4000,269.0000,269.0000,46900
2015-09-15 10:59:59,269.1500,269.1500,269.0000,269.0500,12000
2015-09-15 11:00:59,269.2000,269.3000,269.1000,269.1000,10400
2015-09-15 11:01:59,269.3000,269.3000,269.1000,269.3000,14700
2015-09-15 11:02:59,269.2500,269.3000,269.1000,269.2500,17200
2015-09-15 11:03:59,269.3000,269.3500,269.1500,269.1500,12000
2015-09-15 11:04:59,269.5000,269.5000,269.3000,269.3000,15200
2015-09-15 11:05:00,269.5000,269.7000,269.5000,269.5000,19400
2015-09-15 11:06:59,269.5500,269.6500,269.5000,269.5000,14100
2015-09-15 11:07:59,269.3000,269.5500,269.2500,269.5500,25800
2015-09-15 11:08:59,269.2500,269.4500,269.2000,269.3000,11500
2015-09-15 11:09:00,269.1500,269.3000,269.1500,269.2000,14000
2015-09-15 11:10:00,269.2000,269.2500,269.0500,269.2000,12900
2015-09-15 11:11:00,269.1500,269.3000,269.0500,269.2000,14200
2015-09-15 11:12:00,269.1500,269.2500,269.1000,269.1000,7800
2015-09-15 11:13:00,269.1000,269.2000,269.1000,269.2000,7000
2015-09-15 11:14:59,269.1000,269.2500,269.0500,269.2000,8900
2015-09-15 11:15:02,269.1000,269.1500,269.0000,269.1500,17100
2015-09-15 11:16:59,268.8500,269.1000,268.8000,269.0000,45200
2015-09-15 11:17:00,269.1000,269.2000,268.8000,268.9500,19400
2015-09-15 11:18:01,269.0000,269.1500,269.0000,269.1500,10600
2015-09-15 11:19:01,268.9500,269.0000,268.9500,269.0000,5100
2015-09-15 11:20:00,268.9500,269.0000,268.9000,269.0000,6600
2015-09-15 11:21:59,268.5000,269.0000,268.5000,269.0000,36000
2015-09-15 11:22:59,268.5000,268.6000,268.4500,268.5000,14600
2015-09-15 11:23:59,268.6500,268.8000,268.5000,268.6000,13000
2015-09-15 11:24:00,268.8000,268.8000,268.5500,268.7500,18600
2015-09-15 11:25:00,268.7000,268.9000,268.5500,268.9000,17300
2015-09-15 11:26:00,268.8000,268.8000,268.6500,268.8000,7200
2015-09-15 11:27:00,268.9000,269.0000,268.7500,268.8000,18500
2015-09-15 11:28:01,269.0000,269.1000,268.9000,268.9500,15800
2015-09-15 11:29:59,269.0000,269.1000,268.9000,269.0000,20500
2015-09-15 11:30:00,268.8000,269.1000,268.6500,269.1000,56500
2015-09-15 11:31:01,268.6500,268.8500,268.6000,268.8500,10900
2015-09-15 11:32:59,268.2500,268.6500,268.1000,268.6500,57500
2015-09-15 11:33:00,268.2000,268.5000,268.1500,268.2000,26600
2015-09-15 11:34:00,268.4000,268.5000,268.1000,268.2000,18300
2015-09-15 11:35:59,268.5000,268.6500,268.4000,268.5500,18100
2015-09-15 11:36:01,268.5500,268.6500,268.5000,268.5000,14400
2015-09-15 11:37:58,268.3500,268.6000,268.2000,268.5000,29000
2015-09-15 11:38:00,268.4000,268.4000,268.3000,268.3000,25500
2015-09-15 11:39:00,268.0000,268.4500,268.0000,268.3500,141500
2015-09-15 11:40:59,268.0000,268.0000,267.7500,268.0000,135200
2015-09-15 11:41:59,268.0000,268.0000,267.8000,268.0000,52700
2015-09-15 11:42:59,267.8000,268.0000,267.7000,268.0000,21900
2015-09-15 11:43:00,267.7500,268.0000,267.5500,267.8000,41100
2015-09-15 11:44:59,267.7500,268.0000,267.6500,267.7500,18800
2015-09-15 11:45:59,267.7000,267.9000,267.6000,267.8000,18400
2015-09-15 11:46:00,267.7500,267.9500,267.6500,267.9000,13900
2015-09-15 11:47:59,267.8500,267.9500,267.7000,267.7000,11400
2015-09-15 11:48:59,268.0500,268.2000,267.8000,267.8000,30600
2015-09-15 11:49:00,267.9000,268.2500,267.8000,268.0500,23800
2015-09-15 11:50:59,267.5500,267.9500,267.5500,267.9000,44200
2015-09-15 11:51:59,267.5000,267.6500,267.0000,267.5500,152500
2015-09-15 11:52:59,267.1000,267.5500,267.0000,267.4500,49900
2015-09-15 11:53:59,267.2000,267.2500,267.0000,267.0500,47100
2015-09-15 11:54:00,267.3500,267.3500,267.1500,267.2500,45300
2015-09-15 11:55:59,267.3500,267.6000,267.3500,267.3500,62500
2015-09-15 11:56:00,267.4000,267.5500,267.2000,267.4500,41600
2015-09-15 11:57:01,267.3500,267.5000,267.3500,267.3500,27400
2015-09-15 11:58:59,267.4000,267.5000,267.3500,267.5000,19800
2015-09-15 11:59:59,267.3500,267.5000,267.3500,267.4000,16200
2015-09-15 12:00:59,267.5000,267.6000,267.3500,267.4500,24800
2015-09-15 12:01:59,267.8000,267.8500,267.5000,267.5500,15600
2015-09-15 12:02:59,267.9000,268.0000,267.7000,267.7000,20200
2015-09-15 12:03:00,268.2000,268.2000,267.8500,267.9000,23200
2015-09-15 12:04:00,268.1000,268.2000,267.8000,268.1000,24700
2015-09-15 12:05:00,267.8500,268.2000,267.8000,268.1000,13700
2015-09-15 12:06:00,267.8500,268.0000,267.8000,267.8500,16000
2015-09-15 12:07:00,267.9500,267.9500,267.6500,267.8500,26500
2015-09-15 12:08:59,267.8000,267.9000,267.7500,267.9000,11600
2015-09-15 12:09:59,267.7000,267.8500,267.6500,267.8000,14000
2015-09-15 12:10:59,267.5500,267.8000,267.5500,267.6500,9800
2015-09-15 12:11:00,267.5500,267.6500,267.5000,267.6500,31800
2015-09-15 12:12:59,267.5500,267.5500,267.4500,267.5000,13000
2015-09-15 12:13:58,267.7500,267.7500,267.5000,267.5500,21300
2015-09-15 12:14:00,267.6000,267.8000,267.6000,267.8000,17800
2015-09-15 12:15:59,267.5500,267.7000,267.5500,267.6500,14100
2015-09-15 12:16:59,267.5500,267.6500,267.5000,267.6500,14900
2015-09-15 12:17:59,267.6500,267.7000,267.5500,267.5500,17600
2015-09-15 12:18:59,267.6000,267.6500,267.5000,267.6500,12100
2015-09-15 12:19:59,267.6500,267.6500,267.5500,267.5500,8800
2015-09-15 12:20:59,267.6500,267.6500,267.5000,267.5000,13100
2015-09-15 12:21:59,267.6000,267.7000,267.5500,267.6500,20600
2015-09-15 12:22:59,267.8500,267.8500,267.5500,267.6500,18900
2015-09-15 12:23:59,268.0500,268.1000,267.8500,267.8500,23300
2015-09-15 12:24:59,267.9500,268.0000,267.8000,268.0000,12200
2015-09-15 12:25:59,267.9500,268.0000,267.8000,267.9500,20400
2015-09-15 12:26:59,267.9500,268.0500,267.7000,267.9000,29900
2015-09-15 12:27:59,267.8000,267.9500,267.7500,267.9500,14300
2015-09-15 12:28:59,267.9500,268.0000,267.7500,267.8500,16800
2015-09-15 12:29:00,268.2000,268.2500,267.8500,267.9500,18900
2015-09-15 12:30:00,268.3500,268.3500,268.0500,268.2500,29100
2015-09-15 12:31:02,268.4000,268.4500,268.3000,268.3000,20700
2015-09-15 12:32:00,268.6500,268.8000,268.3500,268.3500,48800
2015-09-15 12:33:59,268.7000,268.8000,268.6000,268.6000,39700
2015-09-15 12:34:59,268.7500,268.7500,268.5000,268.5500,26400
2015-09-15 12:35:00,268.5500,268.7000,268.5000,268.6500,12500
2015-09-15 12:36:00,268.6000,268.6500,268.5000,268.5000,26100
2015-09-15 12:37:59,269.1000,269.1000,268.5000,268.6000,67600
2015-09-15 12:38:00,269.1500,269.2000,269.0500,269.1000,21000
2015-09-15 12:39:59,269.0000,269.1000,268.8500,269.0500,17800
2015-09-15 12:40:00,269.0500,269.0500,268.9000,268.9000,19000
2015-09-15 12:41:00,269.0500,269.0500,268.9000,269.0500,20200
2015-09-15 12:42:59,268.9500,269.0500,268.8500,269.0500,37100
2015-09-15 12:43:59,268.9000,269.0500,268.8500,268.8500,14400
2015-09-15 12:44:58,268.9000,269.0000,268.8000,268.8500,11800
2015-09-15 12:45:59,269.0000,269.1000,268.7500,268.7500,26300
2015-09-15 12:46:00,268.7500,269.1000,268.6500,269.0000,17400
2015-09-15 12:47:59,268.7000,268.8000,268.6000,268.6500,12000
2015-09-15 12:48:00,268.9000,268.9500,268.8000,268.8000,11300
2015-09-15 12:49:59,268.8500,268.9000,268.6500,268.8000,20900
2015-09-15 12:50:59,269.0000,269.0000,268.8500,268.8500,14600
2015-09-15 12:51:00,268.9500,269.0000,268.9000,268.9500,23600
2015-09-15 12:52:00,268.9000,268.9500,268.9000,268.9500,11000
2015-09-15 12:53:59,268.8500,269.0000,268.8500,268.9000,16200
2015-09-15 12:54:00,268.8500,268.9000,268.8000,268.9000,17900
2015-09-15 12:55:59,268.8000,268.9500,268.8000,268.8000,19800
2015-09-15 12:56:01,268.8500,268.9000,268.7500,268.8000,22500
2015-09-15 12:57:58,268.8500,269.0000,268.7500,268.8500,38800
2015-09-15 12:58:00,268.8000,268.9500,268.7500,268.8500,19500
2015-09-15 12:59:01,268.9000,268.9500,268.8000,268.8000,13000
2015-09-15 13:00:00,268.9500,268.9500,268.8500,268.9000,13500
2015-09-15 13:01:00,269.4000,269.5000,268.9500,268.9500,95800
2015-09-15 13:02:59,269.1500,269.4000,269.0000,269.3500,18900
2015-09-15 13:03:00,269.2500,269.3000,269.1500,269.1500,43000
2015-09-15 13:04:59,269.2500,269.3500,269.2500,269.3000,20400
2015-09-15 13:05:59,269.2500,269.3500,269.2000,269.2500,28300
2015-09-15 13:06:59,269.3000,269.3000,269.2500,269.2500,20400
2015-09-15 13:07:59,269.2500,269.4000,269.1500,269.2500,25800
2015-09-15 13:08:59,269.5500,269.6000,269.2000,269.2000,81300
2015-09-15 13:09:59,269.8000,269.8000,269.3000,269.6000,32900
2015-09-15 13:10:59,269.9000,269.9000,269.6500,269.6500,83600
2015-09-15 13:11:59,269.8000,269.9500,269.7000,269.9000,33100
2015-09-15 13:12:59,269.8500,269.8500,269.6000,269.8000,21200
2015-09-15 13:13:59,270.3500,270.4000,269.7500,269.7500,179400
2015-09-15 13:14:59,270.4000,270.4000,270.2000,270.3000,33900
2015-09-15 13:15:59,270.4000,270.7500,270.3000,270.4000,109400
2015-09-15 13:16:59,270.0500,270.3500,270.0000,270.3000,29300
2015-09-15 13:17:59,270.0000,270.1000,269.9000,270.0000,38600
2015-09-15 13:18:59,270.0000,270.0500,269.8500,270.0000,27300
2015-09-15 13:19:59,270.0000,270.1000,269.9500,269.9500,30700
2015-09-15 13:20:59,269.6500,270.0500,269.5000,270.0500,54700
2015-09-15 13:21:00,269.8000,269.8500,269.6500,269.6500,17300
2015-09-15 13:22:59,270.0500,270.1000,269.8000,269.8500,42400
2015-09-15 13:23:00,270.0500,270.1000,270.0000,270.0500,61200
2015-09-15 13:24:59,270.0500,270.1500,270.0000,270.0000,31500
2015-09-15 13:25:00,270.1000,270.3000,270.0000,270.0500,33000
2015-09-15 13:26:59,269.9000,270.1000,269.9000,270.1000,38600
2015-09-15 13:27:00,269.8500,270.0000,269.8000,269.9000,30500
2015-09-15 13:28:59,269.8000,269.8000,269.7000,269.8000,59000
2015-09-15 13:29:59,269.6500,269.8000,269.6000,269.8000,39900
2015-09-15 13:30:59,269.6000,269.6500,269.6000,269.6500,25900
2015-09-15 13:31:00,269.5000,269.6500,269.5000,269.6500,36200
2015-09-15 13:32:58,269.5000,269.5500,269.4500,269.5500,27000
2015-09-15 13:33:00,269.5000,269.6500,269.5000,269.5000,21000
2015-09-15 13:34:01,269.4500,269.6000,269.4000,269.5000,40600
2015-09-15 13:35:59,269.3500,269.4500,269.3000,269.4000,39500
2015-09-15 13:36:00,269.4000,269.4500,269.0000,269.4000,138500
2015-09-15 13:37:59,269.5000,269.6000,269.3500,269.3500,31300
2015-09-15 13:38:00,269.6000,269.7000,269.4000,269.5000,48400
2015-09-15 13:39:59,269.7000,269.7500,269.4500,269.6000,17400
2015-09-15 13:40:59,269.7000,270.0000,269.6000,269.7500,15100
2015-09-15 13:41:59,269.7500,269.8000,269.6000,269.6000,31200
2015-09-15 13:42:59,269.8500,269.9000,269.7500,269.8000,29600
2015-09-15 13:43:59,269.9500,270.0000,269.8000,269.8000,14900
2015-09-15 13:44:00,269.7500,269.9500,269.7500,269.9500,26700
2015-09-15 13:45:59,269.6000,269.8000,269.5500,269.7500,18600
2015-09-15 13:46:58,269.7500,269.8000,269.5000,269.6000,15600
2015-09-15 13:47:59,269.7500,269.8500,269.5500,269.5500,20200
2015-09-15 13:48:00,269.5500,270.0000,269.5500,269.7500,32400
2015-09-15 13:49:59,269.6000,269.7500,269.5500,269.6000,13400
2015-09-15 13:50:01,269.7500,269.7500,269.5500,269.6500,12800
2015-09-15 13:51:59,269.3500,269.8000,269.3000,269.7500,44600
2015-09-15 13:52:00,269.5500,269.5500,269.3000,269.4500,17700
2015-09-15 13:53:59,268.0500,269.5500,268.0000,269.5000,213700
2015-09-15 13:54:59,268.3000,268.6000,267.9000,267.9000,114100
2015-09-15 13:55:59,268.2500,268.4000,268.0000,268.4000,85100
2015-09-15 13:56:59,268.1500,268.5500,268.1500,268.3000,73200
2015-09-15 13:57:59,268.4000,268.5500,268.1500,268.1500,74300
2015-09-15 13:58:58,268.4000,268.7000,268.3500,268.4000,38700
2015-09-15 13:59:59,267.8500,268.5000,267.8000,268.5000,43800
2015-09-15 14:00:00,267.7000,267.8500,267.5500,267.8500,22600
2015-09-15 14:01:00,268.0000,268.1500,267.8000,267.8000,20800
2015-09-15 14:02:59,268.4000,268.4000,268.0000,268.1500,12500
2015-09-15 14:03:00,268.3500,268.5000,268.2500,268.4000,27800
2015-09-15 14:04:59,268.3000,268.5000,268.1000,268.3500,19400
2015-09-15 14:05:00,268.2000,268.4000,268.1000,268.3500,15300
2015-09-15 14:06:59,268.0500,268.2500,268.0500,268.2000,15700
2015-09-15 14:07:59,268.3500,268.4500,268.0500,268.1000,22000
2015-09-15 14:08:00,268.0500,268.3500,268.0500,268.3500,18300
2015-09-15 14:09:01,268.1000,268.2500,267.8500,268.1500,40000
2015-09-15 14:10:01,268.0500,268.2000,268.0500,268.2000,36500
2015-09-15 14:11:01,268.3500,268.3500,268.0500,268.0500,38500
2015-09-15 14:12:01,268.5000,268.6500,268.2000,268.4000,26200
2015-09-15 14:13:59,268.4000,268.6500,268.2000,268.5500,18000
2015-09-15 14:14:00,268.4000,268.5500,268.4000,268.4000,27700
2015-09-15 14:15:59,267.9000,268.4000,267.8000,268.4000,58400
2015-09-15 14:16:59,268.1500,268.2000,268.0000,268.0000,66800
2015-09-15 14:17:59,268.4000,268.4000,268.0000,268.2000,35800
2015-09-15 14:18:00,268.4500,268.4500,268.0500,268.2000,20400
2015-09-15 14:19:00,268.3000,268.4500,268.1500,268.2000,18100
2015-09-15 14:20:59,268.3500,268.4000,268.1000,268.3000,13500
2015-09-15 14:21:59,268.4500,268.7000,268.3500,268.3500,25000
2015-09-15 14:22:59,268.5500,268.7000,268.4000,268.7000,12800
2015-09-15 14:23:59,268.8500,268.9000,268.5000,268.5500,27500
2015-09-15 14:24:59,268.6000,268.9500,268.6000,268.8500,21000
2015-09-15 14:25:00,268.7000,268.8000,268.5500,268.5500,20100
2015-09-15 14:26:59,268.8500,268.8500,268.6000,268.7000,13800
2015-09-15 14:27:58,268.8500,268.9000,268.7000,268.8500,17900
2015-09-15 14:28:59,268.9500,269.0000,268.7000,268.7000,22800
2015-09-15 14:29:59,268.9500,268.9500,268.8000,268.8500,23300
2015-09-15 14:30:59,269.0000,269.0000,268.7500,268.8000,49700
2015-09-15 14:31:59,269.0500,269.2000,268.8000,268.9000,46700
2015-09-15 14:32:59,269.0000,269.2500,269.0000,269.1000,33800
2015-09-15 14:33:59,269.1000,269.2500,269.0000,269.0000,34000
2015-09-15 14:34:59,269.1500,269.2500,269.0500,269.1000,19600
2015-09-15 14:35:59,269.0000,269.2000,269.0000,269.1000,31200
2015-09-15 14:36:59,268.7500,269.0500,268.6500,269.0000,33300
2015-09-15 14:37:00,268.8000,268.8000,268.5000,268.6000,12400
2015-09-15 14:38:01,268.8000,268.8500,268.6500,268.7000,12100
2015-09-15 14:39:00,268.9000,269.0000,268.8000,268.9000,19300
2015-09-15 14:40:00,268.9500,269.0000,268.8000,268.8500,18200
2015-09-15 14:41:59,269.1000,269.3000,268.9500,268.9500,51400
2015-09-15 14:42:59,269.1500,269.2500,268.9500,269.1000,25600
2015-09-15 14:43:00,269.1500,269.3000,269.0500,269.0500,21500
2015-09-15 14:44:59,269.2500,269.4500,269.1500,269.3000,50400
2015-09-15 14:45:59,269.0000,269.3000,268.8500,269.1000,63000
2015-09-15 14:46:59,269.2000,269.2000,269.0000,269.0000,41300
2015-09-15 14:47:59,269.1500,269.3000,269.0000,269.2500,42800
2015-09-15 14:48:00,269.1000,269.1500,268.9000,269.1500,87400
2015-09-15 14:49:59,268.9000,269.2000,268.9000,269.1000,75000
2015-09-15 14:50:00,268.9500,269.1500,268.8500,269.0500,48000
2015-09-15 14:51:59,268.8500,269.2500,268.8500,269.0000,56000
2015-09-15 14:52:59,268.9500,269.0000,268.8500,268.9500,35800
2015-09-15 14:53:59,269.1000,269.2000,268.9500,269.0000,51300
2015-09-15 14:54:59,269.0000,269.1500,268.9500,269.1500,27600
2015-09-15 14:55:59,269.0500,269.2500,269.0500,269.0500,26800
2015-09-15 14:56:00,268.9500,269.3000,268.9500,269.1000,48300
2015-09-15 14:57:59,269.0500,269.0500,268.8500,269.0000,43800
2015-09-15 14:58:00,269.0500,269.2500,268.9000,269.0000,91100
2015-09-15 14:59:01,269.0000,269.2500,268.9500,269.2000,31300
2015-09-15 15:00:01,269.1500,269.2000,268.9500,269.1000,39400
2015-09-15 15:01:59,269.1000,269.4000,269.0000,269.2000,71400
2015-09-15 15:02:59,269.5500,269.8000,269.1000,269.1000,145400
2015-09-15 15:03:59,269.6000,269.7000,269.5000,269.5000,89200
2015-09-15 15:04:00,269.6000,269.8000,269.5500,269.6500,54900
2015-09-15 15:05:59,269.6000,269.7500,269.5000,269.7500,48100
2015-09-15 15:06:59,269.3000,269.6000,269.2500,269.6000,116600
2015-09-15 15:07:00,269.3000,269.6500,269.2500,269.4500,103900
2015-09-15 15:08:59,269.1000,269.4000,269.0000,269.4000,50300
2015-09-15 15:09:59,269.1500,269.4000,268.8500,269.0500,63800
2015-09-15 15:10:59,268.7500,269.1500,268.6000,269.0500,98500
2015-09-15 15:11:59,268.5000,268.9000,268.5000,268.7500,42900
2015-09-15 15:12:59,268.6500,269.0000,268.5000,268.5000,59100
2015-09-15 15:13:59,268.7000,268.9000,268.6000,268.8000,90000
2015-09-15 15:14:59,268.8000,268.8500,268.6500,268.8500,59400
2015-09-15 15:15:59,268.5000,268.8500,268.2500,268.8500,157300
2015-09-15 15:16:59,268.5000,268.6000,268.1000,268.5000,133900
2015-09-15 15:17:59,268.5000,268.5500,268.3000,268.5500,63700
2015-09-15 15:18:59,268.4500,268.5000,268.2000,268.3000,48900
2015-09-15 15:19:59,268.7000,268.7500,268.4000,268.4500,47100
2015-09-15 15:20:00,268.7000,268.7500,268.4500,268.7000,61200
2015-09-15 15:21:59,268.6500,268.8000,268.4500,268.6000,50400
2015-09-15 15:22:59,268.4500,268.6500,268.4000,268.6000,39700
2015-09-15 15:23:59,268.3500,268.5500,268.3000,268.5500,52200
2015-09-15 15:24:59,268.3500,268.5000,268.3500,268.4500,35900
2015-09-15 15:25:59,268.4500,268.5500,268.3000,268.4500,66200
2015-09-15 15:26:59,268.5000,268.7000,268.2500,268.4500,52900
2015-09-15 15:27:00,268.4000,268.6000,268.3000,268.6000,54100
2015-09-15 15:28:59,268.5000,268.8500,268.3500,268.3500,42600
2015-09-15 15:29:59,268.9000,268.9000,268.2500,268.5000,23800
2015-09-15 15:30:00,268.5000,268.5000,268.5000,268.5000,0
