2015-09-10 09:15:59,146.4500,147.6000,146.4500,147.6000,49900
2015-09-10 09:16:59,146.8000,146.9500,146.3500,146.5000,37200
2015-09-10 09:17:59,145.4500,146.9500,145.3500,146.8000,53800
2015-09-10 09:18:59,144.9000,145.4500,144.9000,145.4000,34100
2015-09-10 09:19:00,145.7000,145.7000,145.0000,145.1000,15400
2015-09-10 09:20:03,145.7500,146.1500,145.6000,145.6000,26000
2015-09-10 09:21:02,146.3000,146.4500,145.8000,145.8000,21000
2015-09-10 09:22:59,146.5500,146.6000,146.2500,146.3000,12900
2015-09-10 09:23:59,146.9000,147.0000,146.4000,146.5000,36000
2015-09-10 09:24:00,147.0500,147.4500,146.8500,146.9500,36400
2015-09-10 09:25:00,146.9500,147.2000,146.7000,146.9500,21800
2015-09-10 09:26:02,146.6000,147.1500,146.5500,146.9500,16100
2015-09-10 09:27:00,146.6500,146.7000,146.5000,146.7000,14000
2015-09-10 09:28:01,146.6000,146.7000,146.4000,146.6000,8000
2015-09-10 09:29:02,146.3500,146.7000,146.3500,146.7000,11100
2015-09-10 09:30:01,146.3500,146.5000,146.2000,146.3500,8500
2015-09-10 09:31:01,146.2000,146.4000,146.2000,146.3000,8400
2015-09-10 09:32:00,146.0000,146.3000,145.8500,146.2000,11600
2015-09-10 09:33:02,146.3000,146.3000,145.9000,145.9000,6400
2015-09-10 09:34:01,146.1000,146.3000,146.0500,146.2000,6900
2015-09-10 09:35:59,146.2000,146.4000,146.0000,146.1000,9500
2015-09-10 09:36:59,146.3000,146.4000,146.2000,146.2000,7600
2015-09-10 09:37:01,146.5000,146.7000,146.3000,146.3500,6500
2015-09-10 09:38:59,146.6500,146.7000,146.5000,146.5000,3200
2015-09-10 09:39:59,146.7000,146.7000,146.5000,146.5500,10200
2015-09-10 09:40:59,146.8500,146.8500,146.6000,146.7000,5500
2015-09-10 09:41:00,146.5000,146.8500,146.3500,146.8500,7900
2015-09-10 09:42:01,146.6000,146.6000,146.4000,146.4500,5700
2015-09-10 09:43:01,146.6500,146.8500,146.5500,146.6000,9700
2015-09-10 09:44:00,146.6500,146.8000,146.6500,146.6500,5600
2015-09-10 09:45:00,146.5000,146.8000,146.5000,146.6500,7300
2015-09-10 09:46:59,146.6000,146.8000,146.5500,146.5500,6800
2015-09-10 09:47:01,146.7500,146.7500,146.6000,146.6000,4900
2015-09-10 09:48:07,146.8000,146.8000,146.6500,146.6500,2200
2015-09-10 09:49:03,146.7000,146.8000,146.6000,146.8000,3200
2015-09-10 09:50:00,146.5500,146.7500,146.5000,146.7000,4100
2015-09-10 09:51:00,146.5000,146.6500,146.5000,146.5500,3400
2015-09-10 09:52:03,146.5000,146.6000,146.5000,146.5000,6100
2015-09-10 09:53:05,146.5000,146.6500,146.5000,146.5500,2900
2015-09-10 09:54:02,146.6500,146.6500,146.5000,146.5000,3200
2015-09-10 09:55:03,146.5000,146.5500,146.5000,146.5000,10100
2015-09-10 09:56:03,146.5500,146.6000,146.5000,146.5000,4200
2015-09-10 09:57:59,146.6000,146.6000,146.5000,146.5000,4100
2015-09-10 09:58:00,146.5000,146.6500,146.4500,146.6500,9800
2015-09-10 09:59:03,146.5500,146.6000,146.4500,146.4500,7400
2015-09-10 10:00:00,146.6000,146.6500,146.5000,146.6500,6400
2015-09-10 10:01:08,146.5500,146.7000,146.5000,146.5000,5400
2015-09-10 10:02:05,146.7000,146.7000,146.5500,146.5500,2500
2015-09-10 10:03:07,146.5500,146.7000,146.5500,146.5500,2000
2015-09-10 10:04:05,146.6000,146.6500,146.5000,146.5500,7200
2015-09-10 10:05:00,146.4500,146.7000,146.4500,146.7000,7700
2015-09-10 10:06:01,146.5000,146.6000,146.4500,146.5500,14000
2015-09-10 10:07:08,146.5000,146.5500,146.4500,146.5000,7500
2015-09-10 10:08:01,146.6000,146.6000,146.4500,146.5000,7400
2015-09-10 10:09:00,146.7000,146.8000,146.5500,146.6000,12500
2015-09-10 10:10:00,146.7500,146.8000,146.6500,146.7500,7200
2015-09-10 10:11:01,146.7500,146.9000,146.7500,146.8000,4500
2015-09-10 10:12:01,146.7500,146.8500,146.7500,146.8000,2100
2015-09-10 10:13:02,146.9500,146.9500,146.7500,146.7500,5500
2015-09-10 10:14:03,146.9000,146.9500,146.8000,146.9500,3100
2015-09-10 10:15:01,146.8000,146.9500,146.8000,146.9000,4700
2015-09-10 10:16:01,146.7500,146.9500,146.7500,146.8000,3500
2015-09-10 10:17:03,146.9000,146.9500,146.7000,146.7000,3800
2015-09-10 10:18:02,146.9000,147.0000,146.9000,146.9500,5200
2015-09-10 10:19:00,147.0000,147.0000,146.9000,146.9000,3300
2015-09-10 10:20:00,146.9000,147.0000,146.8500,147.0000,6200
2015-09-10 10:21:02,146.8500,146.9500,146.8000,146.9000,6800
2015-09-10 10:22:00,146.9000,146.9000,146.7500,146.8500,9400
2015-09-10 10:23:04,146.7500,146.9000,146.7000,146.8000,3000
2015-09-10 10:24:00,146.7500,146.8500,146.7500,146.7500,2700
2015-09-10 10:25:08,146.7500,146.8500,146.7000,146.8500,2500
2015-09-10 10:26:02,146.7000,146.7500,146.6500,146.7500,3300
2015-09-10 10:27:01,146.8500,146.8500,146.7000,146.7000,5700
2015-09-10 10:28:59,147.3500,147.3500,146.7000,146.7000,10100
2015-09-10 10:29:59,147.3000,147.5000,147.2000,147.2000,8900
2015-09-10 10:30:59,147.7500,147.7500,147.3000,147.4000,17300
2015-09-10 10:31:59,147.6500,147.9000,147.6500,147.7500,14200
2015-09-10 10:32:00,147.6500,147.8000,147.6000,147.6500,10300
2015-09-10 10:33:59,147.6000,147.6500,147.5000,147.6000,8100
2015-09-10 10:34:01,147.6000,147.7000,147.5000,147.6000,8900
2015-09-10 10:35:04,147.7000,147.7500,147.4500,147.4500,8100
2015-09-10 10:36:59,147.7000,147.7500,147.6000,147.7000,4900
2015-09-10 10:37:59,147.8000,147.8000,147.5500,147.7000,5600
2015-09-10 10:38:59,147.8000,147.9000,147.7500,147.8000,14000
2015-09-10 10:39:59,147.8500,147.9000,147.7500,147.8000,6600
2015-09-10 10:40:59,147.8500,147.9000,147.7500,147.8500,5800
2015-09-10 10:41:59,147.8000,147.8500,147.7000,147.8500,8600
2015-09-10 10:42:59,147.8000,147.8500,147.6500,147.8000,4800
2015-09-10 10:43:59,147.7500,147.8000,147.6500,147.7500,3000
2015-09-10 10:44:00,147.7000,147.8000,147.6000,147.7500,6000
2015-09-10 10:45:58,147.8000,147.8000,147.5500,147.6500,6000
2015-09-10 10:46:59,147.6500,147.7500,147.5000,147.7500,3600
2015-09-10 10:47:59,147.7500,147.7500,147.5000,147.6000,10800
2015-09-10 10:48:00,147.7000,147.7500,147.5500,147.7500,2600
2015-09-10 10:49:59,147.7000,147.7000,147.5500,147.6000,4500
2015-09-10 10:50:01,147.6500,147.7000,147.5500,147.7000,4400
2015-09-10 10:51:06,147.6500,147.6500,147.5000,147.6500,1900
2015-09-10 10:52:59,147.6500,147.6500,147.5000,147.5500,2800
2015-09-10 10:53:00,147.7000,147.7000,147.5000,147.6500,3500
2015-09-10 10:54:59,147.9000,147.9000,147.6500,147.7000,7000
2015-09-10 10:55:59,148.4500,148.5000,147.9000,147.9000,38200
2015-09-10 10:56:59,148.4500,148.4500,148.2000,148.4500,10700
2015-09-10 10:57:59,149.3000,149.4500,148.3500,148.4500,49400
2015-09-10 10:58:59,149.4000,149.5000,148.9000,149.3000,30700
2015-09-10 10:59:00,149.3000,149.4000,149.2000,149.4000,16100
2015-09-10 11:00:02,149.2000,149.4000,149.2000,149.3000,7900
2015-09-10 11:01:02,149.1500,149.2000,149.0500,149.1000,6700
2015-09-10 11:02:59,148.8500,149.1000,148.8500,149.1000,14300
2015-09-10 11:03:59,148.8000,149.0500,148.7500,148.8000,13200
2015-09-10 11:04:00,148.4000,148.8000,148.3500,148.8000,6000
2015-09-10 11:05:01,148.6000,148.6000,148.3500,148.3500,7200
2015-09-10 11:06:04,148.5500,148.7000,148.5500,148.7000,8300
2015-09-10 11:07:03,148.6000,148.6500,148.5500,148.6000,4400
2015-09-10 11:08:00,148.5000,148.6000,148.5000,148.6000,3500
2015-09-10 11:09:06,148.6000,148.6500,148.5000,148.6000,2400
2015-09-10 11:10:00,148.5500,148.6000,148.5000,148.5500,3400
2015-09-10 11:11:02,148.4000,148.5500,148.4000,148.5500,7400
2015-09-10 11:12:03,148.3000,148.5500,148.3000,148.4000,8200
2015-09-10 11:13:59,148.0500,148.3000,147.9500,148.3000,20500
2015-09-10 11:14:00,148.1000,148.1500,147.9000,148.1500,8600
2015-09-10 11:15:02,148.5000,148.5000,147.9500,148.1500,17100
2015-09-10 11:16:58,148.5000,148.5500,148.2500,148.5000,27100
2015-09-10 11:17:00,148.5000,148.5500,148.5000,148.5000,2900
2015-09-10 11:18:02,148.7500,148.8000,148.5000,148.5000,9300
2015-09-10 11:19:02,148.6000,148.8000,148.5500,148.8000,4900
2015-09-10 11:20:03,148.6500,148.7500,148.6000,148.6000,2700
2015-09-10 11:21:05,148.6500,148.8500,148.6500,148.8500,1700
2015-09-10 11:22:08,148.6500,148.7500,148.6500,148.7500,2700
2015-09-10 11:23:12,148.5500,148.7000,148.5500,148.6500,3800
2015-09-10 11:24:06,148.6000,148.6000,148.5500,148.6000,4400
2015-09-10 11:25:02,148.5000,148.6000,148.5000,148.5500,8100
2015-09-10 11:26:06,148.6000,148.6500,148.5000,148.5000,3900
2015-09-10 11:27:08,148.5500,148.7500,148.5000,148.6000,4900
2015-09-10 11:28:00,148.5500,148.6500,148.5500,148.6500,3200
2015-09-10 11:29:59,148.6500,148.6500,148.5000,148.5500,3600
2015-09-10 11:30:00,148.6000,148.6000,148.5000,148.5000,4200
2015-09-10 11:31:02,148.5500,148.7000,148.5500,148.6500,3700
2015-09-10 11:32:00,148.5000,148.6000,148.5000,148.6000,6900
2015-09-10 11:33:00,148.5000,148.6000,148.4500,148.5000,5600
2015-09-10 11:34:04,148.5000,148.6000,148.5000,148.5500,4100
2015-09-10 11:35:00,148.5000,148.6000,148.4500,148.5000,3900
2015-09-10 11:36:17,148.5000,148.6000,148.5000,148.5000,3200
2015-09-10 11:37:03,148.2500,148.6000,148.2500,148.5000,9500
2015-09-10 11:38:01,148.1000,148.4000,148.1000,148.1500,9000
2015-09-10 11:39:02,148.1000,148.1500,148.0000,148.0500,3800
2015-09-10 11:40:01,148.0000,148.1000,147.9000,148.0000,4700
2015-09-10 11:41:04,147.8500,148.1000,147.8500,148.0000,6600
2015-09-10 11:42:01,147.8000,148.0000,147.8000,147.8000,4300
2015-09-10 11:43:07,147.4500,147.8000,147.4000,147.8000,18300
2015-09-10 11:44:00,147.4500,147.6000,147.3000,147.4500,9100
2015-09-10 11:45:02,147.4000,147.7000,147.3000,147.4500,5100
2015-09-10 11:46:07,147.5000,147.6000,147.4000,147.4000,3700
2015-09-10 11:47:03,147.5000,147.6000,147.2500,147.6000,15500
2015-09-10 11:48:04,147.6500,147.7000,147.5000,147.6000,3800
2015-09-10 11:49:59,147.6500,147.7000,147.4500,147.5000,3700
2015-09-10 11:50:57,147.8000,147.8000,147.6000,147.6500,3900
2015-09-10 11:51:01,147.8000,147.9500,147.7000,147.9000,4600
2015-09-10 11:52:08,147.9000,147.9000,147.7000,147.8000,2900
2015-09-10 11:53:58,147.8500,147.8500,147.7000,147.8000,3800
2015-09-10 11:54:00,147.5500,147.7500,147.5500,147.7000,4800
2015-09-10 11:55:02,147.4000,147.5500,147.4000,147.5500,4500
2015-09-10 11:56:05,147.7000,147.9000,147.3500,147.4000,22000
2015-09-10 11:57:03,147.7500,147.7500,147.6000,147.6500,2300
2015-09-10 11:58:07,147.7500,147.7500,147.6000,147.6500,1600
2015-09-10 11:59:05,147.7000,147.7500,147.6500,147.7500,2800
2015-09-10 12:00:05,147.9500,148.0500,147.8000,147.9000,8800
2015-09-10 12:01:05,147.9500,148.1000,147.8500,147.9500,5000
2015-09-10 12:02:03,147.9000,148.0500,147.5000,147.9500,16000
2015-09-10 12:03:02,148.1500,148.1500,147.9000,148.0000,4400
2015-09-10 12:04:03,148.1000,148.2000,148.1000,148.1500,2400
2015-09-10 12:05:59,148.0500,148.0500,147.9000,148.0500,5500
2015-09-10 12:06:00,148.3000,148.3000,148.0000,148.1000,3300
2015-09-10 12:07:58,148.2500,148.3000,148.2000,148.3000,6100
2015-09-10 12:08:00,147.9000,148.2500,147.9000,148.2500,4300
2015-09-10 12:09:03,147.7000,148.0000,147.6000,148.0000,4000
2015-09-10 12:10:01,147.6500,147.7000,147.6000,147.6500,3200
2015-09-10 12:11:04,147.7500,147.8000,147.6000,147.7000,8600
2015-09-10 12:12:59,148.0000,148.2000,147.8500,147.9500,4500
2015-09-10 12:13:00,147.6500,147.9500,147.6500,147.9500,4600
2015-09-10 12:14:09,147.7000,147.7500,147.6500,147.6500,2500
2015-09-10 12:15:06,147.6500,147.7000,147.6000,147.6500,3500
2015-09-10 12:16:06,147.6500,147.6500,147.6000,147.6000,4500
2015-09-10 12:17:58,147.4000,147.6500,147.4000,147.6500,8300
2015-09-10 12:18:00,147.4000,147.5000,147.4000,147.4500,3600
2015-09-10 12:19:01,147.4500,147.4500,147.3500,147.4000,2700
2015-09-10 12:20:00,147.3000,147.4500,147.2500,147.4500,8300
2015-09-10 12:21:00,147.2500,147.2500,147.0500,147.0500,10800
2015-09-10 12:22:04,147.2500,147.2500,147.2500,147.2500,400
2015-09-10 12:23:04,147.5000,147.5500,147.2000,147.2000,5600
2015-09-10 12:24:01,147.5000,147.6000,147.4500,147.5000,1800
2015-09-10 12:25:04,147.4000,147.5000,147.3000,147.4500,2600
2015-09-10 12:26:58,147.5000,147.5500,147.4000,147.4500,2000
2015-09-10 12:27:02,147.3500,147.5500,147.3000,147.5500,3100
2015-09-10 12:28:01,147.5000,147.5000,147.3000,147.4000,2400
2015-09-10 12:29:05,147.3000,147.5000,147.3000,147.5000,2200
2015-09-10 12:30:00,147.3000,147.4500,147.2500,147.2500,4700
2015-09-10 12:31:04,147.2000,147.4000,147.2000,147.4000,6900
2015-09-10 12:32:05,147.1500,147.2500,147.1500,147.2000,3000
2015-09-10 12:33:01,146.9000,147.2000,146.9000,147.0500,9100
2015-09-10 12:34:02,147.1000,147.1000,146.8500,146.8500,3400
2015-09-10 12:35:04,147.0500,147.1000,146.9000,147.1000,8000
2015-09-10 12:36:03,147.2000,147.2000,146.9000,146.9000,3400
2015-09-10 12:37:13,147.1500,147.2500,147.1000,147.2000,4200
2015-09-10 12:38:06,147.3000,147.3000,147.1500,147.1500,3200
2015-09-10 12:39:03,147.2500,147.3500,147.2500,147.2500,1300
2015-09-10 12:40:01,147.2500,147.3000,147.1500,147.2500,3500
2015-09-10 12:41:03,147.2500,147.2500,147.1500,147.2500,1800
2015-09-10 12:42:00,147.2000,147.2000,147.1000,147.1500,3300
2015-09-10 12:43:09,147.0500,147.1000,147.0500,147.1000,1600
2015-09-10 12:44:00,147.0000,147.1000,146.9000,147.0500,10200
2015-09-10 12:45:13,147.0000,147.0000,146.9000,146.9000,9300
2015-09-10 12:46:02,146.8500,146.9000,146.6000,146.9000,12200
2015-09-10 12:47:59,146.6500,146.8500,146.6500,146.7000,6600
2015-09-10 12:48:01,146.5500,146.6500,146.4500,146.6500,11100
2015-09-10 12:49:03,146.8000,146.8000,146.6000,146.6500,4200
2015-09-10 12:50:07,146.7500,146.8000,146.6000,146.8000,3700
2015-09-10 12:51:03,146.9000,146.9000,146.6000,146.6000,3400
2015-09-10 12:52:13,146.8000,146.9000,146.7000,146.8000,2500
2015-09-10 12:53:00,146.7000,146.7500,146.7000,146.7500,2300
2015-09-10 12:54:03,146.8500,146.8500,146.6000,146.6500,6300
2015-09-10 12:55:59,146.6000,146.7000,146.5500,146.6000,6300
2015-09-10 12:56:00,146.2500,146.6000,146.2500,146.6000,11300
2015-09-10 12:57:01,146.1000,146.4000,146.1000,146.2500,13100
2015-09-10 12:58:00,146.1500,146.4000,146.1500,146.2500,8400
2015-09-10 12:59:00,146.5000,146.5000,146.1500,146.3000,4900
2015-09-10 13:00:59,146.5500,146.7000,146.4000,146.4000,5500
2015-09-10 13:01:59,146.5000,146.5500,146.4500,146.5500,3900
2015-09-10 13:02:00,146.3500,146.5500,146.3500,146.5000,2900
2015-09-10 13:03:00,146.5500,146.5500,146.3000,146.3500,3400
2015-09-10 13:04:59,146.7000,146.7000,146.5000,146.5000,7500
2015-09-10 13:05:57,146.6000,146.8500,146.6000,146.7000,5200
2015-09-10 13:06:00,146.8500,146.8500,146.5000,146.5500,4700
2015-09-10 13:07:08,146.7500,146.8500,146.5000,146.8000,3200
2015-09-10 13:08:59,146.8500,146.8500,146.6500,146.7000,2300
2015-09-10 13:09:00,147.0000,147.0000,146.7500,146.8500,3300
2015-09-10 13:10:00,146.8000,147.0000,146.8000,146.9000,3300
2015-09-10 13:11:09,146.8000,146.9000,146.8000,146.8000,1800
2015-09-10 13:12:00,146.9000,146.9000,146.7500,146.9000,5200
2015-09-10 13:13:58,147.1000,147.1000,146.8000,146.9000,5100
2015-09-10 13:14:00,147.1000,147.1000,146.9500,147.1000,1300
2015-09-10 13:15:00,147.1000,147.1500,147.0000,147.1000,6600
2015-09-10 13:16:09,147.3500,147.3500,147.0000,147.0000,4700
2015-09-10 13:17:02,147.3000,147.4500,147.1500,147.2500,5700
2015-09-10 13:18:01,147.5000,147.6500,147.4000,147.4500,5900
2015-09-10 13:19:57,147.4500,147.5000,147.3500,147.4500,3300
2015-09-10 13:20:01,147.3000,147.5000,147.2500,147.3500,6600
2015-09-10 13:21:12,147.6000,147.6000,147.3000,147.3000,2400
2015-09-10 13:22:05,147.6000,147.6000,147.4000,147.5000,3200
2015-09-10 13:23:06,147.6000,147.6000,147.4500,147.6000,3100
2015-09-10 13:24:03,147.5000,147.6500,147.3500,147.5000,4100
2015-09-10 13:25:05,147.5000,147.5000,147.3500,147.5000,3600
2015-09-10 13:26:01,147.5000,147.6500,147.5000,147.5000,4700
2015-09-10 13:27:01,147.3500,147.4500,147.3000,147.4000,5600
2015-09-10 13:28:59,147.6500,147.6500,147.3500,147.4500,3600
2015-09-10 13:29:00,147.5500,147.6500,147.5000,147.5000,3300
2015-09-10 13:30:05,147.3500,147.5000,147.3500,147.5000,3500
2015-09-10 13:31:00,147.2500,147.4000,147.2500,147.3500,7700
2015-09-10 13:32:02,147.3000,147.3000,147.0500,147.3000,4000
2015-09-10 13:33:05,147.2000,147.2500,147.1500,147.2500,5300
2015-09-10 13:34:01,147.0000,147.2000,146.9000,147.2000,7500
2015-09-10 13:35:56,147.0500,147.1000,146.9000,146.9000,3500
2015-09-10 13:36:00,147.2000,147.2000,147.0000,147.0500,5500
2015-09-10 13:37:01,147.1000,147.2000,147.0500,147.2000,6300
2015-09-10 13:38:03,147.1000,147.2000,147.1000,147.1500,3100
2015-09-10 13:39:10,147.1500,147.1500,147.0000,147.1500,3100
2015-09-10 13:40:02,147.0500,147.0500,147.0000,147.0500,5200
2015-09-10 13:41:03,147.1000,147.1000,147.0000,147.0500,3300
2015-09-10 13:42:08,147.1500,147.1500,146.9500,147.0500,2700
2015-09-10 13:43:07,146.9500,147.1000,146.9500,147.0500,7200
2015-09-10 13:44:08,146.9500,147.0000,146.9000,146.9500,2400
2015-09-10 13:45:00,146.9500,147.0500,146.8500,146.8500,5300
2015-09-10 13:46:00,146.8500,147.0000,146.7500,146.9500,8500
2015-09-10 13:47:01,146.9000,146.9500,146.8500,146.8500,2800
2015-09-10 13:48:00,146.9500,146.9500,146.8000,146.9500,5100
2015-09-10 13:49:04,147.0000,147.0500,146.9000,147.0500,9500
2015-09-10 13:50:07,147.1000,147.2500,146.9000,146.9000,5900
2015-09-10 13:51:07,147.2500,147.3500,147.1000,147.1000,3500
2015-09-10 13:52:03,147.3000,147.3500,147.1500,147.3000,6900
2015-09-10 13:53:59,147.6000,147.6000,147.1500,147.2500,8400
2015-09-10 13:54:00,147.3000,147.7500,147.2500,147.6000,12100
2015-09-10 13:55:01,147.6000,147.9000,147.4000,147.4000,15900
2015-09-10 13:56:01,147.2000,147.6000,147.1500,147.6000,10900
2015-09-10 13:57:01,147.1500,147.3000,147.0500,147.2000,8400
2015-09-10 13:58:05,147.0000,147.2500,146.9500,147.1000,7500
2015-09-10 13:59:59,146.9000,147.0000,146.8000,146.9500,4900
2015-09-10 14:00:59,146.8500,147.0000,146.8000,146.9500,5500
2015-09-10 14:01:00,146.6000,146.9000,146.5000,146.8500,12200
2015-09-10 14:02:59,146.2500,146.6000,146.2000,146.6000,12300
2015-09-10 14:03:00,146.6500,146.7000,146.2500,146.3000,7300
2015-09-10 14:04:01,146.4000,146.6500,146.3500,146.6500,6500
2015-09-10 14:05:01,146.7500,146.7500,146.5000,146.5000,5100
2015-09-10 14:06:01,146.9500,146.9500,146.6000,146.7000,6500
2015-09-10 14:07:02,146.7500,147.0000,146.7000,146.9500,12300
2015-09-10 14:08:00,146.8500,146.9500,146.5500,146.9000,7300
2015-09-10 14:09:02,146.7500,146.9500,146.7500,146.8500,8900
2015-09-10 14:10:59,147.0000,147.0500,146.7500,146.8500,8300
2015-09-10 14:11:00,146.9000,147.0500,146.6500,146.9500,5400
2015-09-10 14:12:00,146.8000,147.0500,146.7500,146.8500,11000
2015-09-10 14:13:59,147.1000,147.1000,146.6500,146.8500,8700
2015-09-10 14:14:00,147.0500,147.1500,147.0000,147.1000,5000
2015-09-10 14:15:00,146.8500,147.1000,146.8000,147.1000,7600
2015-09-10 14:16:06,146.7500,146.8500,146.6500,146.8500,7000
2015-09-10 14:17:02,146.7500,146.8000,146.6000,146.6500,5700
2015-09-10 14:18:03,146.8500,146.8500,146.7000,146.7000,3100
2015-09-10 14:19:00,146.8000,146.9000,146.7500,146.8500,7900
2015-09-10 14:20:03,146.7000,146.8500,146.6000,146.8000,6900
2015-09-10 14:21:00,146.7000,146.7500,146.5500,146.7000,3900
2015-09-10 14:22:58,146.7000,146.8000,146.5000,146.7000,4300
2015-09-10 14:23:00,147.0000,147.0000,146.7000,146.7000,3000
2015-09-10 14:24:04,147.0000,147.0500,146.8500,146.9500,5600
2015-09-10 14:25:05,146.9500,146.9500,146.8000,146.8500,4700
2015-09-10 14:26:00,146.8000,146.9500,146.8000,146.9000,3200
2015-09-10 14:27:03,146.6000,146.9000,146.6000,146.8000,6700
2015-09-10 14:28:59,146.8000,146.8000,146.5500,146.7000,3400
2015-09-10 14:29:00,146.7500,146.9000,146.6500,146.8000,10500
2015-09-10 14:30:02,146.7000,146.7500,146.6000,146.7000,4100
2015-09-10 14:31:01,146.6000,146.7000,146.5000,146.6000,8500
2015-09-10 14:32:59,146.5500,146.7000,146.5000,146.6000,8800
2015-09-10 14:33:01,146.7000,146.7000,146.5500,146.6500,2700
2015-09-10 14:34:03,146.9000,146.9000,146.6000,146.6500,4600
2015-09-10 14:35:01,147.0500,147.1500,146.9000,146.9000,8300
2015-09-10 14:36:00,147.0000,147.1000,146.9500,147.0500,6700
2015-09-10 14:37:59,146.9500,147.0000,146.9500,146.9500,4700
2015-09-10 14:38:00,146.9000,147.0500,146.9000,146.9500,8500
2015-09-10 14:39:08,146.8000,146.9500,146.7000,146.9000,5100
2015-09-10 14:40:01,146.7500,146.8000,146.7000,146.7500,5000
2015-09-10 14:41:05,146.7500,146.9000,146.7500,146.7500,9400
2015-09-10 14:42:58,146.8000,146.8500,146.6500,146.7500,8500
2015-09-10 14:43:00,146.8000,146.8500,146.7500,146.7500,2400
2015-09-10 14:44:05,146.8500,146.9500,146.7500,146.8000,8800
2015-09-10 14:45:07,146.9000,146.9500,146.7500,146.7500,5600
2015-09-10 14:46:03,146.9000,146.9000,146.8000,146.8500,4400
2015-09-10 14:47:59,146.8500,146.9500,146.8000,146.9000,4600
2015-09-10 14:48:59,146.7000,146.9000,146.7000,146.9000,5400
2015-09-10 14:49:00,146.5000,146.8000,146.4500,146.7000,14000
2015-09-10 14:50:03,146.5500,146.5500,146.4000,146.4500,6200
2015-09-10 14:51:59,146.8000,146.8500,146.6000,146.6000,7700
2015-09-10 14:52:00,146.9000,146.9000,146.7500,146.7500,3500
2015-09-10 14:53:01,146.8500,146.9000,146.7000,146.9000,5500
2015-09-10 14:54:05,146.8000,146.9000,146.7500,146.8500,4800
2015-09-10 14:55:59,146.8500,146.9000,146.6500,146.7500,11400
2015-09-10 14:56:59,146.8500,146.8500,146.8000,146.8500,3700
2015-09-10 14:57:00,146.7500,146.8500,146.7500,146.8000,3600
2015-09-10 14:58:01,146.7500,146.8000,146.7000,146.7500,3900
2015-09-10 14:59:01,146.9000,146.9000,146.6000,146.8000,9600
2015-09-10 15:00:04,146.9500,147.0000,146.8500,146.8500,14300
2015-09-10 15:01:03,147.2000,147.2000,147.0000,147.0000,10100
2015-09-10 15:02:01,147.5000,147.5000,147.2000,147.2000,29100
2015-09-10 15:03:59,147.8000,147.8000,147.4000,147.4000,25200
2015-09-10 15:04:59,147.9000,147.9000,147.7500,147.7500,23200
2015-09-10 15:05:00,148.0500,148.2000,147.8500,147.9000,28100
2015-09-10 15:06:59,148.3500,148.4500,148.0000,148.1000,32400
2015-09-10 15:07:59,148.4000,148.4000,148.2500,148.3000,22900
2015-09-10 15:08:59,148.5000,148.6500,148.3500,148.3500,37100
2015-09-10 15:09:59,148.8500,148.8500,148.5000,148.6000,15100
2015-09-10 15:10:59,148.9500,149.0000,148.8000,148.8500,43000
2015-09-10 15:11:00,148.9500,149.0000,148.8500,148.8500,28700
2015-09-10 15:12:01,148.9500,149.2000,148.9500,148.9500,33500
2015-09-10 15:13:01,148.8500,149.0500,148.8000,148.9500,34300
2015-09-10 15:14:58,148.9500,148.9500,148.8000,148.8500,19900
2015-09-10 15:15:59,149.2000,149.2500,148.9000,148.9500,35700
2015-09-10 15:16:59,149.3500,149.5000,149.1500,149.2000,34000
2015-09-10 15:17:59,149.1500,149.6000,149.1000,149.4000,44800
2015-09-10 15:18:00,149.2000,149.3500,149.1000,149.1000,24600
2015-09-10 15:19:59,149.4500,149.4500,149.1000,149.1500,21000
2015-09-10 15:20:59,149.7500,149.7500,149.4000,149.4500,27400
2015-09-10 15:21:59,149.6000,149.8000,149.6000,149.8000,32700
2015-09-10 15:22:00,149.6000,149.7000,149.5500,149.6000,23900
2015-09-10 15:23:02,149.5500,149.7000,149.5500,149.6000,22300
2015-09-10 15:24:01,149.8000,149.9000,149.5500,149.5500,18200
2015-09-10 15:25:59,149.9500,150.0000,149.7500,149.7500,31100
2015-09-10 15:26:57,149.8500,150.0000,149.7500,149.9500,24100
2015-09-10 15:27:00,149.7000,149.9000,149.6500,149.8500,11200
2015-09-10 15:28:59,149.3000,149.6500,149.0000,149.5500,13300
2015-09-10 15:29:00,149.2000,149.2000,149.2000,149.2000,100
2015-09-11 09:15:02,149.6000,149.8000,149.1000,149.1000,7800
2015-09-11 09:16:01,150.0500,150.2000,149.6000,149.7000,9700
2015-09-11 09:17:04,150.5500,150.6000,150.0000,150.2000,6100
2015-09-11 09:18:02,149.9000,150.7000,149.4500,150.7000,18600
2015-09-11 09:19:01,150.2000,150.4500,150.1000,150.2500,11900
2015-09-11 09:20:00,150.1500,150.1500,149.7000,150.1000,14200
2015-09-11 09:21:01,149.9000,150.0500,149.8000,150.0500,4900
2015-09-11 09:22:01,149.8500,150.0000,149.8000,149.9000,5700
2015-09-11 09:23:03,149.9500,150.2000,149.6000,149.8000,13200
2015-09-11 09:24:00,149.9500,150.2000,149.9000,149.9500,7000
2015-09-11 09:25:07,149.7500,150.0000,149.7500,149.9000,1200
2015-09-11 09:26:03,149.7000,149.8500,149.6000,149.7500,2500
2015-09-11 09:27:58,149.6000,149.6500,149.3000,149.6000,6500
2015-09-11 09:28:04,149.6000,149.6000,149.4000,149.6000,4600
2015-09-11 09:29:00,149.3500,149.7500,149.3000,149.6000,4600
2015-09-11 09:30:08,149.3000,149.3000,149.1500,149.3000,2300
2015-09-11 09:31:05,149.1000,149.3000,149.1000,149.2000,4000
2015-09-11 09:32:01,149.2000,149.2500,149.1000,149.1000,7100
2015-09-11 09:33:02,149.2500,149.4000,149.2500,149.2500,2600
2015-09-11 09:34:06,149.2500,149.2500,149.1000,149.2500,2800
2015-09-11 09:35:04,149.1500,149.3000,149.1500,149.1500,1800
2015-09-11 09:36:02,149.6500,149.8500,149.2000,149.2000,5700
2015-09-11 09:37:01,149.7500,149.8000,149.6500,149.8000,3400
2015-09-11 09:38:04,149.7000,149.9000,149.7000,149.7500,3400
2015-09-11 09:39:05,150.0000,150.2500,149.7000,149.8500,6200
2015-09-11 09:40:02,149.8500,150.2000,149.8500,150.0000,3700
2015-09-11 09:41:04,150.1500,150.2000,149.7500,150.0000,4100
2015-09-11 09:42:03,149.3500,149.9000,149.3500,149.9000,4300
2015-09-11 09:43:01,149.5000,149.6000,149.2000,149.5000,3200
2015-09-11 09:44:06,149.5000,149.7000,149.5000,149.6000,1000
2015-09-11 09:45:03,149.4500,149.5000,149.4500,149.5000,1600
2015-09-11 09:46:00,149.3000,149.5000,149.0500,149.4500,3000
2015-09-11 09:47:05,149.5500,149.5500,149.3500,149.5000,1800
2015-09-11 09:48:04,149.7000,149.8500,149.5000,149.6500,1800
2015-09-11 09:49:01,149.8500,149.8500,149.5500,149.7000,3200
2015-09-11 09:50:00,149.7000,149.8500,149.7000,149.7500,2700
2015-09-11 09:51:00,149.9000,149.9000,149.7500,149.8500,600
2015-09-11 09:52:03,149.7500,149.8500,149.6500,149.7000,1000
2015-09-11 09:53:19,149.8500,149.9000,149.7500,149.7500,1500
2015-09-11 09:54:01,149.8000,150.0000,149.8000,149.8500,2200
2015-09-11 09:55:15,149.7500,149.9000,149.7000,149.7500,2000
2015-09-11 09:56:07,149.9000,149.9000,149.8000,149.8000,1200
2015-09-11 09:57:09,149.9500,149.9500,149.8000,149.8500,2300
2015-09-11 09:58:05,149.6500,149.8000,149.6500,149.8000,1800
2015-09-11 09:59:20,149.8000,149.9000,149.6000,149.6500,3800
2015-09-11 10:00:59,149.8500,149.9500,149.8000,149.8000,2000
2015-09-11 10:01:00,150.2500,150.3000,149.8000,149.8000,5500
2015-09-11 10:02:03,150.2000,150.4000,150.2000,150.2500,5700
2015-09-11 10:03:06,150.3500,150.3500,150.2000,150.2000,300
2015-09-11 10:04:59,150.1500,150.3000,150.1000,150.1000,3500
2015-09-11 10:05:00,150.3500,150.3500,150.1000,150.1500,2500
2015-09-11 10:06:00,150.0500,150.3000,149.8500,150.3000,6200
2015-09-11 10:07:01,150.0000,150.1500,149.9000,150.1500,2700
2015-09-11 10:08:06,150.0000,150.0000,150.0000,150.0000,1100
2015-09-11 10:09:03,149.8000,149.9500,149.8000,149.9500,2400
2015-09-11 10:10:08,149.8000,149.9500,149.8000,149.9000,1600
2015-09-11 10:11:00,149.8000,149.8000,149.8000,149.8000,600
2015-09-11 10:12:23,149.9500,149.9500,149.8000,149.8000,1000
2015-09-11 10:13:01,149.8000,149.9000,149.8000,149.8500,1500
2015-09-11 10:14:11,150.0000,150.0500,149.8500,149.9000,3800
2015-09-11 10:15:06,149.9000,150.1000,149.9000,150.1000,1900
2015-09-11 10:16:03,150.0500,150.1000,149.9500,150.0000,1600
2015-09-11 10:17:00,150.0500,150.0500,149.9000,149.9000,400
2015-09-11 10:18:59,150.6000,150.6000,150.0000,150.0000,21300
2015-09-11 10:19:59,150.3500,150.6500,150.2500,150.6000,12400
2015-09-11 10:20:57,150.2000,150.4000,150.0000,150.4000,7500
2015-09-11 10:21:06,150.1500,150.2000,150.0500,150.2000,1900
2015-09-11 10:22:13,150.0000,150.0500,150.0000,150.0500,1900
2015-09-11 10:23:02,149.9500,150.0500,149.9500,150.0000,1600
2015-09-11 10:24:02,150.0500,150.1000,149.9500,150.1000,800
2015-09-11 10:25:06,150.0500,150.1000,150.0500,150.0500,2200
2015-09-11 10:26:05,150.1000,150.1500,150.1000,150.1500,1000
2015-09-11 10:27:01,150.0000,150.1500,150.0000,150.1000,3700
2015-09-11 10:28:16,150.0500,150.1000,150.0500,150.1000,300
2015-09-11 10:29:01,150.2000,150.2000,150.0500,150.0500,800
2015-09-11 10:30:16,150.2000,150.4000,150.1000,150.1000,5600
2015-09-11 10:31:27,150.2000,150.2500,150.1500,150.2500,800
2015-09-11 10:32:01,150.2500,150.4000,150.2000,150.2500,2600
2015-09-11 10:33:15,150.2000,150.4000,150.2000,150.2500,3100
2015-09-11 10:34:03,150.2000,150.2500,150.1500,150.2000,2200
2015-09-11 10:35:04,150.0000,150.1500,150.0000,150.1500,1000
2015-09-11 10:36:02,150.0500,150.2000,150.0000,150.0000,1600
2015-09-11 10:37:00,150.1000,150.1000,150.0000,150.0000,1500
2015-09-11 10:38:58,149.8500,150.1000,149.6000,150.0000,8800
2015-09-11 10:39:00,149.5000,149.9000,149.5000,149.6500,4800
2015-09-11 10:40:03,149.6500,149.7000,149.5500,149.7000,900
2015-09-11 10:41:01,149.5000,149.6500,149.5000,149.6000,5400
2015-09-11 10:42:10,149.5000,149.7000,149.5000,149.5000,3000
2015-09-11 10:43:04,149.5500,149.6500,149.4000,149.4500,5200
2015-09-11 10:44:58,149.4000,149.7000,149.4000,149.5500,1600
2015-09-11 10:45:00,149.7000,150.1000,149.4000,149.5500,16600
2015-09-11 10:46:10,149.5500,149.6500,149.5000,149.6500,7200
2015-09-11 10:47:59,149.6500,149.8000,149.6000,149.7000,1400
2015-09-11 10:48:00,149.7000,149.7000,149.5500,149.6500,300
2015-09-11 10:49:00,149.5500,149.5500,149.4500,149.5000,700
2015-09-11 10:50:02,149.6000,150.0000,149.5500,149.5500,7900
2015-09-11 10:51:05,149.4500,149.7000,149.4500,149.6000,3800
2015-09-11 10:52:00,149.4000,149.6000,149.4000,149.5000,2500
2015-09-11 10:53:00,149.7000,149.7000,149.4000,149.5500,2400
2015-09-11 10:54:00,149.6500,149.6500,149.5500,149.5500,600
2015-09-11 10:55:59,149.7500,149.8500,149.5500,149.5500,1500
2015-09-11 10:56:00,149.7000,149.8000,149.6500,149.7500,2400
2015-09-11 10:57:09,149.7000,149.8500,149.6500,149.6500,1800
2015-09-11 10:58:10,149.8000,149.8500,149.6000,149.8500,3600
2015-09-11 10:59:03,149.6500,149.8000,149.6000,149.7000,3700
2015-09-11 11:00:05,149.7000,149.8000,149.6000,149.6000,1000
2015-09-11 11:01:00,149.7000,149.8000,149.6000,149.7000,1000
2015-09-11 11:02:00,149.7000,149.7500,149.6000,149.7000,1900
2015-09-11 11:03:07,149.7000,149.7500,149.5500,149.5500,1100
2015-09-11 11:04:03,149.7000,149.8000,149.6000,149.7000,1900
2015-09-11 11:05:05,149.7000,149.7500,149.6000,149.7500,1500
2015-09-11 11:06:06,149.7000,149.7500,149.7000,149.7000,1300
2015-09-11 11:07:14,149.7500,149.8500,149.7500,149.7500,1500
2015-09-11 11:08:12,149.8500,149.8500,149.7500,149.8500,200
2015-09-11 11:09:12,149.7500,149.7500,149.7500,149.7500,1400
2015-09-11 11:10:04,149.5000,149.7500,149.5000,149.7500,3900
2015-09-11 11:11:04,149.3500,149.5000,149.3000,149.5000,7600
2015-09-11 11:12:02,149.3000,149.4000,149.2500,149.3000,3300
2015-09-11 11:13:00,149.2500,149.4000,149.2000,149.3000,3900
2015-09-11 11:14:01,149.5000,149.5000,149.2500,149.2500,2500
2015-09-11 11:15:59,149.4500,149.6000,149.3500,149.3500,6600
2015-09-11 11:16:00,149.4500,149.5000,149.3000,149.4500,2500
2015-09-11 11:17:00,149.4500,149.5000,149.3500,149.5000,2900
2015-09-11 11:18:04,149.5000,149.5000,149.3500,149.4000,2200
2015-09-11 11:19:03,149.5000,149.6000,149.4500,149.5000,4100
2015-09-11 11:20:03,149.6000,149.7000,149.5000,149.6500,2100
2015-09-11 11:21:00,149.7500,149.7500,149.6000,149.6000,1900
2015-09-11 11:22:59,149.8000,149.8000,149.7000,149.8000,1900
2015-09-11 11:23:02,149.7500,149.8000,149.7000,149.7500,1800
2015-09-11 11:24:08,149.5000,149.7500,149.5000,149.7500,4200
2015-09-11 11:25:59,149.4500,149.5000,149.3500,149.5000,1700
2015-09-11 11:26:00,149.4500,149.5000,149.3500,149.4000,3800
2015-09-11 11:27:04,149.5000,149.6000,149.4500,149.4500,2000
2015-09-11 11:28:08,149.5000,149.7000,149.4000,149.4000,2600
2015-09-11 11:29:00,149.6500,149.7000,149.5000,149.5000,3700
2015-09-11 11:30:00,149.5000,149.7000,149.3500,149.6500,2100
2015-09-11 11:31:03,149.3500,149.7000,149.3000,149.7000,3100
2015-09-11 11:32:05,149.3000,149.4500,149.2500,149.3000,2500
2015-09-11 11:33:57,149.5000,149.6000,149.2500,149.3000,4200
2015-09-11 11:34:01,149.3500,149.6000,149.1000,149.5000,23400
2015-09-11 11:35:04,149.7000,149.7000,149.3000,149.3000,6000
2015-09-11 11:36:10,149.8500,149.8500,149.6500,149.8000,4500
2015-09-11 11:37:01,149.6500,149.8000,149.6500,149.7000,2200
2015-09-11 11:38:59,149.6500,149.7000,149.5500,149.6000,1700
2015-09-11 11:39:00,149.5000,149.7000,149.5000,149.6500,2100
2015-09-11 11:40:02,149.6500,149.7000,149.5000,149.5000,2400
2015-09-11 11:41:01,149.6000,149.7500,149.6000,149.6000,1100
2015-09-11 11:42:04,149.6500,149.8000,149.6500,149.7500,4500
2015-09-11 11:43:04,149.8500,149.8500,149.6500,149.6500,600
2015-09-11 11:44:29,149.6500,149.7500,149.5500,149.7500,1400
2015-09-11 11:45:02,149.7500,149.8000,149.6000,149.7500,1700
2015-09-11 11:46:03,149.6500,149.7500,149.6500,149.7500,3800
2015-09-11 11:47:00,149.5500,149.7500,149.5500,149.6500,2900
2015-09-11 11:48:02,149.6500,149.7500,149.5500,149.5500,2200
2015-09-11 11:49:01,149.5000,149.7000,149.5000,149.6000,2800
2015-09-11 11:50:03,149.6000,149.7000,149.5000,149.5000,1900
2015-09-11 11:51:03,149.7500,149.7500,149.6500,149.6500,1600
2015-09-11 11:52:04,149.6000,149.7500,149.5000,149.7500,1500
2015-09-11 11:53:14,149.9000,149.9000,149.6500,149.6500,3300
2015-09-11 11:54:01,149.7500,149.9000,149.7500,149.9000,200
2015-09-11 11:55:14,149.8000,149.8000,149.7500,149.7500,2900
2015-09-11 11:56:06,149.7500,149.7500,149.7500,149.7500,1000
2015-09-11 11:57:00,149.7500,149.9000,149.7500,149.8000,4000
2015-09-11 11:58:02,149.7500,149.8500,149.7500,149.7500,1900
2015-09-11 11:59:02,149.8500,149.9500,149.7500,149.7500,1600
2015-09-11 12:00:08,149.8500,150.0000,149.8500,150.0000,1700
2015-09-11 12:01:08,150.0000,150.0000,149.8500,149.8500,1100
2015-09-11 12:02:10,149.8000,149.9500,149.8000,149.9000,1600
2015-09-11 12:03:05,149.7500,149.8000,149.7500,149.8000,2900
2015-09-11 12:04:01,149.9000,149.9000,149.7500,149.7500,1900
2015-09-11 12:05:00,149.7500,149.9000,149.7500,149.7500,1700
2015-09-11 12:06:24,149.7500,149.7500,149.7500,149.7500,200
2015-09-11 12:07:04,149.7500,149.7500,149.7500,149.7500,3800
2015-09-11 12:08:04,149.7500,149.7500,149.7500,149.7500,2500
2015-09-11 12:09:31,149.7500,149.7500,149.7500,149.7500,900
2015-09-11 12:10:00,149.7500,149.8500,149.7500,149.7500,400
2015-09-11 12:11:09,149.8500,149.8500,149.8500,149.8500,3900
2015-09-11 12:12:01,149.8500,149.8500,149.8500,149.8500,4800
2015-09-11 12:13:14,149.9500,149.9500,149.8500,149.8500,1100
2015-09-11 12:14:09,149.9500,149.9500,149.8500,149.8500,2000
2015-09-11 12:15:05,150.2000,150.2500,149.8500,149.8500,11700
2015-09-11 12:16:00,149.9000,150.2000,149.9000,150.0500,7500
2015-09-11 12:17:00,149.9500,150.0000,149.8500,149.9000,2500
2015-09-11 12:18:11,149.9500,150.0000,149.8500,149.9000,1700
2015-09-11 12:19:01,149.8500,149.9500,149.8500,149.9500,4300
2015-09-11 12:20:08,149.8500,149.9000,149.8500,149.8500,1700
2015-09-11 12:21:18,150.0000,150.0000,150.0000,150.0000,600
2015-09-11 12:22:00,149.8500,149.9500,149.8500,149.8500,1100
2015-09-11 12:23:01,149.8500,149.9000,149.8500,149.9000,500
2015-09-11 12:24:07,149.8500,149.8500,149.8500,149.8500,200
2015-09-11 12:25:03,149.8500,149.8500,149.8500,149.8500,0
2015-09-11 12:26:11,149.8500,149.8500,149.8500,149.8500,1600
2015-09-11 12:27:05,149.8500,149.8500,149.8500,149.8500,800
2015-09-11 12:28:33,149.8500,149.8500,149.8500,149.8500,300
2015-09-11 12:29:08,149.8500,149.9000,149.8500,149.8500,1400
2015-09-11 12:30:14,149.9000,149.9000,149.8500,149.9000,3900
2015-09-11 12:31:00,149.7500,149.8500,149.7500,149.8500,9300
2015-09-11 12:32:59,149.2500,149.6500,149.1500,149.5500,17200
2015-09-11 12:33:00,149.1000,149.5000,148.6500,149.2000,21100
2015-09-11 12:34:00,149.0000,149.1000,148.7500,149.1000,5500
2015-09-11 12:35:00,148.9500,149.1000,148.8000,149.0000,8500
2015-09-11 12:36:00,149.5000,149.5500,148.8000,148.9000,6000
2015-09-11 12:37:15,149.0500,149.4000,149.0500,149.4000,2600
2015-09-11 12:38:09,149.4500,149.4500,149.2500,149.3000,2000
2015-09-11 12:39:09,149.6500,149.8500,149.3000,149.3000,8100
2015-09-11 12:40:00,149.8000,149.8000,149.6000,149.6500,3300
2015-09-11 12:41:03,149.8000,149.8000,149.6500,149.7500,4300
2015-09-11 12:42:02,149.7000,149.7500,149.6000,149.7000,2600
2015-09-11 12:43:03,149.6000,149.8500,149.6000,149.7000,5900
2015-09-11 12:44:03,149.5000,149.8000,149.5000,149.7000,3300
2015-09-11 12:45:25,149.5000,149.6000,149.5000,149.6000,1800
2015-09-11 12:46:23,149.7500,149.7500,149.7500,149.7500,0
2015-09-11 12:47:13,149.8000,149.8000,149.8000,149.8000,2300
2015-09-11 12:48:03,149.8500,149.8500,149.7500,149.8500,1300
2015-09-11 12:49:02,149.8500,149.9000,149.8500,149.9000,2200
2015-09-11 12:50:27,149.8500,149.8500,149.8500,149.8500,1900
2015-09-11 12:51:11,149.9000,149.9000,149.6500,149.6500,1900
2015-09-11 12:52:07,149.7000,149.8000,149.6000,149.7000,2200
2015-09-11 12:53:01,149.6000,149.7000,149.5000,149.6500,4900
2015-09-11 12:54:01,149.5500,149.6000,149.3500,149.6000,7100
2015-09-11 12:55:00,149.4500,149.6000,149.3500,149.5000,5300
2015-09-11 12:56:03,149.9500,149.9500,149.4500,149.4500,21500
2015-09-11 12:57:01,150.0500,150.2000,149.9500,149.9500,2800
2015-09-11 12:58:59,150.3500,150.4000,150.0500,150.0500,7500
2015-09-11 12:59:00,150.2000,150.4500,150.2000,150.3000,10100
2015-09-11 13:00:59,150.0500,150.0500,149.5500,149.8500,9000
2015-09-11 13:01:59,150.2000,150.3500,150.0500,150.0500,5000
2015-09-11 13:02:00,150.3500,150.3500,150.1000,150.2000,2300
2015-09-11 13:03:59,150.2000,150.3000,150.2000,150.3000,2600
2015-09-11 13:04:00,150.0500,150.2000,150.0500,150.2000,1900
2015-09-11 13:05:00,150.2000,150.2000,150.0500,150.1000,1500
2015-09-11 13:06:01,150.0000,150.2500,150.0000,150.1000,1900
2015-09-11 13:07:06,149.5500,150.1000,149.5000,150.0000,10000
2015-09-11 13:08:05,149.5000,149.9000,149.4500,149.5000,3900
2015-09-11 13:09:20,149.3500,149.5500,149.3000,149.5500,5900
2015-09-11 13:10:00,149.3500,149.4000,149.2500,149.3500,2000
2015-09-11 13:11:03,149.5000,149.8500,149.3500,149.3500,8000
2015-09-11 13:12:02,149.4000,149.6000,149.3500,149.4500,4900
2015-09-11 13:13:02,149.8500,149.8500,149.3500,149.4000,6100
2015-09-11 13:14:28,149.6500,149.8500,149.6500,149.8500,5200
2015-09-11 13:15:25,149.4500,149.7000,149.2500,149.7000,7800
2015-09-11 13:16:06,149.7000,149.7000,149.4500,149.5000,6100
2015-09-11 13:17:10,149.5500,149.5500,149.4000,149.5500,2200
2015-09-11 13:18:01,149.4500,149.6000,149.3500,149.3500,5700
2015-09-11 13:19:03,149.6500,149.6500,149.4500,149.4500,4900
2015-09-11 13:20:57,149.7000,149.7000,149.6000,149.6000,1900
2015-09-11 13:21:01,149.7000,149.7500,149.6000,149.7000,2200
2015-09-11 13:22:10,149.8500,149.8500,149.7000,149.8000,1600
2015-09-11 13:23:00,149.9000,149.9000,149.8500,149.9000,900
2015-09-11 13:24:24,149.8500,149.8500,149.8500,149.8500,500
2015-09-11 13:25:57,149.9000,149.9000,149.8500,149.8500,1000
2015-09-11 13:26:01,149.9000,149.9500,149.8500,149.9000,1900
2015-09-11 13:27:10,149.9000,150.0000,149.9000,150.0000,300
2015-09-11 13:28:12,150.0000,150.0000,149.8500,149.9000,11300
2015-09-11 13:29:01,150.1500,150.1500,150.0000,150.0000,7100
2015-09-11 13:30:00,150.2000,150.3000,149.9500,150.0000,5000
2015-09-11 13:31:01,150.2000,150.4500,150.1500,150.3000,10300
2015-09-11 13:32:02,150.1500,150.2500,150.1000,150.1000,1500
2015-09-11 13:33:01,150.1500,150.2000,150.1500,150.1500,800
2015-09-11 13:34:01,150.0000,150.0000,150.0000,150.0000,1700
2015-09-11 13:35:12,149.7000,150.0000,149.5000,149.8500,11300
2015-09-11 13:36:01,149.8000,149.8500,149.6500,149.6500,11000
2015-09-11 13:37:16,150.0000,150.0000,149.9000,149.9000,300
2015-09-11 13:38:03,149.8500,149.9000,149.8500,149.9000,400
2015-09-11 13:39:13,149.8500,150.0000,149.8500,149.8500,6800
2015-09-11 13:40:07,149.9500,150.0000,149.8500,149.8500,300
2015-09-11 13:41:03,150.0500,150.1500,150.0000,150.1000,6600
2015-09-11 13:42:08,150.0000,150.0500,150.0000,150.0000,900
2015-09-11 13:43:04,150.0000,150.0000,150.0000,150.0000,200
2015-09-11 13:44:01,149.8500,150.0500,149.8500,150.0500,5100
2015-09-11 13:45:01,149.6500,149.8500,149.6000,149.8500,3200
2015-09-11 13:46:04,149.7000,149.7500,149.6500,149.6500,2900
2015-09-11 13:47:00,149.6500,149.7000,149.6000,149.7000,4900
2015-09-11 13:48:08,149.5000,149.7000,149.5000,149.7000,1900
2015-09-11 13:49:01,149.4500,149.5500,149.4500,149.5000,3200
2015-09-11 13:50:01,149.5500,149.5500,149.4000,149.5500,3500
2015-09-11 13:51:08,149.3500,149.5500,149.3500,149.5500,2700
2015-09-11 13:52:11,149.2500,149.4500,149.2500,149.4500,8800
2015-09-11 13:53:02,149.3500,149.4000,149.2000,149.3000,4400
2015-09-11 13:54:00,149.5000,149.5000,149.3500,149.3500,3900
2015-09-11 13:55:01,149.3500,149.4500,149.2500,149.3500,4800
2015-09-11 13:56:06,149.7500,149.7500,149.4500,149.4500,2100
2015-09-11 13:57:59,149.6500,149.9000,149.6500,149.9000,3100
2015-09-11 13:58:00,149.8000,149.8500,149.6000,149.8500,3400
2015-09-11 13:59:11,149.6000,149.8500,149.6000,149.8500,2700
2015-09-11 14:00:01,149.3500,149.6500,149.3500,149.6000,4200
2015-09-11 14:01:09,149.3000,149.4000,149.1000,149.3500,7200
2015-09-11 14:02:01,149.2500,149.4000,149.1000,149.3000,3500
2015-09-11 14:03:05,149.2000,149.3000,149.1500,149.2500,2600
2015-09-11 14:04:01,149.3500,149.5000,149.3000,149.3000,3200
2015-09-11 14:05:11,149.4000,149.5000,149.4000,149.4500,5000
2015-09-11 14:06:05,149.6000,149.7000,149.4500,149.4500,10800
2015-09-11 14:07:59,149.5500,149.7000,149.5500,149.6500,3100
2015-09-11 14:08:00,149.6000,149.6500,149.5500,149.5500,3000
2015-09-11 14:09:10,149.7000,149.7000,149.6000,149.6000,2900
2015-09-11 14:10:05,149.7000,149.7500,149.7000,149.7500,3900
2015-09-11 14:11:11,149.6000,149.7000,149.6000,149.7000,2500
2015-09-11 14:12:05,149.8000,149.8000,149.6000,149.7000,4300
2015-09-11 14:13:34,149.8000,149.8000,149.7500,149.7500,2600
2015-09-11 14:14:01,149.6500,149.7500,149.6000,149.6500,2400
2015-09-11 14:15:12,149.7000,149.9000,149.7000,149.7500,3800
2015-09-11 14:16:09,149.8000,149.8500,149.7000,149.7500,2300
2015-09-11 14:17:03,149.6000,149.7000,149.6000,149.6000,3600
2015-09-11 14:18:20,149.6500,149.7500,149.6000,149.7000,2500
2015-09-11 14:19:06,149.8500,149.9000,149.6500,149.7500,5300
2015-09-11 14:20:04,149.6500,149.8500,149.6000,149.8500,7400
2015-09-11 14:21:06,149.9000,149.9000,149.6000,149.6500,6700
2015-09-11 14:22:10,149.8500,149.9000,149.8500,149.8500,500
2015-09-11 14:23:14,149.9000,149.9000,149.8500,149.8500,2400
2015-09-11 14:24:09,149.7500,149.9500,149.7500,149.9500,4700
2015-09-11 14:25:00,149.7000,149.7500,149.6000,149.7000,5800
2015-09-11 14:26:06,149.4000,149.6500,149.4000,149.4500,4300
2015-09-11 14:27:02,149.3500,149.4000,149.3500,149.4000,3900
2015-09-11 14:28:15,149.4000,149.4500,149.3500,149.4500,3700
2015-09-11 14:29:07,149.4000,149.4500,149.3500,149.4500,4300
2015-09-11 14:30:08,149.4000,149.5000,149.4000,149.4000,3800
2015-09-11 14:31:03,149.3500,149.4000,149.3000,149.4000,2400
2015-09-11 14:32:00,149.3500,149.4000,149.3000,149.3500,7600
2015-09-11 14:33:10,149.3000,149.3500,149.2000,149.2000,1900
2015-09-11 14:34:11,149.4000,149.5000,149.3000,149.3500,2900
2015-09-11 14:35:11,149.4500,149.5000,149.4000,149.4500,1800
2015-09-11 14:36:00,149.4500,149.5000,149.4500,149.5000,2300
2015-09-11 14:37:14,149.4500,149.4500,149.4000,149.4500,1900
2015-09-11 14:38:00,149.4000,149.4500,149.4000,149.4000,1700
2015-09-11 14:39:09,149.3000,149.5000,149.3000,149.5000,3100
2015-09-11 14:40:15,149.4000,149.5000,149.3500,149.4500,2300
2015-09-11 14:41:11,149.4000,149.5000,149.3500,149.4000,1200
2015-09-11 14:42:11,149.7000,149.8000,149.4500,149.4500,4900
2015-09-11 14:43:01,149.6000,149.7000,149.5500,149.7000,4700
2015-09-11 14:44:22,149.6500,149.7000,149.6500,149.6500,3300
2015-09-11 14:45:00,149.5500,149.8500,149.5500,149.6500,3700
2015-09-11 14:46:08,149.7000,149.8000,149.6000,149.6000,2100
2015-09-11 14:47:01,149.6500,149.7500,149.6000,149.7500,4000
2015-09-11 14:48:06,149.7000,149.7500,149.5000,149.5500,3500
2015-09-11 14:49:20,149.5500,149.8500,149.5500,149.8500,3000
2015-09-11 14:50:13,149.7000,149.8000,149.6000,149.6500,3400
2015-09-11 14:51:03,149.7500,149.7500,149.7000,149.7000,1400
2015-09-11 14:52:03,149.8000,149.8500,149.7500,149.7500,2700
2015-09-11 14:53:01,149.8500,149.9000,149.7000,149.9000,8000
2015-09-11 14:54:05,149.7500,149.8500,149.7000,149.8500,3500
2015-09-11 14:55:01,149.8000,149.9000,149.7000,149.8000,3700
2015-09-11 14:56:00,149.9000,149.9000,149.7000,149.7000,1000
2015-09-11 14:57:04,149.8500,150.0000,149.8500,149.9000,14500
2015-09-11 14:58:00,149.9500,150.0500,149.8500,149.8500,900
2015-09-11 14:59:23,149.9500,149.9500,149.8500,149.8500,1900
2015-09-11 15:00:59,149.7500,150.0000,149.7500,149.9500,12500
2015-09-11 15:01:00,149.7000,149.8500,149.6500,149.7500,5500
2015-09-11 15:02:09,149.9000,149.9500,149.7000,149.7500,7300
2015-09-11 15:03:06,150.0000,150.2000,149.9500,150.0000,4700
2015-09-11 15:04:07,149.7500,150.0500,149.6000,150.0000,11200
2015-09-11 15:05:59,149.6000,149.8000,149.5500,149.7500,7900
2015-09-11 15:06:00,149.6500,149.8000,149.5500,149.5500,4300
2015-09-11 15:07:59,149.6500,149.9500,149.6000,149.8000,7600
2015-09-11 15:08:00,149.7000,149.7500,149.6000,149.6000,5600
2015-09-11 15:09:00,149.4000,149.6000,149.3000,149.6000,13200
2015-09-11 15:10:00,149.3000,149.5000,149.3000,149.4000,4900
2015-09-11 15:11:06,149.3500,149.5000,149.3000,149.3000,4900
2015-09-11 15:12:03,148.9500,149.3500,148.9500,149.3500,18000
2015-09-11 15:13:00,148.8500,149.1500,148.8500,149.0500,8400
2015-09-11 15:14:59,148.3000,149.0000,148.3000,148.8500,22900
2015-09-11 15:15:00,148.0000,148.3000,148.0000,148.3000,22800
2015-09-11 15:16:59,148.5000,148.7000,148.0500,148.1000,23400
2015-09-11 15:17:00,148.5500,148.5500,148.2500,148.3500,8900
2015-09-11 15:18:02,148.8000,148.9000,148.4500,148.5500,12600
2015-09-11 15:19:03,149.1500,149.2000,148.8500,149.0000,10600
2015-09-11 15:20:08,148.4000,149.1000,148.4000,149.0500,9700
2015-09-11 15:21:00,147.9500,148.6000,147.8000,148.4000,11100
2015-09-11 15:22:01,148.0500,148.1000,147.8000,147.9500,7300
2015-09-11 15:23:00,148.3500,148.3500,147.9000,147.9000,3300
2015-09-11 15:24:58,148.5000,148.6000,148.2500,148.3000,5500
2015-09-11 15:25:00,148.5500,148.7000,148.3000,148.3500,11000
2015-09-11 15:26:00,148.4500,148.6000,148.3500,148.5500,5100
2015-09-11 15:27:01,148.4000,148.5500,148.1500,148.5000,6100
2015-09-11 15:28:03,148.1000,148.3500,148.0500,148.3000,4200
2015-09-11 15:29:00,148.1000,148.1000,148.1000,148.1000,200
2015-09-14 09:15:03,148.6500,148.9000,148.5000,148.9000,12500
2015-09-14 09:16:00,148.4500,148.6500,148.3500,148.6500,3600
2015-09-14 09:17:02,148.6500,148.8000,148.4500,148.6000,11100
2015-09-14 09:18:00,148.0000,148.6000,148.0000,148.5000,6200
2015-09-14 09:19:05,148.2500,148.4000,148.1000,148.1000,7500
2015-09-14 09:20:02,148.3000,148.5500,148.3000,148.4000,5000
2015-09-14 09:21:07,148.4500,148.5500,148.3000,148.4000,1900
2015-09-14 09:22:04,148.4000,148.5000,148.2000,148.5000,6400
2015-09-14 09:23:00,148.4000,148.6000,148.4000,148.5000,2000
2015-09-14 09:24:01,148.5000,148.5500,148.3000,148.5000,3600
2015-09-14 09:25:59,148.7500,148.9000,148.3000,148.3500,3600
2015-09-14 09:26:01,148.3500,148.7000,148.3500,148.7000,3000
2015-09-14 09:27:01,148.4000,148.4000,148.1500,148.3500,10500
2015-09-14 09:28:00,148.4000,148.6000,148.2500,148.6000,2300
2015-09-14 09:29:26,148.5000,148.5000,148.4000,148.4000,800
2015-09-14 09:30:07,149.0000,149.0000,148.5000,148.5500,10400
2015-09-14 09:31:02,148.9000,149.0500,148.9000,149.0000,2100
2015-09-14 09:32:02,149.0000,149.0000,148.8500,148.9000,2000
2015-09-14 09:33:00,148.5500,149.0000,148.5000,148.8500,10100
2015-09-14 09:34:06,148.7500,148.7500,148.5000,148.5000,2000
2015-09-14 09:35:08,148.7000,148.7000,148.6000,148.7000,100
2015-09-14 09:36:04,148.6500,148.7000,148.6000,148.6000,2000
2015-09-14 09:37:05,148.8000,148.9000,148.7000,148.7000,3300
2015-09-14 09:38:42,148.9000,148.9000,148.7500,148.7500,200
2015-09-14 09:39:11,148.8000,148.8000,148.5000,148.8000,4700
2015-09-14 09:40:02,148.8500,148.9500,148.7500,148.8000,1700
2015-09-14 09:41:00,148.9500,148.9500,148.8500,148.9500,0
2015-09-14 09:42:00,148.8000,148.9000,148.8000,148.8500,2400
2015-09-14 09:43:07,148.8000,148.9000,148.7500,148.9000,1700
2015-09-14 09:44:00,149.1000,149.1000,148.8000,148.8000,6100
2015-09-14 09:45:09,149.5500,149.5500,149.2500,149.2500,20500
2015-09-14 09:46:04,149.3000,149.5500,149.0500,149.5500,11500
2015-09-14 09:47:02,149.4000,149.4500,149.1500,149.2500,4100
2015-09-14 09:48:09,149.6000,149.6000,149.3000,149.4000,5800
2015-09-14 09:49:04,149.5000,149.6000,149.4500,149.5500,1800
2015-09-14 09:50:01,149.5000,149.5500,149.4500,149.5000,1600
2015-09-14 09:51:08,149.5500,149.6500,149.5500,149.6500,1200
2015-09-14 09:52:01,149.6000,149.6000,149.4000,149.5500,5700
2015-09-14 09:53:01,149.5000,149.6000,149.5000,149.6000,1400
2015-09-14 09:54:06,149.4000,149.6000,149.4000,149.5500,1900
2015-09-14 09:55:05,149.2500,149.5000,149.2500,149.4500,8000
2015-09-14 09:56:06,149.4000,149.5000,149.3000,149.3000,4300
2015-09-14 09:57:09,149.2500,149.3500,149.2000,149.3000,5600
2015-09-14 09:58:59,149.0500,149.4000,149.0500,149.4000,3600
2015-09-14 09:59:00,148.9000,149.3500,148.8000,149.3500,7200
2015-09-14 10:00:01,149.1500,149.3000,148.9500,148.9500,1800
2015-09-14 10:01:04,149.3000,149.3500,149.2000,149.2000,100
2015-09-14 10:02:14,149.2000,149.3000,149.2000,149.3000,700
2015-09-14 10:03:02,149.2000,149.2000,149.1000,149.2000,2200
2015-09-14 10:04:02,149.3500,149.3500,149.2500,149.2500,5100
2015-09-14 10:05:11,149.4000,149.4000,149.2500,149.4000,0
2015-09-14 10:06:02,149.1000,149.2500,149.1000,149.2500,3200
2015-09-14 10:07:06,149.1000,149.2500,149.1000,149.1500,4200
2015-09-14 10:08:59,149.0000,149.1000,149.0000,149.1000,2200
2015-09-14 10:09:00,149.0000,149.0000,148.9000,149.0000,2000
2015-09-14 10:10:03,149.0500,149.0500,148.9000,148.9000,1200
2015-09-14 10:11:01,149.0000,149.0500,148.9500,148.9500,400
2015-09-14 10:12:06,149.0000,149.1000,149.0000,149.1000,1100
2015-09-14 10:13:12,148.9500,149.1500,148.9500,149.0000,4300
2015-09-14 10:14:58,148.9000,149.1000,148.9000,149.1000,4100
2015-09-14 10:15:00,148.8000,148.9000,148.7000,148.9000,4800
2015-09-14 10:16:04,148.6000,148.7000,148.5500,148.6500,4100
2015-09-14 10:17:03,148.7000,148.8500,148.6500,148.6500,2800
2015-09-14 10:18:15,149.2000,149.2000,148.8500,148.8500,5000
2015-09-14 10:19:02,149.4000,149.5000,149.1000,149.1000,3800
2015-09-14 10:20:05,149.4500,149.5500,149.4000,149.4000,5500
2015-09-14 10:21:56,149.1000,149.5500,149.1000,149.5000,2900
2015-09-14 10:22:00,149.1000,149.1000,148.9000,149.1000,3800
2015-09-14 10:23:19,148.7000,149.0500,148.6000,149.0500,11200
2015-09-14 10:24:03,148.8500,148.8500,148.6500,148.7000,3900
2015-09-14 10:25:04,148.8500,149.0500,148.8500,149.0000,1600
2015-09-14 10:26:21,148.9000,149.0000,148.9000,148.9000,900
2015-09-14 10:27:10,149.0000,149.0000,148.9000,148.9000,100
2015-09-14 10:28:03,149.1000,149.2000,148.9000,148.9000,2300
2015-09-14 10:29:02,149.3500,149.5500,149.2000,149.2000,6500
2015-09-14 10:30:01,149.4000,149.5500,149.4000,149.4000,2600
2015-09-14 10:31:03,149.4000,149.6000,149.4000,149.6000,200
2015-09-14 10:32:20,149.5000,149.5000,149.5000,149.5000,2300
2015-09-14 10:33:08,149.5000,149.5000,149.4000,149.4000,400
2015-09-14 10:34:31,149.4000,149.4000,149.4000,149.4000,600
2015-09-14 10:35:32,149.4000,149.4000,149.4000,149.4000,900
2015-09-14 10:36:11,149.2500,149.2500,149.1000,149.1500,3300
2015-09-14 10:37:16,149.1500,149.2500,149.1500,149.2000,2100
2015-09-14 10:38:13,149.3500,149.3500,149.2000,149.2500,4400
2015-09-14 10:39:00,149.3000,149.3500,149.3000,149.3000,700
2015-09-14 10:40:00,149.3000,149.3500,149.3000,149.3500,300
2015-09-14 10:41:06,149.4000,149.4000,149.3000,149.3000,1300
2015-09-14 10:42:24,149.3500,149.4000,149.3500,149.4000,200
2015-09-14 10:43:15,149.4500,149.5000,149.3500,149.4000,1600
2015-09-14 10:44:10,149.4500,149.4500,149.4500,149.4500,0
2015-09-14 10:45:17,149.6000,149.6000,149.4500,149.5000,6100
2015-09-14 10:46:14,149.6000,149.6000,149.5000,149.6000,2000
2015-09-14 10:47:00,149.5500,149.8000,149.5500,149.8000,7000
2015-09-14 10:48:01,149.4000,149.5500,149.3500,149.5000,1800
2015-09-14 10:49:18,149.5000,149.5000,149.5000,149.5000,1200
2015-09-14 10:50:05,149.5500,149.5500,149.5000,149.5000,3000
2015-09-14 10:51:19,149.5500,149.5500,149.5000,149.5000,1800
2015-09-14 10:52:01,149.7500,149.7500,149.5000,149.5000,5400
2015-09-14 10:53:03,149.3500,149.7500,149.2000,149.7500,11700
2015-09-14 10:54:01,149.3000,149.4500,149.2500,149.3500,3000
2015-09-14 10:55:05,149.1500,149.3500,149.0000,149.3000,6600
2015-09-14 10:56:00,149.1000,149.4000,149.1000,149.2000,8500
2015-09-14 10:57:01,149.2500,149.5000,149.1000,149.1000,8700
2015-09-14 10:58:06,149.4000,149.4500,149.2500,149.3500,600
2015-09-14 10:59:03,149.3500,149.4000,149.2500,149.4000,1100
2015-09-14 11:00:02,149.4000,149.4500,149.3500,149.3500,400
2015-09-14 11:01:59,149.4000,149.4500,149.4000,149.4500,800
2015-09-14 11:02:59,149.2000,149.4000,149.1500,149.4000,6400
2015-09-14 11:03:00,149.1500,149.2000,149.1000,149.1500,2000
2015-09-14 11:04:06,149.1000,149.2000,149.1000,149.1000,2100
2015-09-14 11:05:00,149.1000,149.2500,149.1000,149.1500,3000
2015-09-14 11:06:03,149.1000,149.2000,149.1000,149.1000,3200
2015-09-14 11:07:01,149.1000,149.2000,149.1000,149.2000,1600
2015-09-14 11:08:02,149.1000,149.2000,149.1000,149.1000,2500
2015-09-14 11:09:21,149.0500,149.1500,149.0500,149.1000,500
2015-09-14 11:10:02,149.1000,149.1500,149.1000,149.1000,600
2015-09-14 11:11:15,149.1500,149.1500,149.1000,149.1500,1300
2015-09-14 11:12:27,149.1000,149.2000,149.1000,149.1000,0
2015-09-14 11:13:55,149.2000,149.2000,149.1000,149.1000,2800
2015-09-14 11:14:00,149.2500,149.2500,149.1000,149.1000,3100
2015-09-14 11:15:11,149.1500,149.2500,149.1500,149.2500,400
2015-09-14 11:16:26,149.1500,149.2500,149.1500,149.2500,600
2015-09-14 11:17:36,149.1500,149.1500,149.1500,149.1500,1000
2015-09-14 11:18:22,149.3000,149.3000,149.1500,149.2500,1000
2015-09-14 11:19:11,149.2000,149.3000,149.2000,149.2500,1900
2015-09-14 11:20:00,149.2000,149.3000,149.2000,149.2000,1400
2015-09-14 11:21:20,149.2000,149.2500,149.2000,149.2000,2800
2015-09-14 11:22:22,149.2000,149.3000,149.2000,149.2000,1500
2015-09-14 11:23:20,149.2000,149.3000,149.1500,149.2500,11900
2015-09-14 11:24:22,149.1500,149.2500,149.1500,149.2500,1700
2015-09-14 11:25:11,149.2500,149.2500,149.2500,149.2500,0
2015-09-14 11:26:06,149.1000,149.2000,149.1000,149.1500,800
2015-09-14 11:27:01,149.1000,149.2000,149.1000,149.1500,2100
2015-09-14 11:28:12,148.7500,149.1500,148.7500,149.0500,10800
2015-09-14 11:29:18,148.7500,148.8500,148.7500,148.8500,3100
2015-09-14 11:30:01,148.7500,148.7500,148.7000,148.7500,2400
2015-09-14 11:31:37,148.7000,148.7000,148.7000,148.7000,0
2015-09-14 11:32:01,148.9000,148.9000,148.7000,148.7000,2200
2015-09-14 11:33:29,148.8500,148.8500,148.7500,148.7500,200
2015-09-14 11:34:22,148.7500,148.8000,148.7500,148.8000,200
2015-09-14 11:35:02,148.8000,148.9000,148.7500,148.7500,600
2015-09-14 11:37:28,148.9000,148.9000,148.8000,148.8500,1400
2015-09-14 11:38:15,148.9000,148.9000,148.8000,148.9000,1600
2015-09-14 11:39:06,148.9000,148.9000,148.8000,148.8000,2000
2015-09-14 11:40:04,148.8000,148.9000,148.8000,148.9000,2000
2015-09-14 11:41:12,148.8000,148.9000,148.8000,148.8000,2800
2015-09-14 11:42:01,148.8500,148.8500,148.7500,148.7500,1700
2015-09-14 11:43:25,148.8500,148.9000,148.8000,148.9000,1400
2015-09-14 11:44:00,148.8000,148.9000,148.8000,148.8500,1000
2015-09-14 11:45:01,148.8000,148.9000,148.8000,148.8000,2000
2015-09-14 11:46:01,148.8000,148.9000,148.7000,148.7500,1100
2015-09-14 11:47:01,148.8000,148.8000,148.8000,148.8000,0
2015-09-14 11:48:01,148.8500,148.8500,148.8000,148.8000,500
2015-09-14 11:49:01,148.8000,148.8000,148.7500,148.8000,4000
2015-09-14 11:50:01,148.7500,148.7500,148.7500,148.7500,0
2015-09-14 11:51:01,148.8000,148.8000,148.8000,148.8000,900
2015-09-14 11:52:56,148.7500,148.7500,148.7000,148.7000,0
2015-09-14 11:53:59,148.7500,148.8000,148.7500,148.7500,1200
2015-09-14 11:54:01,148.8500,148.8500,148.8000,148.8000,1200
2015-09-14 11:55:01,148.4000,148.7500,148.3500,148.7500,22600
2015-09-14 11:56:00,148.5000,148.6000,148.4000,148.4500,6100
2015-09-14 11:57:01,148.4500,148.6000,148.4500,148.5000,1000
2015-09-14 11:58:00,148.3000,148.4500,148.3000,148.4500,3900
2015-09-14 11:59:01,148.4500,148.5000,148.3000,148.3000,800
2015-09-14 12:00:01,148.5000,148.5000,148.4000,148.4000,400
2015-09-14 12:01:02,148.4000,148.5000,148.4000,148.4000,2300
2015-09-14 12:02:59,149.1500,149.2500,148.4000,148.5500,17500
2015-09-14 12:03:59,148.9000,149.2000,148.6500,149.1500,13200
2015-09-14 12:04:59,148.8000,149.0000,148.7000,148.9000,1600
2015-09-14 12:05:01,148.7500,148.8000,148.7000,148.8000,1100
2015-09-14 12:06:01,148.5500,148.8000,148.5500,148.7500,1500
2015-09-14 12:07:58,148.8000,148.8000,148.6000,148.6000,300
2015-09-14 12:08:59,148.7000,148.8000,148.6000,148.8000,1700
2015-09-14 12:09:59,148.7500,148.7500,148.6000,148.6500,700
2015-09-14 12:10:00,148.7500,148.7500,148.6500,148.7500,100
2015-09-14 12:11:02,148.4000,148.7500,148.4000,148.7000,6200
2015-09-14 12:12:02,148.5000,148.6000,148.4000,148.4000,900
2015-09-14 12:13:59,148.6000,148.6000,148.4500,148.5500,1300
2015-09-14 12:14:59,148.6000,148.6000,148.5000,148.6000,1500
2015-09-14 12:15:00,148.6000,148.6000,148.5000,148.6000,0
2015-09-14 12:16:57,148.4500,148.5000,148.4000,148.5000,9300
2015-09-14 12:17:01,148.4000,148.4500,148.4000,148.4500,3400
2015-09-14 12:18:00,148.1500,148.4500,148.1500,148.4500,6500
2015-09-14 12:19:01,147.4000,148.1000,147.1000,148.1000,39800
2015-09-14 12:20:01,147.7500,147.7500,147.3500,147.3500,7200
2015-09-14 12:21:58,147.7500,147.7500,147.5500,147.6000,3600
2015-09-14 12:22:00,147.6000,147.8500,147.6000,147.7000,4200
2015-09-14 12:23:00,147.7000,147.8000,147.6500,147.6500,2100
2015-09-14 12:24:00,147.4500,147.7000,147.4500,147.7000,4500
2015-09-14 12:25:00,147.3500,147.5500,147.3500,147.4000,3900
2015-09-14 12:26:00,147.5500,147.6000,147.3500,147.3500,5000
2015-09-14 12:27:00,147.5500,147.6500,147.5500,147.5500,1700
2015-09-14 12:28:00,147.6000,147.7500,147.5000,147.5500,7000
2015-09-14 12:29:00,147.7000,147.7500,147.5500,147.6000,4700
2015-09-14 12:30:57,147.7500,147.7500,147.5500,147.5500,4200
2015-09-14 12:31:00,147.7000,147.8000,147.6000,147.6000,2700
2015-09-14 12:32:59,147.8500,147.8500,147.6500,147.7000,9400
2015-09-14 12:33:58,147.8500,147.9500,147.7500,147.7500,10300
2015-09-14 12:34:59,147.9000,147.9500,147.7500,147.8500,2000
2015-09-14 12:35:59,147.7000,147.7500,147.6000,147.7500,7100
2015-09-14 12:36:59,147.5000,147.7500,147.4000,147.7500,15000
2015-09-14 12:37:00,147.4000,147.5000,147.4000,147.4000,4500
2015-09-14 12:38:58,147.4500,147.4500,147.3000,147.4000,2600
2015-09-14 12:39:00,147.3500,147.5000,147.3000,147.3000,5200
2015-09-14 12:40:58,147.3500,147.5000,147.2500,147.3500,10800
2015-09-14 12:41:00,147.4000,147.5000,147.3500,147.3500,4400
2015-09-14 12:42:01,147.3000,147.4500,147.2500,147.4000,4200
2015-09-14 12:43:59,147.3500,147.4500,147.3000,147.3000,2000
2015-09-14 12:44:00,147.3500,147.4000,147.3000,147.3500,4000
2015-09-14 12:45:03,147.3000,147.3000,147.3000,147.3000,300
2015-09-14 12:46:59,147.2500,147.5000,147.2500,147.5000,21500
2015-09-14 12:47:59,147.0000,147.4000,147.0000,147.2500,14900
2015-09-14 12:48:59,146.8000,147.0000,146.8000,146.9500,26900
2015-09-14 12:49:00,146.8500,146.9000,146.7500,146.8000,95900
2015-09-14 12:50:01,146.5000,146.8000,145.9000,146.7500,89800
2015-09-14 12:51:01,146.4000,146.7500,146.3000,146.5000,29500
2015-09-14 12:52:00,146.4000,146.6500,146.2500,146.3000,12700
2015-09-14 12:53:59,146.5000,146.7000,146.3500,146.5000,18100
2015-09-14 12:54:01,146.7500,146.8000,146.4500,146.5000,17400
2015-09-14 12:55:59,146.7000,146.8000,146.6000,146.7500,6500
2015-09-14 12:56:00,146.9000,146.9500,146.7000,146.7000,9400
2015-09-14 12:57:59,146.9500,147.0000,146.8000,146.9000,7600
2015-09-14 12:58:00,147.1000,147.1000,146.8000,146.8500,5100
2015-09-14 12:59:59,146.6000,147.0000,146.5500,147.0000,9700
2015-09-14 13:00:00,146.7500,146.7500,146.5000,146.5500,5300
2015-09-14 13:01:59,146.7000,147.0000,146.6500,146.6500,2700
2015-09-14 13:02:00,146.8000,146.8500,146.7000,146.7000,4100
2015-09-14 13:03:00,146.8000,146.9500,146.7000,146.7000,2400
2015-09-14 13:04:00,146.7500,147.0000,146.7500,146.8500,3200
2015-09-14 13:05:00,146.7500,146.9000,146.7500,146.7500,1500
2015-09-14 13:06:59,146.7500,147.0000,146.7500,146.8000,4900
2015-09-14 13:07:59,146.8000,146.9000,146.7500,146.7500,4500
2015-09-14 13:08:58,146.9000,146.9000,146.8000,146.8000,1500
2015-09-14 13:09:59,146.8500,146.9500,146.8000,146.8000,3300
2015-09-14 13:10:57,147.0000,147.0000,146.8000,146.8500,3200
2015-09-14 13:11:00,146.9000,147.0500,146.8500,147.0000,2300
2015-09-14 13:12:59,146.9000,147.0500,146.9000,146.9500,2000
2015-09-14 13:13:59,147.1000,147.1000,147.0000,147.0500,2200
2015-09-14 13:14:00,147.3000,147.3000,147.0500,147.0500,1900
2015-09-14 13:15:01,147.2500,147.3500,147.2000,147.2500,2500
2015-09-14 13:16:00,147.1000,147.3000,147.1000,147.2500,3900
2015-09-14 13:17:59,147.1500,147.2500,147.0500,147.0500,2700
2015-09-14 13:18:58,147.4000,147.5000,147.1500,147.1500,12000
2015-09-14 13:19:59,147.3000,147.5000,147.3000,147.5000,2800
2015-09-14 13:20:01,147.0500,147.2500,147.0000,147.2500,5100
2015-09-14 13:21:02,147.2500,147.2500,147.0500,147.0500,5700
2015-09-14 13:22:01,147.2000,147.4000,147.1500,147.2500,11100
2015-09-14 13:23:58,147.2000,147.2000,147.2000,147.2000,1200
2015-09-14 13:24:00,147.2000,147.3000,147.2000,147.2000,2300
2015-09-14 13:25:00,147.2000,147.4000,147.2000,147.2000,3900
2015-09-14 13:26:02,147.4000,147.4000,147.2000,147.2000,11300
2015-09-14 13:27:01,147.0500,147.4000,147.0000,147.3000,9600
2015-09-14 13:28:01,147.1500,147.1500,147.0000,147.0000,3000
2015-09-14 13:29:59,147.1000,147.2500,147.0500,147.1500,2400
2015-09-14 13:30:59,147.2500,147.3500,147.0500,147.1000,5200
2015-09-14 13:31:00,147.2000,147.4000,147.1000,147.2500,5500
2015-09-14 13:32:01,147.2000,147.3500,147.2000,147.2000,2400
2015-09-14 13:33:00,147.1500,147.3000,147.1500,147.2000,2200
2015-09-14 13:34:58,147.1000,147.3000,147.1000,147.1500,3100
2015-09-14 13:35:00,146.9500,147.2000,146.8500,147.1000,5900
2015-09-14 13:36:59,146.8500,147.0000,146.8000,146.9000,4100
2015-09-14 13:37:58,146.8500,146.9500,146.8500,146.8500,3600
2015-09-14 13:38:00,146.9500,147.0500,146.8000,146.8000,8900
2015-09-14 13:39:58,147.0500,147.0500,146.9500,147.0000,2100
2015-09-14 13:40:00,146.9500,147.0000,146.9500,146.9500,5000
2015-09-14 13:41:59,146.8000,147.0000,146.8000,146.9500,3100
2015-09-14 13:42:59,146.8500,147.0500,146.8000,146.8000,2500
2015-09-14 13:43:00,146.9500,147.0500,146.8500,146.8500,1900
2015-09-14 13:44:00,147.0500,147.1500,146.9500,147.0000,3800
2015-09-14 13:45:59,146.9000,147.1000,146.9000,147.1000,3800
2015-09-14 13:46:00,146.9500,147.1000,146.9000,147.0500,2600
2015-09-14 13:47:01,146.8500,147.0000,146.8500,146.9500,3300
2015-09-14 13:48:59,146.8000,146.9000,146.7500,146.9000,3200
2015-09-14 13:49:59,146.8000,146.9500,146.7500,146.7500,2900
2015-09-14 13:50:00,146.8000,146.9500,146.8000,146.8000,2000
2015-09-14 13:51:01,146.9500,146.9500,146.8000,146.8000,3600
2015-09-14 13:52:59,146.9000,146.9500,146.8000,146.8000,3300
2015-09-14 13:53:00,146.7000,146.9000,146.7000,146.9000,4100
2015-09-14 13:54:59,146.5500,146.9000,146.5500,146.7000,7400
2015-09-14 13:55:00,146.6000,146.7000,146.5000,146.5500,6900
2015-09-14 13:56:59,146.6000,146.7500,146.5500,146.6000,4400
2015-09-14 13:57:59,146.7000,146.8000,146.6000,146.6000,4200
2015-09-14 13:58:59,146.7000,146.8500,146.6500,146.6500,2200
2015-09-14 13:59:01,146.8000,146.8500,146.6500,146.6500,4100
2015-09-14 14:00:59,146.8000,146.9000,146.8000,146.8000,5200
2015-09-14 14:01:59,146.9000,146.9500,146.8000,146.8000,3100
2015-09-14 14:02:00,146.9000,147.0000,146.9000,146.9000,2300
2015-09-14 14:03:00,147.0000,147.0000,146.9000,146.9000,2300
2015-09-14 14:04:01,146.9000,147.0000,146.9000,146.9000,3100
2015-09-14 14:05:59,146.8000,146.9500,146.8000,146.8500,1500
2015-09-14 14:06:58,146.8000,146.9500,146.8000,146.8000,4300
2015-09-14 14:07:01,146.8500,146.9500,146.8000,146.8000,2600
2015-09-14 14:08:58,147.1500,147.4500,146.9000,146.9000,21000
2015-09-14 14:09:58,147.1000,147.3500,147.0500,147.3000,2900
2015-09-14 14:10:58,147.0500,147.1000,147.0000,147.1000,2000
2015-09-14 14:11:00,146.9500,147.1000,146.9500,147.0500,5000
2015-09-14 14:12:01,146.9000,147.0500,146.9000,146.9500,2100
2015-09-14 14:13:02,147.0000,147.0500,146.8500,146.9000,2700
2015-09-14 14:14:01,146.8500,147.0500,146.8500,146.9500,1500
2015-09-14 14:15:01,146.8500,146.9500,146.8000,146.8500,2000
2015-09-14 14:16:59,146.7000,146.8500,146.7000,146.8500,5300
2015-09-14 14:17:00,146.7000,146.8000,146.7000,146.7000,1900
2015-09-14 14:18:02,146.7000,146.8000,146.7000,146.7000,4900
2015-09-14 14:19:59,146.7000,146.8000,146.7000,146.7000,1500
2015-09-14 14:20:59,146.7000,146.8000,146.7000,146.7000,3200
2015-09-14 14:21:00,146.7000,146.8000,146.7000,146.7000,3200
2015-09-14 14:22:59,146.7000,146.8500,146.6500,146.7000,4800
2015-09-14 14:23:58,146.8000,146.9000,146.7500,146.8500,2400
2015-09-14 14:24:01,146.8500,147.0000,146.8000,146.8000,2900
2015-09-14 14:25:59,146.8500,146.9500,146.8000,146.8500,2900
2015-09-14 14:26:59,146.9500,147.0000,146.8500,146.8500,2800
2015-09-14 14:27:59,146.8500,146.9500,146.8000,146.8500,4100
2015-09-14 14:28:59,146.8000,147.0000,146.8000,147.0000,2000
2015-09-14 14:29:59,146.8500,147.0000,146.8500,146.8500,4800
2015-09-14 14:30:59,146.8500,147.0000,146.8500,146.9000,5900
2015-09-14 14:31:59,146.9000,147.0000,146.8500,146.8500,1600
2015-09-14 14:32:00,146.8500,147.0000,146.8500,146.9000,3000
2015-09-14 14:33:00,146.9500,147.1000,146.8500,146.8500,4800
2015-09-14 14:34:01,147.0500,147.2000,146.9500,146.9500,8200
2015-09-14 14:35:00,146.9000,147.0500,146.8500,147.0500,5600
2015-09-14 14:36:01,146.9500,147.0000,146.8500,146.9000,2700
2015-09-14 14:37:01,146.9500,147.0500,146.9000,146.9000,3000
2015-09-14 14:38:59,147.0000,147.1000,146.9500,146.9500,5900
2015-09-14 14:39:00,147.0000,147.1500,147.0000,147.0000,3900
2015-09-14 14:40:59,146.8500,147.0500,146.8500,147.0000,3900
2015-09-14 14:41:00,146.8000,146.9000,146.7500,146.9000,4800
2015-09-14 14:42:59,147.0000,147.0000,146.7500,146.8000,2800
2015-09-14 14:43:59,146.9000,147.0500,146.8500,146.9000,2500
2015-09-14 14:44:59,147.1000,147.3000,146.9000,146.9000,6700
2015-09-14 14:45:00,147.1000,147.2500,147.0500,147.1000,2300
2015-09-14 14:46:59,147.2500,147.4500,147.1000,147.1000,15100
2015-09-14 14:47:59,147.2500,147.2500,147.1000,147.1000,5900
2015-09-14 14:48:59,147.0000,147.2000,147.0000,147.1000,2000
2015-09-14 14:49:00,147.0000,147.1500,146.9500,147.0000,3300
2015-09-14 14:50:59,147.0500,147.2500,147.0000,147.0000,5500
2015-09-14 14:51:58,147.1000,147.2500,147.0500,147.1000,1800
2015-09-14 14:52:59,147.1000,147.2500,147.1000,147.2500,2900
2015-09-14 14:53:00,147.2500,147.2500,147.1000,147.2000,9100
2015-09-14 14:54:59,147.4000,147.5500,147.2500,147.2500,14100
2015-09-14 14:55:58,147.2500,147.5500,147.2500,147.4000,10400
2015-09-14 14:56:58,147.2000,147.3000,147.2000,147.3000,2600
2015-09-14 14:57:00,147.3000,147.4000,147.2000,147.2500,6400
2015-09-14 14:58:59,147.3000,147.4000,147.2500,147.3000,3200
2015-09-14 14:59:00,147.2500,147.4500,147.2000,147.3000,6600
2015-09-14 15:00:59,147.2500,147.4000,147.2500,147.2500,12700
2015-09-14 15:01:59,147.4000,147.4500,147.2500,147.2500,13500
2015-09-14 15:02:00,147.4500,147.7000,147.4500,147.5000,15200
2015-09-14 15:03:00,147.5500,147.6500,147.5000,147.5500,8900
2015-09-14 15:04:59,147.4000,147.5000,147.4000,147.5000,11900
2015-09-14 15:05:59,147.3500,147.5000,147.3500,147.4000,9200
2015-09-14 15:06:59,147.3500,147.4500,147.3500,147.3500,9000
2015-09-14 15:07:59,147.3500,147.4500,147.3500,147.3500,10300
2015-09-14 15:08:59,147.1000,147.4000,147.1000,147.3500,15600
2015-09-14 15:09:58,147.2000,147.3500,147.1500,147.1500,29200
2015-09-14 15:10:59,147.2000,147.3500,147.2000,147.2500,10000
2015-09-14 15:11:59,147.2000,147.3000,147.1500,147.2000,10000
2015-09-14 15:12:59,147.2000,147.2500,147.1000,147.2000,14000
2015-09-14 15:13:58,147.1000,147.3000,147.1000,147.1500,11400
2015-09-14 15:14:00,147.3500,147.5000,147.1000,147.1500,28700
2015-09-14 15:15:59,147.4000,147.5500,147.4000,147.4000,17900
2015-09-14 15:16:00,147.1000,147.4500,147.0500,147.3500,37200
2015-09-14 15:17:59,147.2500,147.4500,147.1000,147.2000,18500
2015-09-14 15:18:59,147.4000,147.5000,147.3000,147.4000,13200
2015-09-14 15:19:59,147.4000,147.5500,147.3500,147.4000,28900
2015-09-14 15:20:59,147.5000,147.6000,147.4000,147.4500,14400
2015-09-14 15:21:59,147.7000,147.7500,147.5000,147.5000,25100
2015-09-14 15:22:59,147.5500,147.7000,147.5500,147.7000,15800
2015-09-14 15:23:00,147.5500,147.6500,147.5000,147.5500,17300
2015-09-14 15:24:59,147.5000,147.6000,147.5000,147.5500,16400
2015-09-14 15:25:00,147.2500,147.6500,147.2500,147.6500,16700
2015-09-14 15:26:59,147.5000,147.5000,147.2500,147.2500,17800
2015-09-14 15:27:00,147.4000,147.5500,147.3500,147.3500,15800
2015-09-14 15:28:59,147.3000,147.7000,147.2500,147.4000,17300
2015-09-14 15:29:00,147.3500,147.5000,147.3000,147.3000,9000
2015-09-14 15:30:00,147.4000,147.4000,147.4000,147.4000,3800
2015-09-15 09:15:00,147.2000,147.8000,146.6000,147.7000,15300
2015-09-15 09:16:01,147.4000,147.4000,147.0000,147.4000,6200
2015-09-15 09:17:59,147.2500,147.4500,147.0500,147.4000,10000
2015-09-15 09:18:59,147.5000,147.5000,147.3500,147.3500,4200
2015-09-15 09:19:00,147.4500,147.5000,147.3500,147.4500,6800
2015-09-15 09:20:59,147.2000,147.5000,147.2000,147.4500,7700
2015-09-15 09:21:00,147.2000,147.3500,147.0000,147.2000,3900
2015-09-15 09:22:01,147.3000,147.3500,147.1500,147.2000,3100
2015-09-15 09:23:00,147.5000,147.5500,147.3000,147.5000,9600
2015-09-15 09:24:00,147.2500,147.5000,147.2000,147.4000,11700
2015-09-15 09:25:03,147.3500,147.4000,147.1500,147.4000,4900
2015-09-15 09:26:02,147.5000,147.5000,147.3500,147.3500,4600
2015-09-15 09:27:01,147.1000,147.5000,147.0500,147.4000,3200
2015-09-15 09:28:00,147.1500,147.4000,147.1000,147.1500,7800
2015-09-15 09:29:05,147.3500,147.5000,147.1000,147.2500,4000
2015-09-15 09:30:03,147.3000,147.5500,147.3000,147.3500,2300
2015-09-15 09:31:00,147.2500,147.5000,147.2000,147.3500,4200
2015-09-15 09:32:01,147.1500,147.3500,147.0000,147.2000,7400
2015-09-15 09:33:00,147.0000,147.2500,147.0000,147.0500,3400
2015-09-15 09:34:59,146.5000,147.0500,146.5000,147.0500,22000
2015-09-15 09:35:00,146.6500,146.7000,146.5000,146.5000,2700
2015-09-15 09:36:02,146.6000,146.7500,146.6000,146.6000,1900
2015-09-15 09:37:05,146.6000,146.7500,146.5000,146.7500,4600
2015-09-15 09:38:03,147.0500,147.0500,146.5500,146.5500,4600
2015-09-15 09:39:05,146.7000,146.9000,146.5500,146.9000,4300
2015-09-15 09:40:02,146.6000,147.0000,146.5500,147.0000,6400
2015-09-15 09:41:02,146.6000,146.7500,146.6000,146.7000,3000
2015-09-15 09:42:00,146.6000,146.7000,146.6000,146.7000,2200
2015-09-15 09:43:02,146.6000,146.7500,146.6000,146.7500,2800
2015-09-15 09:44:01,146.7500,147.0000,146.5500,146.6000,6700
2015-09-15 09:45:04,146.8000,146.9500,146.7500,146.8000,2000
2015-09-15 09:46:05,146.8500,147.1000,146.8500,146.9000,5800
2015-09-15 09:47:05,147.1000,147.2500,146.8500,146.9500,3200
2015-09-15 09:48:03,147.2000,147.2500,147.0500,147.1000,3100
2015-09-15 09:49:00,147.3500,147.4000,147.0000,147.0500,16700
2015-09-15 09:50:58,147.8000,147.8000,147.3000,147.3000,8100
2015-09-15 09:51:59,148.2000,148.2000,147.7500,147.8000,14300
2015-09-15 09:52:59,147.8000,148.2500,147.8000,148.1500,24300
2015-09-15 09:53:00,147.7000,147.9000,147.5500,147.9000,7900
2015-09-15 09:54:05,147.5000,147.6500,147.5000,147.6500,7800
2015-09-15 09:55:01,147.5000,147.6500,147.5000,147.5000,4700
2015-09-15 09:56:00,147.6000,147.6000,147.5000,147.6000,1400
2015-09-15 09:57:05,147.5500,147.6000,147.5000,147.6000,500
2015-09-15 09:58:04,147.6000,147.6500,147.5000,147.5500,1500
2015-09-15 09:59:03,147.6000,147.6000,147.5000,147.6000,6600
2015-09-15 10:00:00,147.5500,147.6000,147.4500,147.5500,2300
2015-09-15 10:01:00,147.6500,147.7000,147.5000,147.6500,3200
2015-09-15 10:02:01,147.7000,147.7000,147.5000,147.6500,3300
2015-09-15 10:03:05,147.5500,147.6500,147.4000,147.6500,5000
2015-09-15 10:04:00,147.5000,147.7500,147.5000,147.5500,2500
2015-09-15 10:05:00,148.0000,148.0000,147.6500,147.6500,8300
2015-09-15 10:06:03,147.8000,148.0000,147.6500,147.9000,5600
2015-09-15 10:07:05,147.9000,147.9000,147.7000,147.8000,900
2015-09-15 10:08:04,147.8000,147.9500,147.8000,147.8500,2300
2015-09-15 10:09:04,147.5000,147.8000,147.5000,147.8000,1700
2015-09-15 10:10:02,147.6000,147.6000,147.5000,147.6000,1000
2015-09-15 10:11:59,147.6000,147.7000,147.5000,147.6000,3600
2015-09-15 10:12:00,147.7500,147.7500,147.5000,147.6000,1100
2015-09-15 10:13:05,147.7500,147.7500,147.6500,147.7500,1700
2015-09-15 10:14:06,147.7000,147.8000,147.6000,147.8000,700
2015-09-15 10:15:02,147.6500,147.7500,147.6000,147.6000,300
2015-09-15 10:16:05,147.7000,147.7000,147.6000,147.7000,900
2015-09-15 10:17:01,147.6000,147.7000,147.5500,147.7000,2500
2015-09-15 10:18:05,147.5000,147.6000,147.5000,147.6000,3900
2015-09-15 10:19:05,147.5500,147.7000,147.4500,147.5500,7600
2015-09-15 10:20:05,147.5000,147.6500,147.4500,147.6500,3300
2015-09-15 10:21:06,147.6500,147.6500,147.5000,147.5500,1200
2015-09-15 10:22:05,147.6000,147.6000,147.5000,147.5500,1900
2015-09-15 10:23:03,147.5000,147.6500,147.4500,147.6500,9700
2015-09-15 10:24:59,147.3000,147.5000,147.2000,147.5000,7600
2015-09-15 10:25:02,147.4000,147.4000,147.3000,147.3000,2100
2015-09-15 10:26:00,147.4000,147.5000,147.4000,147.4000,1400
2015-09-15 10:27:05,147.6500,147.7000,147.4000,147.5000,6300
2015-09-15 10:28:05,147.6500,147.7000,147.6000,147.7000,2000
2015-09-15 10:29:05,147.5500,147.6500,147.5500,147.6500,500
2015-09-15 10:30:00,147.5500,147.7000,147.5500,147.6000,1100
2015-09-15 10:31:02,147.5000,147.6500,147.4500,147.5500,6100
2015-09-15 10:32:05,147.6000,147.6000,147.4500,147.5000,1900
2015-09-15 10:33:05,147.6000,147.6000,147.5000,147.6000,500
2015-09-15 10:34:05,147.5500,147.7000,147.5000,147.6000,600
2015-09-15 10:35:05,147.5500,147.6500,147.5500,147.6500,500
2015-09-15 10:36:05,147.6000,147.7500,147.5500,147.6500,1200
2015-09-15 10:37:02,147.6000,147.7500,147.6000,147.6000,600
2015-09-15 10:38:04,147.5000,147.7000,147.5000,147.7000,800
2015-09-15 10:39:01,147.6000,147.6500,147.5000,147.5000,900
2015-09-15 10:40:02,147.6000,147.6000,147.5500,147.5500,600
2015-09-15 10:41:02,147.5500,147.6500,147.5500,147.6000,500
2015-09-15 10:42:02,147.5500,147.6500,147.5500,147.5500,1400
2015-09-15 10:43:05,147.6000,147.6000,147.5500,147.6000,400
2015-09-15 10:44:05,147.5000,147.6000,147.5000,147.6000,2600
2015-09-15 10:45:05,147.5500,147.6000,147.5000,147.6000,2800
2015-09-15 10:46:04,147.6500,147.7000,147.5000,147.5000,5600
2015-09-15 10:47:05,147.7000,147.7500,147.6500,147.7500,2700
2015-09-15 10:48:04,147.5500,147.7000,147.5500,147.6000,5000
2015-09-15 10:49:05,147.5500,147.6500,147.5500,147.6500,2200
2015-09-15 10:50:01,147.7000,147.7500,147.6000,147.6000,600
2015-09-15 10:51:02,147.5000,147.7000,147.5000,147.6500,3900
2015-09-15 10:52:04,147.5500,147.6000,147.5000,147.6000,9500
2015-09-15 10:53:03,147.6500,147.6500,147.5000,147.5000,8200
2015-09-15 10:54:01,147.5000,147.6000,147.4500,147.5000,13600
2015-09-15 10:55:05,147.5000,147.5000,147.4000,147.5000,1800
2015-09-15 10:56:05,147.4000,147.5000,147.4000,147.5000,500
2015-09-15 10:57:00,147.4500,147.5000,147.4000,147.4000,2200
2015-09-15 10:58:04,147.4000,147.5000,147.4000,147.5000,700
2015-09-15 10:59:00,147.5000,147.6000,147.4500,147.6000,4800
2015-09-15 11:00:59,147.5000,147.5000,147.4500,147.5000,2700
2015-09-15 11:01:00,147.4500,147.5000,147.3000,147.4500,1800
2015-09-15 11:02:59,147.4000,147.5000,147.3000,147.4500,3300
2015-09-15 11:03:59,147.4000,147.4000,147.3000,147.3000,2300
2015-09-15 11:04:59,147.4000,147.4000,147.3000,147.3000,1700
2015-09-15 11:05:59,147.4000,147.4000,147.3000,147.3000,2900
2015-09-15 11:06:59,147.4000,147.4500,147.3000,147.3000,3800
2015-09-15 11:07:59,147.2000,147.4000,147.1000,147.3000,8100
2015-09-15 11:08:58,147.1000,147.2000,147.1000,147.2000,3800
2015-09-15 11:09:00,147.1500,147.2500,147.1000,147.1000,2100
2015-09-15 11:10:00,147.1000,147.2500,147.1000,147.2500,2500
2015-09-15 11:11:00,147.1000,147.2500,147.1000,147.2500,2100
2015-09-15 11:12:59,147.2000,147.2000,147.1000,147.2000,3500
2015-09-15 11:13:00,146.9000,147.1000,146.7500,147.1000,12300
2015-09-15 11:14:01,146.8000,146.8500,146.6500,146.7500,4500
2015-09-15 11:15:01,146.8500,146.8500,146.8000,146.8000,4200
2015-09-15 11:16:00,146.7500,146.9000,146.7500,146.8500,2800
2015-09-15 11:17:59,146.7000,146.9000,146.6000,146.8500,4300
2015-09-15 11:18:01,146.6000,146.8000,146.5500,146.6000,8800
2015-09-15 11:19:01,146.1000,146.7000,146.1000,146.6000,27800
2015-09-15 11:20:59,145.8500,146.1500,145.8500,146.1000,41300
2015-09-15 11:21:58,145.5000,146.0000,145.5000,145.8500,34500
2015-09-15 11:22:59,145.6500,145.7500,145.4000,145.4500,17900
2015-09-15 11:23:59,145.5500,145.7500,145.5000,145.6500,9800
2015-09-15 11:24:01,145.6500,145.6500,145.4000,145.4000,13400
2015-09-15 11:25:00,145.5500,145.7000,145.4500,145.6500,6700
2015-09-15 11:26:59,145.6000,145.6000,145.4500,145.5500,6800
2015-09-15 11:27:01,145.5000,145.6000,145.4000,145.6000,4700
2015-09-15 11:28:59,145.5000,145.6500,145.4500,145.6000,6400
2015-09-15 11:29:00,145.5000,145.6000,145.4500,145.5000,4500
2015-09-15 11:30:00,145.6000,145.6500,145.5000,145.6000,3600
2015-09-15 11:31:00,145.7000,145.7000,145.5000,145.5000,4200
2015-09-15 11:32:00,145.5000,145.7500,145.4500,145.7500,10000
2015-09-15 11:33:59,145.5000,145.7000,145.2500,145.6000,11700
2015-09-15 11:34:01,145.4500,145.5000,145.3000,145.4000,8400
2015-09-15 11:35:59,145.5000,145.5000,145.4500,145.4500,7700
2015-09-15 11:36:00,145.6000,145.6000,145.4500,145.4500,6300
2015-09-15 11:37:00,145.6000,145.7000,145.5500,145.6000,3900
2015-09-15 11:38:01,145.5500,145.6000,145.5500,145.5500,1100
2015-09-15 11:39:00,145.3500,145.6500,145.3000,145.6000,14700
2015-09-15 11:40:00,145.2500,145.5000,145.1000,145.5000,21500
2015-09-15 11:41:00,145.2000,145.2500,145.1000,145.1500,12900
2015-09-15 11:42:00,145.2500,145.4000,145.1000,145.2500,20200
2015-09-15 11:43:59,145.1000,145.3000,145.0500,145.2500,8200
2015-09-15 11:44:59,145.1000,145.2000,145.0500,145.0500,19100
2015-09-15 11:45:59,145.1500,145.2000,145.0500,145.1000,13400
2015-09-15 11:46:59,145.1500,145.2500,145.1500,145.1500,8400
2015-09-15 11:47:00,145.3000,145.4500,145.1500,145.1500,14600
2015-09-15 11:48:59,145.1500,145.4000,145.1000,145.2500,5700
2015-09-15 11:49:00,145.2000,145.2000,145.0500,145.1000,6900
2015-09-15 11:50:01,145.0000,145.2000,144.9000,145.0500,31400
2015-09-15 11:51:01,144.9000,145.1500,144.9000,144.9000,7600
2015-09-15 11:52:59,144.9500,145.1000,144.9000,145.0000,5200
2015-09-15 11:53:00,145.1500,145.1500,145.0000,145.1000,5700
2015-09-15 11:54:01,145.3000,145.3000,145.0000,145.0500,11300
2015-09-15 11:55:01,145.2000,145.3000,145.0500,145.1000,10600
2015-09-15 11:56:01,145.1500,145.3500,145.0500,145.0500,6400
2015-09-15 11:57:02,145.2500,145.3500,145.1500,145.1500,4100
2015-09-15 11:58:00,145.2500,145.3500,145.2000,145.3000,7600
2015-09-15 11:59:00,145.2000,145.3000,145.2000,145.2000,10800
2015-09-15 12:00:58,144.7500,145.2500,144.7500,145.2000,34600
2015-09-15 12:01:59,144.9500,145.0000,144.8000,144.9500,13400
2015-09-15 12:02:58,145.0500,145.0500,144.9500,144.9500,3700
2015-09-15 12:03:59,145.2000,145.2000,145.0000,145.0500,17600
2015-09-15 12:04:59,145.0500,145.2000,145.0500,145.1000,8200
2015-09-15 12:05:59,145.1000,145.2000,145.0000,145.0500,11400
2015-09-15 12:06:00,144.9000,145.1500,144.8500,145.1500,19100
2015-09-15 12:07:00,144.9500,144.9500,144.8500,144.9000,6500
2015-09-15 12:08:59,145.0000,145.0000,144.8500,144.9000,1500
2015-09-15 12:09:01,144.7500,145.0000,144.7500,144.9000,3900
2015-09-15 12:10:00,144.9500,145.0000,144.7500,144.7500,1900
2015-09-15 12:11:00,145.0000,145.0000,144.9500,144.9500,2900
2015-09-15 12:12:01,144.9000,145.0000,144.8500,144.9500,3200
2015-09-15 12:13:00,145.1000,145.2500,144.9000,144.9000,10000
2015-09-15 12:14:59,144.9000,145.2500,144.9000,145.2500,13700
2015-09-15 12:15:00,145.2000,145.3000,144.9000,145.0000,19300
2015-09-15 12:16:00,145.1500,145.2000,145.1000,145.2000,6100
2015-09-15 12:17:59,145.0000,145.2000,145.0000,145.2000,10800
2015-09-15 12:18:00,145.1000,145.1000,145.0000,145.0500,2400
2015-09-15 12:19:00,144.9500,145.1000,144.8500,145.1000,6800
2015-09-15 12:20:59,145.0000,145.0000,144.8000,145.0000,3800
2015-09-15 12:21:00,145.1500,145.2000,144.9000,144.9000,13100
2015-09-15 12:22:59,145.0000,145.1500,145.0000,145.1000,1900
2015-09-15 12:23:59,145.2500,145.2500,145.0000,145.1500,5300
2015-09-15 12:24:59,145.1500,145.4000,145.1000,145.1000,7600
2015-09-15 12:25:00,145.1500,145.2000,145.0500,145.1500,4600
2015-09-15 12:26:01,145.1000,145.2000,145.0000,145.2000,4000
2015-09-15 12:27:59,145.1000,145.2000,145.1000,145.1000,3500
2015-09-15 12:28:59,145.0000,145.1500,145.0000,145.1000,5600
2015-09-15 12:29:00,145.2000,145.2500,145.0000,145.1000,12800
2015-09-15 12:30:59,145.1500,145.5000,144.9500,145.1000,29200
2015-09-15 12:31:00,145.1000,145.1500,145.0000,145.0000,3400
2015-09-15 12:32:00,145.2500,145.2500,145.0500,145.1500,11100
2015-09-15 12:33:59,145.3500,145.3500,145.1000,145.1500,5300
2015-09-15 12:34:59,145.2500,145.3500,145.2000,145.2000,8900
2015-09-15 12:35:00,145.1000,145.3500,145.1000,145.2000,12800
2015-09-15 12:36:01,145.1000,145.1500,145.0500,145.1000,7300
2015-09-15 12:37:59,145.1000,145.1500,145.0500,145.1000,21600
2015-09-15 12:38:59,145.0500,145.2500,145.0000,145.1000,23800
2015-09-15 12:39:00,145.1000,145.2500,145.0500,145.1000,14000
2015-09-15 12:40:59,145.2000,145.2000,145.1000,145.2000,5400
2015-09-15 12:41:59,145.1500,145.2000,145.1000,145.1000,7200
2015-09-15 12:42:59,145.1500,145.2000,145.1000,145.1000,9300
2015-09-15 12:43:59,145.1500,145.1500,145.1000,145.1000,3200
2015-09-15 12:44:58,144.9000,145.1500,144.9000,145.1000,18400
2015-09-15 12:45:01,144.9000,145.0000,144.9000,144.9000,2800
2015-09-15 12:46:59,145.0000,145.0000,144.9000,145.0000,7600
2015-09-15 12:47:59,145.1000,145.1000,144.9000,144.9000,3700
2015-09-15 12:48:59,144.9500,145.1500,144.9500,145.1000,5600
2015-09-15 12:49:01,144.9500,144.9500,144.9500,144.9500,900
2015-09-15 12:50:33,145.0000,145.0000,145.0000,145.0000,9300
2015-09-15 12:51:59,145.0000,145.0500,144.9500,145.0000,4300
2015-09-15 12:52:59,144.9000,145.0000,144.8000,144.9500,8100
2015-09-15 12:53:01,145.1000,145.1000,144.8500,144.9000,6600
2015-09-15 12:54:00,144.8500,145.0500,144.8500,145.0000,6200
2015-09-15 12:55:00,145.0000,145.0500,144.8500,144.9500,3400
2015-09-15 12:56:59,145.1000,145.1000,144.8500,144.8500,4600
2015-09-15 12:57:59,145.1000,145.1000,145.0000,145.1000,8900
2015-09-15 12:58:00,145.0000,145.1000,144.9500,145.0000,6100
2015-09-15 12:59:01,145.1000,145.1000,145.0000,145.1000,8000
2015-09-15 13:00:59,145.0000,145.1000,144.9000,145.1000,3600
2015-09-15 13:01:00,145.0000,145.0000,144.9000,144.9000,3300
2015-09-15 13:02:59,145.0000,145.0000,144.9500,145.0000,1900
2015-09-15 13:03:01,145.0500,145.1000,144.9500,145.0000,1700
2015-09-15 13:04:59,145.1000,145.1500,145.0500,145.1000,6000
2015-09-15 13:05:01,145.1000,145.1000,144.9500,145.0500,2800
2015-09-15 13:06:58,145.0000,145.1000,144.9500,145.1000,8300
2015-09-15 13:07:00,145.1500,145.1500,144.9500,145.0500,5500
2015-09-15 13:08:59,144.9500,145.1000,144.9500,145.0500,5600
2015-09-15 13:09:00,145.0000,145.0000,144.9000,145.0000,2700
2015-09-15 13:10:00,145.1000,145.1000,144.9000,144.9000,8000
2015-09-15 13:11:00,145.1000,145.1000,144.9500,145.1000,2800
2015-09-15 13:12:01,145.2000,145.2000,144.9500,144.9500,4900
2015-09-15 13:13:01,145.0500,145.2000,145.0500,145.1000,5700
2015-09-15 13:14:00,145.0500,145.2500,145.0000,145.2500,11500
2015-09-15 13:15:00,145.1500,145.2000,145.0500,145.1000,4300
2015-09-15 13:16:00,145.1000,145.3000,145.1000,145.2000,10400
2015-09-15 13:17:59,145.0500,145.3500,144.9500,145.0500,17300
2015-09-15 13:18:00,145.1500,145.2000,145.0000,145.0500,3400
2015-09-15 13:19:59,145.1000,145.2000,145.1000,145.1500,2600
2015-09-15 13:20:00,145.2500,145.3000,145.2000,145.2000,1800
2015-09-15 13:21:02,145.2000,145.3000,145.2000,145.2500,1700
2015-09-15 13:22:59,145.3000,145.3000,145.2000,145.2000,4500
2015-09-15 13:23:00,145.3000,145.3000,145.2000,145.2500,2900
2015-09-15 13:24:59,145.0000,145.2500,144.9500,145.2000,9200
2015-09-15 13:25:59,144.9500,145.1500,144.9000,145.0000,10800
2015-09-15 13:26:59,145.0000,145.0000,144.8500,144.9000,4600
2015-09-15 13:27:00,145.0500,145.1000,144.9500,144.9500,1700
2015-09-15 13:28:59,145.0500,145.0500,144.9500,145.0500,3800
2015-09-15 13:29:00,144.9500,145.0500,144.9500,144.9500,1200
2015-09-15 13:30:59,145.0000,145.0000,144.9500,144.9500,4800
2015-09-15 13:31:00,144.8500,145.0000,144.8500,145.0000,6900
2015-09-15 13:32:00,144.5500,145.0000,144.5500,145.0000,23500
2015-09-15 13:33:59,144.7000,145.0000,144.5000,144.5000,12000
2015-09-15 13:34:59,144.7500,144.9000,144.7000,144.7000,4400
2015-09-15 13:35:01,144.7000,144.8000,144.6000,144.7500,2900
2015-09-15 13:36:01,144.7000,144.8000,144.7000,144.7000,2100
2015-09-15 13:37:00,144.7500,144.8500,144.6500,144.8000,2800
2015-09-15 13:38:00,145.0000,145.0000,144.8000,144.8000,5100
2015-09-15 13:39:01,145.0000,145.0000,144.9000,144.9500,2800
2015-09-15 13:40:01,145.0000,145.0000,144.9000,144.9500,2000
2015-09-15 13:41:01,145.0000,145.0000,144.9000,144.9500,3200
2015-09-15 13:42:00,145.1500,145.1500,145.0500,145.0500,2800
2015-09-15 13:43:59,144.9500,145.1000,144.9500,145.0500,4500
2015-09-15 13:44:00,145.0000,145.0000,144.9000,145.0000,4700
2015-09-15 13:45:02,144.8500,145.0000,144.8000,144.9000,1600
2015-09-15 13:46:59,144.9500,145.0000,144.8500,144.8500,3100
2015-09-15 13:47:59,144.9000,144.9500,144.8500,144.8500,2100
2015-09-15 13:48:59,145.0000,145.0000,144.8500,144.9000,4600
2015-09-15 13:49:59,144.9500,145.0000,144.8000,144.8500,2700
2015-09-15 13:50:01,144.9500,144.9500,144.8000,144.8000,2100
2015-09-15 13:51:00,144.8000,144.9000,144.7500,144.8500,3600
2015-09-15 13:52:02,144.7500,144.8500,144.7000,144.8000,2500
2015-09-15 13:53:01,144.7500,144.8000,144.6500,144.7500,3300
2015-09-15 13:54:58,144.5000,144.7500,144.5000,144.7500,4600
2015-09-15 13:55:59,144.4000,144.5500,144.3000,144.5500,10700
2015-09-15 13:56:59,144.1500,144.5500,144.1000,144.5000,12700
2015-09-15 13:57:00,144.4500,144.4500,144.2000,144.2500,3300
2015-09-15 13:58:59,144.4500,144.6000,144.4500,144.4500,5400
2015-09-15 13:59:59,144.5000,144.6500,144.5000,144.5000,5600
2015-09-15 14:00:00,144.3000,144.5000,144.3000,144.5000,12000
2015-09-15 14:01:02,144.4000,144.5500,144.3500,144.3500,4200
2015-09-15 14:02:02,144.4500,144.6500,144.3500,144.3500,7300
2015-09-15 14:03:59,144.3500,144.5500,144.3500,144.5500,6200
2015-09-15 14:04:00,144.3500,144.5000,144.3000,144.3000,3000
2015-09-15 14:05:01,144.4000,144.5000,144.3000,144.3000,3300
2015-09-15 14:06:02,144.4000,144.5000,144.4000,144.4000,3400
2015-09-15 14:07:01,144.4000,144.5000,144.4000,144.4500,2200
2015-09-15 14:08:01,144.4000,144.5500,144.4000,144.4500,2300
2015-09-15 14:09:01,144.5000,144.5000,144.4000,144.4000,2900
2015-09-15 14:10:01,144.4500,144.5000,144.4000,144.4500,3300
2015-09-15 14:11:00,144.5000,144.6000,144.4500,144.4500,1600
2015-09-15 14:12:59,144.5000,144.7500,144.4000,144.6000,12100
2015-09-15 14:13:00,144.5000,144.5500,144.4000,144.4000,3500
2015-09-15 14:14:57,144.4500,144.5500,144.4000,144.4000,3700
2015-09-15 14:15:59,144.1500,144.4000,144.1000,144.4000,12300
2015-09-15 14:16:00,144.0500,144.2500,144.0500,144.1500,8900
2015-09-15 14:17:01,144.0500,144.4000,144.0000,144.1000,27000
2015-09-15 14:18:00,144.1500,144.2500,144.0000,144.0500,3300
2015-09-15 14:19:00,144.2000,144.2500,144.0000,144.2500,8200
2015-09-15 14:20:01,144.2500,144.5000,144.2000,144.2000,7700
2015-09-15 14:21:02,144.4000,144.5000,144.3000,144.3500,3100
2015-09-15 14:22:01,144.2000,144.4500,144.2000,144.4500,3400
2015-09-15 14:23:01,144.4000,144.4500,144.3000,144.3500,1800
2015-09-15 14:24:01,144.4000,144.5000,144.4000,144.4500,1700
2015-09-15 14:25:00,144.3000,144.5000,144.2500,144.4000,2000
2015-09-15 14:26:02,144.4000,144.4000,144.3500,144.3500,2200
2015-09-15 14:27:01,144.5000,144.5000,144.4500,144.4500,4600
2015-09-15 14:28:59,144.4000,144.6000,144.4000,144.5500,4800
2015-09-15 14:29:00,144.3000,144.5000,144.3000,144.4000,3000
2015-09-15 14:30:01,144.3000,144.4000,144.2000,144.3500,2700
2015-09-15 14:31:59,144.4500,144.4500,144.2000,144.4000,3100
2015-09-15 14:32:01,144.1500,144.5000,144.1500,144.3500,5800
2015-09-15 14:33:00,144.2500,144.3500,144.1000,144.1000,3600
2015-09-15 14:34:01,144.4000,144.4500,144.2500,144.2500,2500
2015-09-15 14:35:00,144.4000,144.5000,144.4000,144.5000,4800
2015-09-15 14:36:01,144.3000,144.4500,144.2000,144.3000,3000
2015-09-15 14:37:02,144.2000,144.3500,144.2000,144.3000,3700
2015-09-15 14:38:01,144.2500,144.3500,144.2000,144.3000,2200
2015-09-15 14:39:01,144.3000,144.5000,144.2000,144.2500,15500
2015-09-15 14:40:02,144.4000,144.5000,144.3000,144.4500,2800
2015-09-15 14:41:01,144.4500,144.7000,144.4000,144.5000,5900
2015-09-15 14:42:59,144.5000,144.6000,144.4000,144.5000,3600
2015-09-15 14:43:00,144.4500,144.7000,144.4000,144.5500,3700
2015-09-15 14:44:01,144.4500,144.6500,144.4500,144.6000,5000
2015-09-15 14:45:01,144.2500,144.6000,144.2500,144.6000,8300
2015-09-15 14:46:01,144.4000,144.4500,144.3000,144.3000,2800
2015-09-15 14:47:01,144.5000,144.6500,144.4500,144.5000,3200
2015-09-15 14:48:00,144.5000,144.5500,144.4000,144.5000,4800
2015-09-15 14:49:59,144.5000,144.6000,144.5000,144.5000,2400
2015-09-15 14:50:00,144.5000,144.6500,144.3500,144.5000,6600
2015-09-15 14:51:59,144.3500,144.5500,144.3500,144.4500,6400
2015-09-15 14:52:00,144.4500,144.5500,144.3000,144.3500,4000
2015-09-15 14:53:00,144.5000,144.6500,144.4500,144.4500,4700
2015-09-15 14:54:00,144.5000,144.6000,144.3500,144.6000,8500
2015-09-15 14:55:59,144.3500,144.6000,144.3500,144.5000,5700
2015-09-15 14:56:00,144.2500,144.4000,144.2500,144.3000,3600
2015-09-15 14:57:01,144.2500,144.4000,144.2000,144.4000,6600
2015-09-15 14:58:59,144.3000,144.3500,144.2500,144.3500,3700
2015-09-15 14:59:59,144.2500,144.4000,144.2500,144.3500,5800
2015-09-15 15:00:00,144.4000,144.4000,144.2500,144.3000,8400
2015-09-15 15:01:01,144.5000,144.6000,144.4000,144.4000,12800
2015-09-15 15:02:00,144.6500,144.6500,144.5000,144.5000,9400
2015-09-15 15:03:01,144.7500,144.8500,144.5500,144.6500,15100
2015-09-15 15:04:00,144.6500,144.8000,144.6000,144.6500,12400
2015-09-15 15:05:00,144.7000,144.9000,144.6500,144.6500,12000
2015-09-15 15:06:59,144.6500,144.8500,144.6500,144.7500,13400
2015-09-15 15:07:00,144.6500,144.7000,144.5000,144.6000,12000
2015-09-15 15:08:00,144.4000,144.6500,144.4000,144.6500,10500
2015-09-15 15:09:00,144.5000,144.5500,144.4000,144.4000,12100
2015-09-15 15:10:59,144.4000,144.6000,144.4000,144.5000,13000
2015-09-15 15:11:59,144.4000,144.7000,144.3000,144.5000,10300
2015-09-15 15:12:00,144.5000,144.5000,144.3500,144.4500,15100
2015-09-15 15:13:01,144.4000,144.5000,144.3500,144.4000,19900
2015-09-15 15:14:59,144.4000,144.7500,144.3500,144.5000,61100
2015-09-15 15:15:01,144.3000,144.4500,144.3000,144.3500,25100
2015-09-15 15:16:01,144.1000,144.3500,144.0000,144.3000,33900
2015-09-15 15:17:59,144.0500,144.3500,144.0500,144.2000,18700
2015-09-15 15:18:00,144.3500,144.5000,144.0500,144.2000,15400
2015-09-15 15:19:01,144.4000,144.5500,144.3000,144.4000,12200
2015-09-15 15:20:01,144.7000,144.7500,144.5000,144.5000,18500
2015-09-15 15:21:59,144.5500,144.7500,144.4000,144.7500,22800
2015-09-15 15:22:59,144.4000,144.7000,144.4000,144.6000,14600
2015-09-15 15:23:59,144.3000,144.7000,144.3000,144.5500,16800
2015-09-15 15:24:59,144.3000,144.6000,144.3000,144.4500,12300
2015-09-15 15:25:59,144.2000,144.5000,144.1500,144.2500,15600
2015-09-15 15:26:00,144.1000,144.4500,144.0000,144.1000,12800
2015-09-15 15:27:01,143.9500,144.2500,143.9500,144.1000,19800
2015-09-15 15:28:00,144.4500,144.4500,143.7500,143.9000,22500
2015-09-15 15:29:00,143.8500,144.1500,143.8000,144.1500,5600
2015-09-15 15:30:00,143.9500,143.9500,143.9500,143.9500,0
