2015-09-10 09:15:01,1079.5000,1083.9500,1078.5000,1082.0000,40700
2015-09-10 09:16:59,1081.9500,1082.0500,1079.0500,1079.5000,13000
2015-09-10 09:17:59,1080.0500,1083.7500,1080.0000,1081.9500,23000
2015-09-10 09:18:59,1081.2000,1081.9500,1079.2500,1080.9000,11100
2015-09-10 09:19:00,1081.7000,1082.0000,1081.2500,1081.5000,6700
2015-09-10 09:20:59,1083.9000,1084.7000,1081.7000,1081.9500,29900
2015-09-10 09:21:59,1085.8000,1086.0000,1083.2000,1083.2000,13300
2015-09-10 09:22:00,1086.2500,1086.8000,1085.4000,1085.4000,15600
2015-09-10 09:23:59,1089.2000,1090.9500,1086.2500,1086.2500,22200
2015-09-10 09:24:59,1090.0000,1091.5000,1089.0000,1089.0500,17100
2015-09-10 09:25:58,1088.9000,1089.5500,1085.9500,1089.5000,16500
2015-09-10 09:26:59,1086.6000,1089.6000,1086.6000,1089.2500,18100
2015-09-10 09:27:59,1089.7000,1089.7500,1086.1000,1086.6500,16200
2015-09-10 09:28:59,1088.5000,1089.7000,1087.6500,1089.7000,13300
2015-09-10 09:29:59,1088.9500,1089.8000,1088.5000,1089.0000,8900
2015-09-10 09:30:59,1088.8500,1089.9500,1088.0500,1089.0000,9000
2015-09-10 09:31:59,1087.8000,1089.9000,1087.8000,1088.1500,8300
2015-09-10 09:32:59,1087.8000,1087.9500,1086.1000,1087.9500,11900
2015-09-10 09:33:00,1090.3500,1090.5000,1087.0000,1087.0500,20300
2015-09-10 09:34:59,1088.4500,1090.3000,1087.3000,1089.6500,14500
2015-09-10 09:35:59,1088.8500,1088.9500,1087.8500,1088.5000,8200
2015-09-10 09:36:00,1088.9000,1089.0000,1088.0000,1088.9000,8400
2015-09-10 09:37:59,1089.1500,1089.1500,1087.1500,1088.9000,10200
2015-09-10 09:38:59,1089.2500,1089.4500,1089.0000,1089.0000,3800
2015-09-10 09:39:59,1091.0000,1091.3500,1089.2500,1089.3000,27500
2015-09-10 09:40:59,1090.6500,1091.3000,1090.5500,1091.3000,3700
2015-09-10 09:41:59,1089.8500,1091.1000,1088.9000,1090.6000,11400
2015-09-10 09:42:00,1089.7500,1089.8000,1089.0000,1089.8000,5900
2015-09-10 09:43:59,1089.8000,1090.2500,1089.7000,1089.7500,6400
2015-09-10 09:44:00,1090.1500,1090.6000,1089.7000,1090.0000,7900
2015-09-10 09:45:59,1089.7500,1090.2000,1089.0000,1090.2000,10600
2015-09-10 09:46:00,1089.8500,1090.5000,1089.6000,1089.6000,9900
2015-09-10 09:47:02,1089.2500,1089.8000,1088.5000,1089.8000,6400
2015-09-10 09:48:59,1090.5000,1091.0000,1088.6000,1088.6000,6500
2015-09-10 09:49:00,1090.8500,1090.9500,1090.3500,1090.9500,7800
2015-09-10 09:50:00,1090.3500,1091.0000,1089.5000,1090.8500,10600
2015-09-10 09:51:00,1089.5500,1090.8500,1089.1000,1090.3500,8700
2015-09-10 09:52:01,1090.3000,1090.4500,1089.1500,1089.5500,11000
2015-09-10 09:53:04,1090.0000,1090.3000,1089.8500,1090.3000,6000
2015-09-10 09:54:01,1089.8000,1090.8000,1089.5000,1090.5000,10100
2015-09-10 09:55:01,1089.7500,1090.6500,1089.6500,1089.6500,14400
2015-09-10 09:56:59,1090.0000,1090.4500,1089.5500,1089.7500,10300
2015-09-10 09:57:00,1089.8500,1090.5500,1089.5000,1090.1500,10300
2015-09-10 09:58:00,1089.4500,1090.4500,1088.9500,1089.9000,11400
2015-09-10 09:59:59,1089.9000,1089.9000,1088.6000,1089.5000,8200
2015-09-10 10:00:00,1089.0000,1090.0000,1088.5000,1089.7500,7300
2015-09-10 10:01:01,1089.0000,1089.0000,1088.7500,1089.0000,5300
2015-09-10 10:02:00,1088.4000,1089.4000,1088.3500,1089.0000,9500
2015-09-10 10:03:00,1088.9500,1089.2500,1088.3500,1088.3500,3900
2015-09-10 10:04:01,1088.3500,1088.9500,1088.1000,1088.7500,4500
2015-09-10 10:05:59,1088.4500,1088.8000,1088.2500,1088.3000,7700
2015-09-10 10:06:00,1087.5000,1088.5000,1087.0000,1088.4500,5100
2015-09-10 10:07:01,1086.7000,1087.5000,1086.1000,1087.4500,7500
2015-09-10 10:08:59,1086.7000,1086.7000,1086.3500,1086.5000,8400
2015-09-10 10:09:59,1088.1500,1088.4500,1086.5500,1086.7000,10000
2015-09-10 10:10:00,1086.9000,1088.3000,1086.5000,1087.9500,5400
2015-09-10 10:11:03,1086.5500,1086.9000,1086.5500,1086.6500,3700
2015-09-10 10:12:01,1086.5500,1086.6500,1086.5000,1086.6000,4800
2015-09-10 10:13:00,1086.4000,1086.6000,1086.1000,1086.6000,8100
2015-09-10 10:14:59,1086.0500,1086.2500,1085.9500,1086.2500,11400
2015-09-10 10:15:00,1087.5000,1087.9500,1085.7000,1086.2500,10100
2015-09-10 10:16:59,1087.5000,1087.6000,1087.4000,1087.6000,4900
2015-09-10 10:17:59,1087.2000,1087.5000,1086.8500,1087.5000,13200
2015-09-10 10:18:59,1087.0000,1087.2000,1086.8500,1087.2000,10300
2015-09-10 10:19:00,1087.0000,1087.0000,1086.9000,1087.0000,3200
2015-09-10 10:20:00,1086.0500,1087.0000,1086.0500,1087.0000,13500
2015-09-10 10:21:01,1086.3500,1086.7500,1085.4500,1086.1000,10300
2015-09-10 10:22:59,1086.1500,1086.9000,1085.9500,1086.4000,3400
2015-09-10 10:23:59,1087.0000,1087.0000,1086.1500,1086.1500,7500
2015-09-10 10:24:58,1087.0500,1087.0500,1086.8500,1086.8500,14100
2015-09-10 10:25:00,1086.0000,1087.0500,1085.9500,1087.0500,7000
2015-09-10 10:26:59,1086.3000,1086.3500,1086.1000,1086.3500,3600
2015-09-10 10:27:00,1086.2000,1086.3000,1085.5000,1086.3000,9500
2015-09-10 10:28:59,1086.7000,1086.9000,1086.2500,1086.3000,4100
2015-09-10 10:29:00,1086.6500,1086.7000,1086.6500,1086.6500,4800
2015-09-10 10:30:03,1086.8500,1087.0000,1086.6500,1087.0000,3200
2015-09-10 10:31:01,1086.9500,1087.0000,1086.8000,1086.8500,5200
2015-09-10 10:32:01,1086.9000,1087.0500,1086.9000,1087.0000,8200
2015-09-10 10:33:00,1086.5000,1087.0000,1086.0000,1087.0000,8300
2015-09-10 10:34:59,1085.7000,1086.6000,1085.0000,1086.5000,5900
2015-09-10 10:35:00,1086.5000,1086.6000,1085.7000,1085.7000,10600
2015-09-10 10:36:00,1086.4500,1086.6000,1086.3500,1086.3500,4200
2015-09-10 10:37:00,1085.8000,1086.6000,1085.5000,1086.6000,11900
2015-09-10 10:38:01,1086.3000,1086.8500,1086.2000,1086.8500,2900
2015-09-10 10:39:01,1086.8500,1086.9500,1086.2000,1086.3000,5000
2015-09-10 10:40:03,1085.7500,1086.8500,1085.7500,1086.8500,8000
2015-09-10 10:41:10,1085.9500,1086.0500,1085.7500,1086.0500,2400
2015-09-10 10:42:01,1085.9000,1085.9500,1085.9000,1085.9500,6000
2015-09-10 10:43:59,1085.8000,1085.9500,1085.7000,1085.9000,4000
2015-09-10 10:44:00,1085.8500,1085.8500,1085.7000,1085.7500,7300
2015-09-10 10:45:01,1085.1000,1085.8500,1084.9500,1085.8500,12100
2015-09-10 10:46:59,1084.6000,1085.1000,1084.6000,1085.1000,6300
2015-09-10 10:47:00,1084.4500,1084.6000,1084.4000,1084.6000,5800
2015-09-10 10:48:01,1083.6500,1084.4500,1083.6000,1084.4500,9000
2015-09-10 10:49:01,1083.4500,1083.6000,1083.4000,1083.6000,3800
2015-09-10 10:50:59,1083.1000,1083.4000,1083.0500,1083.4000,5200
2015-09-10 10:51:00,1083.8000,1083.8000,1083.0500,1083.0500,12300
2015-09-10 10:52:03,1083.5500,1083.7500,1083.5000,1083.7500,6800
2015-09-10 10:53:59,1083.5500,1083.5500,1083.5000,1083.5500,3700
2015-09-10 10:54:00,1084.3000,1084.4000,1083.5000,1083.5500,8900
2015-09-10 10:55:02,1084.0000,1084.3500,1083.6000,1084.3500,8500
2015-09-10 10:56:00,1083.7500,1084.2000,1083.7000,1084.2000,3200
2015-09-10 10:57:00,1084.2500,1084.7000,1083.7000,1083.7500,4900
2015-09-10 10:58:06,1084.1500,1084.2000,1084.1000,1084.1000,2000
2015-09-10 10:59:00,1085.0500,1085.1500,1084.1500,1084.2000,13500
2015-09-10 11:00:59,1085.0000,1085.0500,1084.9000,1085.0500,13000
2015-09-10 11:01:00,1085.3000,1085.5000,1084.9000,1085.0500,6900
2015-09-10 11:02:00,1085.0000,1085.3000,1084.8000,1085.3000,14200
2015-09-10 11:03:01,1085.1000,1085.5000,1085.0000,1085.0000,7800
2015-09-10 11:04:00,1085.1500,1085.1500,1085.0000,1085.1500,5100
2015-09-10 11:05:59,1084.9000,1085.0500,1084.9000,1085.0000,9800
2015-09-10 11:06:00,1085.4500,1085.4500,1084.8500,1084.9000,9000
2015-09-10 11:07:03,1085.5500,1086.0000,1085.2000,1085.4500,4400
2015-09-10 11:08:01,1085.9000,1086.0000,1085.5500,1085.6000,4600
2015-09-10 11:09:01,1085.9000,1085.9000,1085.8000,1085.9000,3100
2015-09-10 11:10:59,1085.8500,1085.9000,1085.8500,1085.9000,3200
2015-09-10 11:11:00,1085.0500,1085.9000,1084.6500,1085.8500,15500
2015-09-10 11:12:00,1084.2000,1085.0500,1084.2000,1085.0000,7800
2015-09-10 11:13:01,1085.0000,1085.0500,1084.9500,1085.0000,9000
2015-09-10 11:14:01,1085.0500,1085.0500,1085.0000,1085.0500,9300
2015-09-10 11:15:01,1085.5000,1085.6500,1085.1000,1085.6500,3000
2015-09-10 11:16:58,1085.0000,1085.6000,1085.0000,1085.5000,9300
2015-09-10 11:17:00,1085.0500,1085.0500,1084.6000,1085.0000,12700
2015-09-10 11:18:01,1085.0000,1085.0500,1084.9000,1085.0000,5800
2015-09-10 11:19:00,1085.0000,1085.0500,1084.8500,1085.0500,8400
2015-09-10 11:20:59,1085.0500,1085.0500,1085.0000,1085.0000,9700
2015-09-10 11:21:00,1085.4000,1086.0000,1085.0000,1085.0500,6800
2015-09-10 11:22:02,1085.8500,1085.8500,1085.4000,1085.4000,5900
2015-09-10 11:23:00,1085.7500,1085.7500,1085.6000,1085.7500,3600
2015-09-10 11:24:59,1085.0500,1085.7500,1085.0000,1085.7500,11200
2015-09-10 11:25:00,1085.0500,1085.0500,1084.8000,1085.0500,5700
2015-09-10 11:26:01,1085.0500,1085.0500,1084.9000,1085.0500,5000
2015-09-10 11:27:02,1085.0500,1085.0500,1084.8000,1085.0500,6400
2015-09-10 11:28:02,1084.9000,1085.0500,1084.9000,1085.0000,6200
2015-09-10 11:29:59,1085.0000,1085.0500,1084.9000,1085.0500,6500
2015-09-10 11:30:00,1085.2500,1085.5000,1084.9500,1085.0000,10100
2015-09-10 11:31:09,1085.0000,1085.4000,1085.0000,1085.3000,7800
2015-09-10 11:32:00,1084.6500,1085.0000,1084.5000,1085.0000,15900
2015-09-10 11:33:59,1083.5000,1084.6500,1083.4500,1084.5000,10600
2015-09-10 11:34:59,1083.0500,1083.5000,1083.0500,1083.5000,6200
2015-09-10 11:35:59,1082.0500,1083.1000,1081.9000,1083.0500,14200
2015-09-10 11:36:59,1081.4000,1082.0500,1081.0000,1082.0500,7200
2015-09-10 11:37:00,1081.0500,1082.0500,1081.0000,1081.3000,10000
2015-09-10 11:38:04,1080.9000,1081.5000,1080.6000,1081.0000,5200
2015-09-10 11:39:59,1079.0000,1080.9500,1078.8000,1080.9000,16600
2015-09-10 11:40:59,1079.1000,1079.7000,1078.9500,1079.0000,9600
2015-09-10 11:41:59,1078.9000,1079.5500,1078.8000,1079.2500,9200
2015-09-10 11:42:01,1079.0000,1079.0000,1078.2000,1078.9000,10300
2015-09-10 11:43:01,1079.2000,1079.7000,1078.8500,1079.0000,10400
2015-09-10 11:44:59,1079.6500,1079.8000,1078.8000,1079.2000,12700
2015-09-10 11:45:00,1079.8000,1080.1500,1079.0000,1079.1500,8400
2015-09-10 11:46:01,1079.6000,1080.7500,1079.6000,1079.9500,8900
2015-09-10 11:47:00,1080.0000,1080.4000,1079.9000,1079.9000,7400
2015-09-10 11:48:00,1080.2000,1080.9500,1080.0000,1080.0000,7000
2015-09-10 11:49:00,1080.1500,1080.4000,1080.0000,1080.3000,1700
2015-09-10 11:50:59,1080.1500,1080.1500,1080.0500,1080.1500,6500
2015-09-10 11:51:00,1080.3000,1080.8500,1080.1000,1080.1500,6900
2015-09-10 11:52:01,1080.0000,1080.8000,1080.0000,1080.3000,5000
2015-09-10 11:53:00,1080.1500,1080.1500,1079.0000,1079.9500,7800
2015-09-10 11:54:01,1080.0500,1080.1500,1079.7500,1080.1500,8200
2015-09-10 11:55:00,1079.6500,1080.0500,1079.1500,1079.9500,7100
2015-09-10 11:56:00,1079.9000,1079.9000,1079.1500,1079.6000,3400
2015-09-10 11:57:00,1080.0500,1080.0500,1079.6500,1079.6500,8500
2015-09-10 11:58:59,1080.2500,1080.2500,1079.9000,1080.0000,8100
2015-09-10 11:59:00,1081.5000,1081.5000,1080.2500,1080.2500,6800
2015-09-10 12:00:59,1080.0000,1082.5000,1080.0000,1081.6500,13900
2015-09-10 12:01:00,1080.7500,1080.9500,1080.0000,1080.2500,6500
2015-09-10 12:02:00,1080.5000,1081.0000,1080.2500,1080.5000,4800
2015-09-10 12:03:59,1080.9000,1080.9000,1080.1000,1080.3000,8200
2015-09-10 12:04:00,1080.5000,1081.2000,1080.0000,1080.6500,7200
2015-09-10 12:05:00,1080.3000,1080.5000,1080.0000,1080.0000,4500
2015-09-10 12:06:59,1081.5000,1081.5000,1080.1000,1080.1000,13800
2015-09-10 12:07:00,1080.9000,1081.5000,1080.6500,1081.3500,3300
2015-09-10 12:08:00,1080.8500,1080.9000,1080.2500,1080.2500,2800
2015-09-10 12:09:00,1080.8000,1080.8500,1080.7500,1080.7500,3100
2015-09-10 12:10:00,1080.3500,1080.8500,1080.3000,1080.8000,3400
2015-09-10 12:11:00,1080.6500,1080.6500,1080.3500,1080.3500,7400
2015-09-10 12:12:01,1081.1000,1081.1500,1080.6500,1080.8500,5900
2015-09-10 12:13:00,1080.5000,1080.8000,1080.3000,1080.8000,6500
2015-09-10 12:14:59,1080.6000,1080.6000,1080.3000,1080.3000,7600
2015-09-10 12:15:00,1080.2000,1080.6000,1080.1000,1080.5500,4900
2015-09-10 12:16:01,1080.0500,1080.2500,1079.8000,1080.2000,13800
2015-09-10 12:17:00,1080.0000,1080.0500,1079.3500,1080.0000,13100
2015-09-10 12:18:01,1079.5000,1080.8000,1079.5000,1080.0500,13800
2015-09-10 12:19:00,1080.2000,1080.2500,1079.6000,1080.0000,3300
2015-09-10 12:20:01,1080.0000,1080.1500,1079.5000,1080.1000,5000
2015-09-10 12:21:58,1079.6500,1080.0500,1079.6500,1080.0000,9100
2015-09-10 12:22:00,1080.0000,1080.0500,1079.6000,1080.0000,4400
2015-09-10 12:23:59,1080.0000,1080.0500,1080.0000,1080.0000,6300
2015-09-10 12:24:00,1080.7000,1081.4500,1080.0000,1080.0000,6700
2015-09-10 12:25:00,1080.5000,1081.0000,1080.0000,1080.6000,5300
2015-09-10 12:26:01,1080.1000,1081.0000,1080.1000,1080.5000,2200
2015-09-10 12:27:59,1080.3500,1080.9500,1080.0500,1080.1000,7100
2015-09-10 12:28:01,1080.7500,1080.7500,1080.4000,1080.4000,3200
2015-09-10 12:29:00,1080.2500,1080.7500,1080.0500,1080.7000,2500
2015-09-10 12:30:01,1080.5000,1081.2000,1080.5000,1080.7000,6800
2015-09-10 12:31:00,1080.0500,1080.5000,1080.0000,1080.4500,11400
2015-09-10 12:32:01,1080.0000,1080.0500,1080.0000,1080.0000,2700
2015-09-10 12:33:00,1080.0500,1080.0500,1080.0000,1080.0000,6800
2015-09-10 12:34:01,1080.0000,1080.9500,1080.0000,1080.0000,6800
2015-09-10 12:35:01,1080.4500,1080.7000,1080.0000,1080.0000,1900
2015-09-10 12:36:59,1080.5000,1080.7500,1080.1000,1080.4500,6900
2015-09-10 12:37:00,1080.7500,1080.9500,1080.3500,1080.3500,3300
2015-09-10 12:38:01,1080.3500,1081.9500,1080.0000,1080.5000,10400
2015-09-10 12:39:01,1080.7000,1081.0000,1080.2500,1081.0000,1200
2015-09-10 12:40:00,1080.1000,1080.7000,1080.0000,1080.5000,3000
2015-09-10 12:41:59,1080.0500,1080.1000,1080.0000,1080.0000,8000
2015-09-10 12:42:01,1080.1500,1081.0000,1080.0500,1081.0000,2500
2015-09-10 12:43:00,1080.4000,1080.5000,1080.2500,1080.2500,1400
2015-09-10 12:44:57,1080.3000,1080.4000,1080.0500,1080.4000,3000
2015-09-10 12:45:05,1080.0000,1080.2500,1079.5500,1080.0000,6800
2015-09-10 12:46:58,1080.0500,1080.0500,1079.5500,1080.0000,5500
2015-09-10 12:47:00,1080.0000,1080.0500,1080.0000,1080.0500,3300
2015-09-10 12:48:00,1079.8000,1080.0500,1079.5500,1080.0000,6800
2015-09-10 12:49:00,1080.0500,1080.0500,1079.5500,1079.5500,5100
2015-09-10 12:50:10,1080.1500,1080.9500,1080.0000,1080.0500,6800
2015-09-10 12:51:01,1080.5000,1080.8000,1080.1000,1080.8000,3500
2015-09-10 12:52:00,1080.0500,1080.5000,1079.6500,1080.2500,3300
2015-09-10 12:53:59,1080.2500,1080.7500,1079.8000,1080.0000,8300
2015-09-10 12:54:00,1080.1000,1080.1500,1079.6000,1079.8000,7500
2015-09-10 12:55:00,1080.0000,1080.1000,1079.5000,1080.1000,10100
2015-09-10 12:56:59,1080.1000,1080.1000,1079.1500,1079.9000,16200
2015-09-10 12:57:59,1080.4000,1080.6000,1080.0000,1080.1000,5000
2015-09-10 12:58:59,1080.0000,1080.4000,1079.7000,1080.2000,4100
2015-09-10 12:59:00,1080.0000,1080.2500,1079.5500,1080.0000,3200
2015-09-10 13:00:01,1080.0000,1080.9000,1079.8000,1080.0000,13900
2015-09-10 13:01:00,1080.0000,1080.2000,1080.0000,1080.0000,6800
2015-09-10 13:02:00,1080.0000,1080.1000,1079.5500,1080.0000,5000
2015-09-10 13:03:59,1080.0500,1080.0500,1080.0000,1080.0000,5000
2015-09-10 13:04:00,1080.7000,1080.7000,1080.0000,1080.0000,15600
2015-09-10 13:05:59,1080.0000,1080.6500,1080.0000,1080.6500,4900
2015-09-10 13:06:00,1080.0000,1080.0500,1080.0000,1080.0000,5500
2015-09-10 13:07:00,1080.0500,1080.0500,1080.0000,1080.0500,9700
2015-09-10 13:08:01,1080.0500,1080.0500,1080.0000,1080.0000,5200
2015-09-10 13:09:01,1080.0000,1080.0500,1079.7000,1080.0500,6200
2015-09-10 13:10:59,1080.0000,1080.0500,1079.5500,1080.0000,6600
2015-09-10 13:11:00,1079.1000,1080.0500,1079.0000,1080.0000,7400
2015-09-10 13:12:00,1079.7000,1079.7000,1079.1000,1079.1000,10500
2015-09-10 13:13:59,1079.7000,1079.7000,1079.5000,1079.5000,6100
2015-09-10 13:14:00,1079.1500,1079.6500,1079.1500,1079.6500,2500
2015-09-10 13:15:59,1076.1500,1079.1500,1076.1500,1079.1500,10500
2015-09-10 13:16:00,1075.5500,1076.5000,1075.2500,1076.5000,12100
2015-09-10 13:17:00,1075.2000,1075.6000,1075.2000,1075.5500,4600
2015-09-10 13:18:59,1073.4000,1075.2500,1072.8500,1075.1000,20300
2015-09-10 13:19:59,1074.3000,1074.5000,1072.9000,1073.1500,14100
2015-09-10 13:20:00,1073.7000,1074.3000,1073.2000,1074.0000,9700
2015-09-10 13:21:01,1074.9500,1074.9500,1073.7000,1073.7000,6300
2015-09-10 13:22:59,1074.6000,1074.9500,1074.2500,1074.9500,5100
2015-09-10 13:23:00,1074.9000,1075.0000,1074.5500,1074.6000,8400
2015-09-10 13:24:59,1075.7000,1076.2000,1074.4500,1074.8000,8600
2015-09-10 13:25:59,1075.4000,1076.0000,1075.0500,1075.7000,4000
2015-09-10 13:26:59,1076.4500,1076.9000,1075.2500,1075.5000,14100
2015-09-10 13:27:00,1076.9500,1077.9000,1076.4500,1076.4500,9600
2015-09-10 13:28:00,1078.5000,1078.5000,1076.9500,1076.9500,7100
2015-09-10 13:29:59,1076.9000,1078.5000,1076.7000,1078.5000,3500
2015-09-10 13:30:00,1076.0000,1076.9000,1075.6000,1076.5000,5900
2015-09-10 13:31:59,1075.2500,1076.0500,1075.0500,1076.0000,4000
2015-09-10 13:32:00,1075.1000,1075.2000,1075.0500,1075.2000,8900
2015-09-10 13:33:00,1076.5000,1077.4000,1075.0500,1075.1000,14600
2015-09-10 13:34:59,1075.6000,1076.6500,1075.3000,1076.5000,4400
2015-09-10 13:35:59,1075.6000,1075.6000,1075.2500,1075.2500,5000
2015-09-10 13:36:00,1075.5000,1075.6000,1075.2500,1075.5500,8900
2015-09-10 13:37:59,1075.2000,1075.4500,1075.1500,1075.4000,4200
2015-09-10 13:38:59,1074.4000,1075.1500,1074.4000,1075.1000,8100
2015-09-10 13:39:59,1073.2500,1074.4000,1072.7500,1074.4000,6600
2015-09-10 13:40:00,1072.0000,1072.9000,1071.7000,1072.7500,23800
2015-09-10 13:41:01,1072.9000,1072.9000,1072.0500,1072.8000,6800
2015-09-10 13:42:59,1072.9000,1073.4500,1072.6500,1073.4500,5100
2015-09-10 13:43:59,1072.1000,1072.9000,1072.0500,1072.7000,10200
2015-09-10 13:44:00,1072.3000,1072.3000,1072.2000,1072.3000,2100
2015-09-10 13:45:58,1071.5500,1072.3000,1071.5000,1072.3000,10800
2015-09-10 13:46:00,1073.1000,1074.0000,1071.5000,1071.5500,14800
2015-09-10 13:47:59,1072.6000,1073.7500,1072.5500,1073.7500,6300
2015-09-10 13:48:59,1074.1000,1074.5000,1072.6000,1072.6000,9100
2015-09-10 13:49:59,1073.8000,1075.0000,1073.3500,1074.1500,7900
2015-09-10 13:50:00,1074.9500,1075.0000,1073.7000,1073.8000,10700
2015-09-10 13:51:59,1074.7000,1075.5000,1074.6500,1075.2000,7200
2015-09-10 13:52:00,1074.5000,1074.7000,1074.1500,1074.7000,8800
2015-09-10 13:53:59,1073.1500,1074.6500,1073.0500,1074.5000,4000
2015-09-10 13:54:00,1072.5000,1073.1500,1072.0000,1073.1500,7600
2015-09-10 13:55:59,1071.5500,1072.7500,1071.5000,1072.7500,6900
2015-09-10 13:56:59,1068.5500,1071.5500,1068.0000,1071.5000,36100
2015-09-10 13:57:59,1067.1000,1069.5000,1066.6500,1069.0000,13500
2015-09-10 13:58:58,1068.0000,1068.0000,1066.4000,1067.1500,13400
2015-09-10 13:59:00,1067.5000,1068.7500,1066.1000,1068.4000,13600
2015-09-10 14:00:59,1067.5000,1067.5000,1067.0500,1067.5000,9700
2015-09-10 14:01:59,1064.4000,1067.2500,1063.0000,1067.2500,21900
2015-09-10 14:02:59,1064.0000,1064.5000,1061.0000,1064.0000,22800
2015-09-10 14:03:00,1067.5000,1067.5000,1062.5000,1064.1000,14900
2015-09-10 14:04:00,1066.7000,1067.7000,1065.4500,1067.0500,11700
2015-09-10 14:05:58,1067.7000,1068.8000,1066.6500,1066.6500,6400
2015-09-10 14:06:00,1068.5500,1068.8000,1067.1000,1067.8000,12900
2015-09-10 14:07:59,1067.8500,1069.4500,1067.1500,1068.7500,7800
2015-09-10 14:08:00,1067.9000,1068.7500,1066.5500,1067.3500,17000
2015-09-10 14:09:59,1067.5000,1068.0000,1066.2000,1067.5000,10700
2015-09-10 14:10:59,1069.1000,1070.0000,1066.6500,1068.4000,11700
2015-09-10 14:11:59,1068.1500,1069.9000,1067.7000,1069.1000,8000
2015-09-10 14:12:59,1067.7000,1069.0000,1067.2000,1068.1500,6300
2015-09-10 14:13:59,1068.4500,1068.4500,1067.2500,1067.7000,15900
2015-09-10 14:14:00,1067.8500,1068.4500,1067.2000,1068.4500,8000
2015-09-10 14:15:59,1067.4500,1067.8500,1067.0500,1067.8500,6400
2015-09-10 14:16:59,1067.1000,1067.4500,1067.0500,1067.2500,6100
2015-09-10 14:17:58,1067.0000,1067.3500,1067.0000,1067.0500,15100
2015-09-10 14:18:00,1066.4000,1067.1000,1066.1000,1067.1000,9400
2015-09-10 14:19:00,1069.7000,1070.1500,1066.3500,1066.3500,48100
2015-09-10 14:20:59,1070.3500,1070.4000,1069.7000,1069.7000,7900
2015-09-10 14:21:00,1070.2500,1071.0000,1069.7500,1070.3500,18800
2015-09-10 14:22:59,1070.6000,1071.3000,1070.2500,1070.2500,6900
2015-09-10 14:23:00,1071.0000,1071.4000,1070.6000,1070.6000,9600
2015-09-10 14:24:59,1071.2000,1071.5000,1071.0000,1071.0000,7800
2015-09-10 14:25:59,1071.6500,1071.7000,1071.1500,1071.2000,6600
2015-09-10 14:26:59,1071.1500,1071.7000,1071.1000,1071.6500,11900
2015-09-10 14:27:59,1071.0500,1071.1500,1070.7000,1071.1500,11200
2015-09-10 14:28:59,1071.3500,1071.7500,1070.4500,1071.0000,11900
2015-09-10 14:29:59,1072.2000,1072.7000,1071.3500,1071.4000,15500
2015-09-10 14:30:59,1071.0000,1072.2000,1070.5500,1071.5500,9800
2015-09-10 14:31:00,1070.7000,1071.0500,1070.5500,1071.0000,9500
2015-09-10 14:32:00,1070.6500,1070.7000,1070.6000,1070.7000,8700
2015-09-10 14:33:00,1071.2500,1072.0000,1070.6500,1070.6500,10100
2015-09-10 14:34:59,1072.2000,1073.0000,1071.2500,1071.3000,12800
2015-09-10 14:35:59,1074.8000,1075.0000,1072.2000,1072.2000,12500
2015-09-10 14:36:59,1074.0000,1075.0000,1074.0000,1074.8500,12600
2015-09-10 14:37:59,1075.0000,1075.0000,1073.5000,1074.0000,11400
2015-09-10 14:38:00,1075.9000,1076.5000,1074.9500,1075.0000,20000
2015-09-10 14:39:59,1076.5000,1076.6500,1075.8500,1075.8500,13800
2015-09-10 14:40:59,1077.2500,1077.4500,1076.5000,1076.5000,22200
2015-09-10 14:41:00,1077.3000,1078.0000,1076.6500,1077.3000,22100
2015-09-10 14:42:00,1077.6000,1078.1500,1077.0500,1077.1500,12600
2015-09-10 14:43:00,1077.0000,1077.8000,1076.1000,1077.6000,20800
2015-09-10 14:44:59,1076.3000,1077.1500,1076.0500,1076.5000,13200
2015-09-10 14:45:59,1077.5000,1077.5000,1076.2500,1076.3000,10700
2015-09-10 14:46:00,1077.4000,1078.3000,1077.3000,1077.7000,11800
2015-09-10 14:47:00,1077.1000,1077.6000,1077.0000,1077.3500,11100
2015-09-10 14:48:59,1077.0500,1077.1500,1077.0000,1077.1500,17000
2015-09-10 14:49:00,1077.0000,1077.1000,1077.0000,1077.1000,12800
2015-09-10 14:50:59,1076.5500,1077.0500,1076.0000,1077.0000,16300
2015-09-10 14:51:00,1076.3000,1076.5000,1075.8000,1076.1000,16300
2015-09-10 14:52:01,1077.4000,1078.0000,1076.3000,1076.3500,13600
2015-09-10 14:53:00,1077.0000,1078.0000,1076.5000,1077.4000,13700
2015-09-10 14:54:59,1077.6500,1078.4000,1076.7000,1076.7500,25700
2015-09-10 14:55:00,1077.6500,1078.4500,1077.1500,1077.6000,11200
2015-09-10 14:56:59,1078.1000,1078.1500,1077.5000,1077.6500,13300
2015-09-10 14:57:59,1078.6500,1078.9500,1077.5000,1078.1000,18300
2015-09-10 14:58:59,1078.5000,1079.2500,1078.0000,1078.6000,21000
2015-09-10 14:59:59,1079.2500,1079.5000,1078.5000,1078.5000,19400
2015-09-10 15:00:59,1079.5000,1080.4000,1078.6500,1078.6500,41000
2015-09-10 15:01:59,1080.0000,1081.1500,1079.1500,1079.1500,43400
2015-09-10 15:02:59,1079.9000,1080.1000,1079.8000,1080.0000,26200
2015-09-10 15:03:59,1079.5000,1080.0500,1079.2500,1079.9000,27600
2015-09-10 15:04:59,1080.1000,1081.2000,1079.3000,1079.3000,31600
2015-09-10 15:05:00,1080.0000,1080.1500,1079.5000,1080.1000,28700
2015-09-10 15:06:59,1081.1500,1081.2500,1079.9000,1079.9000,26300
2015-09-10 15:07:59,1080.0000,1081.5000,1079.5000,1081.1500,44000
2015-09-10 15:08:00,1080.6000,1082.2000,1079.5000,1080.0000,47100
2015-09-10 15:09:59,1080.5000,1080.6000,1080.2000,1080.2000,28800
2015-09-10 15:10:00,1080.3000,1080.5000,1080.3000,1080.4500,22000
2015-09-10 15:11:59,1080.7000,1080.7000,1080.1500,1080.3000,35500
2015-09-10 15:12:59,1080.0000,1080.9500,1079.3500,1080.7000,33200
2015-09-10 15:13:00,1079.9000,1080.1000,1079.9000,1080.0000,27900
2015-09-10 15:14:59,1080.0000,1080.0500,1079.9000,1079.9000,36900
2015-09-10 15:15:59,1082.8500,1083.7500,1079.9500,1080.0000,56400
2015-09-10 15:16:59,1082.5000,1082.8500,1082.1000,1082.5000,38900
2015-09-10 15:17:59,1081.3500,1082.8000,1081.0000,1082.8000,20600
2015-09-10 15:18:00,1080.6000,1081.2000,1080.6000,1081.0000,19200
2015-09-10 15:19:59,1080.0500,1080.6000,1079.9000,1080.5000,43400
2015-09-10 15:20:59,1082.0000,1082.6000,1079.9500,1080.0500,41400
2015-09-10 15:21:59,1081.7500,1081.9500,1081.7500,1081.9500,24400
2015-09-10 15:22:59,1080.6500,1081.7500,1080.6000,1081.7500,30400
2015-09-10 15:23:59,1080.1000,1080.6500,1080.1000,1080.6500,24500
2015-09-10 15:24:59,1080.0000,1080.1000,1079.9500,1080.1000,38500
2015-09-10 15:25:59,1079.9000,1080.0000,1079.8500,1079.9500,29300
2015-09-10 15:26:00,1079.8500,1079.9000,1079.8500,1079.9000,32800
2015-09-10 15:27:59,1079.7000,1079.9000,1079.6500,1079.9000,20600
2015-09-10 15:28:59,1079.5500,1079.7500,1078.8500,1079.7000,26500
2015-09-10 15:29:59,1080.4500,1081.0000,1079.1000,1079.6000,9900
2015-09-10 15:30:00,1080.0000,1080.0000,1080.0000,1080.0000,0
2015-09-11 09:15:59,1088.6000,1091.5500,1087.0000,1091.0000,56400
2015-09-11 09:16:59,1092.1000,1092.7500,1087.2000,1089.0000,32400
2015-09-11 09:17:59,1094.0000,1094.2500,1090.5000,1092.4500,30500
2015-09-11 09:18:59,1092.1500,1095.0000,1092.0000,1094.2500,21700
2015-09-11 09:19:59,1092.1500,1092.4000,1091.3000,1092.1500,7900
2015-09-11 09:20:59,1092.3500,1094.0000,1091.5000,1092.4000,20100
2015-09-11 09:21:59,1091.4500,1093.1500,1091.0000,1092.3500,16800
2015-09-11 09:22:59,1091.7000,1092.3000,1091.2500,1092.0000,13600
2015-09-11 09:23:59,1091.3000,1092.1500,1091.2500,1091.7000,16200
2015-09-11 09:24:00,1091.5000,1092.0500,1090.0500,1091.3500,26800
2015-09-11 09:25:59,1090.7000,1091.5000,1090.0000,1091.0500,11800
2015-09-11 09:26:59,1090.0500,1091.7000,1090.0000,1091.0000,27400
2015-09-11 09:27:00,1090.0000,1090.8000,1090.0000,1090.0500,9100
2015-09-11 09:28:59,1091.6500,1091.6500,1090.0000,1090.2500,11700
2015-09-11 09:29:59,1090.0500,1092.0000,1090.0500,1091.5500,10800
2015-09-11 09:30:59,1090.0500,1090.1500,1090.0000,1090.0500,23800
2015-09-11 09:31:59,1090.0000,1091.8500,1090.0000,1090.0000,19900
2015-09-11 09:32:00,1091.5000,1091.5000,1090.0000,1090.0500,15200
2015-09-11 09:33:02,1090.2000,1091.6500,1089.6000,1091.1000,16700
2015-09-11 09:34:59,1090.0000,1090.8000,1090.0000,1090.5000,7500
2015-09-11 09:35:59,1090.5500,1090.9500,1090.0000,1090.0000,6700
2015-09-11 09:36:00,1091.6000,1091.6000,1090.5000,1090.9000,2800
2015-09-11 09:37:01,1091.2000,1091.6000,1090.5000,1091.6000,5900
2015-09-11 09:38:04,1091.0000,1091.3000,1091.0000,1091.0000,4000
2015-09-11 09:39:10,1090.5000,1090.9500,1090.4000,1090.6000,4200
2015-09-11 09:40:59,1091.7000,1091.9000,1090.5000,1090.5000,8500
2015-09-11 09:41:01,1091.6500,1091.9000,1090.6500,1091.7000,7900
2015-09-11 09:42:00,1091.0000,1091.6000,1090.4000,1091.1000,3700
2015-09-11 09:43:00,1090.5500,1091.0000,1090.0500,1090.5500,6000
2015-09-11 09:44:59,1091.0000,1091.0000,1090.5500,1090.6500,9300
2015-09-11 09:45:00,1090.6500,1091.0500,1090.1000,1091.0500,5400
2015-09-11 09:46:00,1090.5000,1090.8000,1090.1000,1090.8000,5700
2015-09-11 09:47:04,1090.6500,1091.0000,1090.0500,1090.6000,7200
2015-09-11 09:48:03,1090.6000,1091.0000,1090.2000,1091.0000,3200
2015-09-11 09:49:00,1090.8500,1090.9500,1090.6000,1090.8500,2100
2015-09-11 09:50:02,1090.0500,1090.9000,1090.0000,1090.9000,14400
2015-09-11 09:51:01,1090.3000,1090.3500,1090.1500,1090.2500,3400
2015-09-11 09:52:02,1090.3000,1090.3500,1090.0000,1090.3000,6700
2015-09-11 09:53:02,1090.3000,1090.3000,1090.0000,1090.0000,5000
2015-09-11 09:54:01,1090.0500,1090.3000,1090.0000,1090.2500,6100
2015-09-11 09:55:02,1090.0000,1090.2500,1090.0000,1090.0500,13400
2015-09-11 09:56:01,1090.6500,1091.0000,1090.0000,1090.0000,8500
2015-09-11 09:57:00,1091.0000,1091.0000,1090.5000,1090.6000,25100
2015-09-11 09:58:02,1090.7500,1091.0000,1090.5500,1091.0000,4100
2015-09-11 09:59:59,1090.6000,1090.7500,1090.3000,1090.3000,1400
2015-09-11 10:00:00,1090.6000,1090.6500,1090.3000,1090.6000,5100
2015-09-11 10:01:05,1090.8500,1090.9000,1090.6000,1090.9000,3500
2015-09-11 10:02:59,1090.8000,1091.0000,1090.8000,1090.9000,7400
2015-09-11 10:03:59,1091.0000,1091.0000,1090.8000,1090.9000,10800
2015-09-11 10:04:00,1090.7500,1091.4000,1090.0500,1090.9500,16600
2015-09-11 10:05:00,1090.5500,1090.6000,1090.2500,1090.6000,5800
2015-09-11 10:06:02,1090.2500,1090.3500,1090.0000,1090.2500,14200
2015-09-11 10:07:03,1090.0500,1090.3000,1090.0000,1090.3000,3100
2015-09-11 10:08:03,1090.1000,1090.1500,1090.0000,1090.0500,10100
2015-09-11 10:09:00,1090.3500,1090.5000,1089.9000,1090.0000,12900
2015-09-11 10:10:59,1091.0000,1091.0000,1090.7500,1090.7500,14100
2015-09-11 10:11:00,1090.8000,1091.0000,1090.7000,1091.0000,4200
2015-09-11 10:12:00,1090.8000,1091.2500,1090.2000,1090.8500,3800
2015-09-11 10:13:59,1090.9500,1091.4500,1090.7000,1090.9000,8000
2015-09-11 10:14:59,1091.9000,1092.0000,1090.9500,1091.0000,5600
2015-09-11 10:15:01,1091.3000,1091.9000,1091.0000,1091.8000,5300
2015-09-11 10:16:03,1092.0500,1092.4000,1091.2000,1091.2000,12000
2015-09-11 10:17:59,1093.4000,1093.4500,1092.0000,1092.0500,10500
2015-09-11 10:18:59,1095.0000,1095.6000,1093.1000,1093.4000,27800
2015-09-11 10:19:59,1096.0000,1096.6000,1095.0000,1095.0500,21000
2015-09-11 10:20:59,1096.1000,1096.4000,1095.7500,1096.0000,9400
2015-09-11 10:21:59,1096.3500,1096.4000,1095.0000,1096.4000,10200
2015-09-11 10:22:00,1095.6500,1096.0000,1095.2000,1096.0000,4600
2015-09-11 10:23:59,1095.0500,1095.2500,1095.0000,1095.2000,5600
2015-09-11 10:24:59,1095.0500,1095.1500,1095.0000,1095.1500,5300
2015-09-11 10:25:00,1095.0000,1095.2000,1095.0000,1095.0000,11400
2015-09-11 10:26:00,1095.1000,1095.1500,1095.0000,1095.1000,4400
2015-09-11 10:27:00,1095.0500,1095.1500,1095.0000,1095.1000,13700
2015-09-11 10:28:59,1097.0000,1097.4000,1095.0500,1095.1500,23300
2015-09-11 10:29:59,1098.5000,1098.8500,1096.5000,1097.0000,16000
2015-09-11 10:30:59,1098.5500,1099.7000,1098.4000,1099.0000,16400
2015-09-11 10:31:59,1100.1000,1100.9000,1098.0000,1098.5500,47400
2015-09-11 10:32:00,1099.1500,1100.5000,1098.7000,1100.0500,55500
2015-09-11 10:33:01,1100.2000,1100.5000,1099.4500,1099.4500,17900
2015-09-11 10:34:59,1100.0000,1100.2000,1100.0000,1100.0000,14200
2015-09-11 10:35:59,1099.5000,1100.1500,1099.5000,1100.1500,9200
2015-09-11 10:36:59,1100.0500,1100.1000,1099.5000,1099.7500,8900
2015-09-11 10:37:59,1100.1000,1100.5000,1100.0000,1100.0500,10500
2015-09-11 10:38:59,1100.7000,1100.7000,1100.0000,1100.1000,13200
2015-09-11 10:39:00,1100.2000,1101.9000,1100.0500,1100.7000,6800
2015-09-11 10:40:59,1100.6000,1100.6500,1100.1000,1100.2000,2700
2015-09-11 10:41:59,1100.0000,1100.6000,1100.0000,1100.6000,9600
2015-09-11 10:42:00,1100.0000,1100.6000,1100.0000,1100.0000,4400
2015-09-11 10:43:59,1100.0500,1100.4500,1100.0000,1100.0000,7700
2015-09-11 10:44:59,1100.4500,1101.4500,1100.0000,1100.0000,262000
2015-09-11 10:45:00,1100.3500,1101.0000,1100.0500,1100.0500,5000
2015-09-11 10:46:04,1100.0500,1100.5000,1100.0000,1100.5000,7900
2015-09-11 10:47:01,1100.0500,1100.7500,1100.0000,1100.0500,6300
2015-09-11 10:48:01,1100.2000,1100.4000,1100.0500,1100.0500,1400
2015-09-11 10:49:59,1101.0000,1101.0000,1100.1000,1100.2000,8600
2015-09-11 10:50:00,1101.0000,1101.5000,1101.0000,1101.0000,6500
2015-09-11 10:51:59,1101.0000,1101.1500,1101.0000,1101.1500,3800
2015-09-11 10:52:00,1100.0000,1101.0500,1100.0000,1101.0000,5100
2015-09-11 10:53:00,1101.0000,1101.0000,1100.0000,1100.0000,5900
2015-09-11 10:54:59,1101.2500,1101.7000,1100.6500,1100.6500,2600
2015-09-11 10:55:59,1102.4500,1102.5500,1100.2500,1101.7000,20300
2015-09-11 10:56:59,1104.6500,1104.9000,1102.0000,1102.4500,16100
2015-09-11 10:57:00,1103.2000,1104.9000,1103.2000,1104.5000,6300
2015-09-11 10:58:59,1104.9000,1105.5000,1102.0000,1103.6500,24300
2015-09-11 10:59:00,1105.0000,1105.9500,1104.9000,1105.0500,8900
2015-09-11 11:00:59,1103.7500,1105.0000,1103.7500,1104.7500,5300
2015-09-11 11:01:59,1102.7500,1103.7000,1101.0000,1103.7000,9400
2015-09-11 11:02:00,1099.4000,1103.0000,1099.0000,1102.4000,229200
2015-09-11 11:03:00,1101.9000,1102.7500,1099.0000,1099.0000,11100
2015-09-11 11:04:00,1101.1500,1101.9500,1100.5000,1101.9500,5600
2015-09-11 11:05:00,1100.6500,1101.4500,1100.1500,1101.1500,4000
2015-09-11 11:06:00,1101.4000,1101.5000,1100.6500,1100.6500,3400
2015-09-11 11:07:01,1100.8500,1101.5000,1100.0000,1101.5000,208200
2015-09-11 11:08:59,1100.6000,1100.9500,1100.3000,1100.3000,4300
2015-09-11 11:09:00,1100.5500,1100.9500,1100.2000,1100.5000,6300
2015-09-11 11:10:59,1100.3000,1101.9500,1100.2500,1100.9500,8800
2015-09-11 11:11:59,1100.0000,1101.0000,1099.7000,1100.3000,18600
2015-09-11 11:12:59,1100.0500,1100.3500,1100.0000,1100.3000,17100
2015-09-11 11:13:00,1100.0000,1100.5000,1100.0000,1100.0000,18700
2015-09-11 11:14:01,1100.5000,1100.5000,1100.0000,1100.0000,10500
2015-09-11 11:15:01,1100.5500,1101.0500,1100.5000,1100.9000,11300
2015-09-11 11:16:01,1100.3500,1101.3000,1100.3000,1101.3000,5400
2015-09-11 11:17:01,1100.3500,1101.3500,1100.3500,1100.5000,9000
2015-09-11 11:18:59,1100.7000,1101.1000,1100.1500,1100.9000,8900
2015-09-11 11:19:01,1101.0000,1101.2500,1100.5500,1100.6500,8700
2015-09-11 11:20:01,1101.0500,1101.4000,1101.0000,1101.2000,4500
2015-09-11 11:21:01,1102.2500,1102.2500,1101.1500,1101.1500,6800
2015-09-11 11:22:59,1102.4000,1102.7000,1102.0000,1102.2500,2900
2015-09-11 11:23:58,1102.1000,1102.5500,1102.0000,1102.4500,5200
2015-09-11 11:24:00,1101.5500,1102.4000,1101.0000,1102.1500,11000
2015-09-11 11:25:01,1102.0500,1102.2500,1101.1500,1101.5500,9000
2015-09-11 11:26:00,1102.5500,1102.6000,1102.0500,1102.0500,8000
2015-09-11 11:27:02,1102.0500,1102.8000,1102.0500,1102.6000,3100
2015-09-11 11:28:01,1101.5500,1102.7500,1101.0500,1102.2000,7000
2015-09-11 11:29:01,1102.4500,1102.5500,1101.4500,1101.7000,5300
2015-09-11 11:30:03,1101.7000,1102.5000,1101.2500,1102.4500,8800
2015-09-11 11:31:00,1101.1000,1102.2500,1100.5000,1101.7000,6600
2015-09-11 11:32:02,1100.7000,1101.2500,1100.3500,1101.2500,8700
2015-09-11 11:33:57,1100.0000,1100.7500,1100.0000,1100.7000,10100
2015-09-11 11:34:02,1100.4500,1100.9500,1100.0000,1100.0500,8700
2015-09-11 11:35:00,1102.0000,1102.3000,1100.5500,1100.5500,6100
2015-09-11 11:36:00,1101.6000,1102.6500,1101.5000,1102.0000,6900
2015-09-11 11:37:02,1102.8000,1103.0000,1102.0000,1102.0000,9700
2015-09-11 11:38:02,1103.0000,1103.5000,1102.8000,1102.8000,9300
2015-09-11 11:39:59,1103.4000,1103.6500,1103.0000,1103.1500,3900
2015-09-11 11:40:00,1103.4500,1103.6000,1103.0000,1103.4000,5500
2015-09-11 11:41:07,1102.2000,1103.6000,1100.0000,1103.5000,209900
2015-09-11 11:42:00,1102.6000,1103.0000,1102.0500,1102.0500,6500
2015-09-11 11:43:59,1103.4000,1103.4500,1102.7000,1102.7500,5400
2015-09-11 11:44:59,1102.0500,1103.4500,1101.8500,1103.4000,8000
2015-09-11 11:45:59,1102.5000,1102.6000,1102.0500,1102.5000,3600
2015-09-11 11:46:59,1103.7500,1103.7500,1102.4500,1102.5000,8300
2015-09-11 11:47:59,1103.2000,1104.0000,1102.6000,1103.5000,11300
2015-09-11 11:48:00,1102.1000,1103.8500,1101.5000,1103.2000,11300
2015-09-11 11:49:01,1101.0000,1102.0000,1100.1500,1101.5000,9100
2015-09-11 11:50:00,1102.0500,1102.0500,1100.2000,1101.0000,6900
2015-09-11 11:51:59,1099.0000,1101.8000,1098.6000,1101.6500,25700
2015-09-11 11:52:00,1102.0000,1102.0000,1098.9000,1098.9000,30000
2015-09-11 11:53:59,1100.2000,1102.1500,1100.0000,1101.1500,15500
2015-09-11 11:54:59,1100.0000,1100.9500,1100.0000,1100.7500,15700
2015-09-11 11:55:59,1099.8500,1100.5500,1099.8500,1100.0000,12000
2015-09-11 11:56:59,1100.0000,1100.5000,1100.0000,1100.0000,49200
2015-09-11 11:57:59,1100.0000,1100.7000,1100.0000,1100.0000,30000
2015-09-11 11:58:00,1100.2000,1100.7500,1099.8500,1100.0500,11700
2015-09-11 11:59:59,1100.3000,1102.2000,1100.3000,1100.5000,8100
2015-09-11 12:00:00,1100.7500,1101.0000,1099.8500,1100.2000,11600
2015-09-11 12:01:59,1100.2000,1100.9000,1100.0500,1100.6000,3300
2015-09-11 12:02:59,1100.3000,1100.3000,1099.8500,1100.2000,16400
2015-09-11 12:03:00,1100.1000,1100.3000,1099.7000,1100.3000,19500
2015-09-11 12:04:02,1100.1500,1100.1500,1099.5500,1100.1000,4900
2015-09-11 12:05:01,1099.0500,1100.1500,1099.0500,1100.0000,6700
2015-09-11 12:06:59,1091.2000,1099.0000,1088.6500,1099.0000,51300
2015-09-11 12:07:59,1090.5000,1092.7000,1090.0000,1091.2000,15500
2015-09-11 12:08:00,1091.5000,1092.5000,1090.1500,1090.1500,10500
2015-09-11 12:09:59,1090.7000,1091.5500,1090.5500,1091.4000,9600
2015-09-11 12:10:59,1089.6500,1091.0000,1088.3000,1090.7000,68800
2015-09-11 12:11:00,1090.8000,1091.0000,1089.6000,1089.7000,11900
2015-09-11 12:12:59,1090.1000,1091.6000,1090.1000,1090.8500,10700
2015-09-11 12:13:59,1091.0500,1091.4000,1090.1000,1090.7000,3800
2015-09-11 12:14:00,1090.6000,1091.5000,1090.5000,1091.2000,9500
2015-09-11 12:15:00,1091.4000,1091.6500,1090.6500,1090.6500,5100
2015-09-11 12:16:00,1090.4000,1092.1500,1090.1000,1091.1500,5200
2015-09-11 12:17:59,1090.5000,1091.0000,1090.0000,1090.1000,11100
2015-09-11 12:18:00,1090.5500,1091.0000,1090.2000,1090.6000,7200
2015-09-11 12:19:59,1090.1000,1090.5500,1090.0000,1090.5500,12100
2015-09-11 12:20:59,1090.1000,1090.4000,1089.9000,1090.0000,35300
2015-09-11 12:21:59,1090.0000,1090.4000,1090.0000,1090.4000,9900
2015-09-11 12:22:00,1090.2000,1090.2000,1090.0000,1090.0000,9100
2015-09-11 12:23:59,1090.1000,1090.5000,1090.0000,1090.2000,8300
2015-09-11 12:24:58,1090.2500,1091.0000,1090.0000,1090.1000,6000
2015-09-11 12:25:00,1090.0000,1090.6500,1090.0000,1090.2500,4900
2015-09-11 12:26:06,1090.5000,1090.5500,1090.0500,1090.4000,3800
2015-09-11 12:27:05,1090.3500,1090.5000,1090.1000,1090.1000,3700
2015-09-11 12:28:59,1090.0500,1090.3500,1090.0000,1090.2500,10100
2015-09-11 12:29:59,1091.1000,1091.1000,1090.0500,1090.0500,5400
2015-09-11 12:30:59,1090.6000,1092.5000,1090.6000,1090.8500,5900
2015-09-11 12:31:59,1090.3000,1091.6500,1090.3000,1090.8500,8500
2015-09-11 12:32:59,1090.0000,1090.7500,1089.9000,1090.2500,23500
2015-09-11 12:33:59,1090.0000,1090.5000,1090.0000,1090.1000,13300
2015-09-11 12:34:59,1090.1000,1090.3000,1090.0000,1090.0500,12300
2015-09-11 12:35:59,1087.2000,1090.5000,1087.2000,1090.0000,21100
2015-09-11 12:36:59,1086.9000,1087.7500,1086.1500,1087.2000,16000
2015-09-11 12:37:59,1086.3000,1088.2000,1086.2000,1087.3500,12300
2015-09-11 12:38:59,1087.2500,1087.6500,1086.0000,1086.2000,13200
2015-09-11 12:39:00,1088.5500,1090.0000,1086.9500,1087.2500,17400
2015-09-11 12:40:59,1089.5000,1090.0000,1088.6500,1088.6500,4900
2015-09-11 12:41:00,1089.7500,1090.8000,1089.5000,1089.5000,4900
2015-09-11 12:42:01,1090.2000,1090.5000,1089.7500,1089.7500,5200
2015-09-11 12:43:59,1090.5000,1091.0000,1090.1500,1090.1500,6000
2015-09-11 12:44:00,1090.0000,1090.9000,1090.0000,1090.5500,15000
2015-09-11 12:45:59,1088.1000,1090.0000,1088.0000,1090.0000,2900
2015-09-11 12:46:10,1088.0500,1088.0500,1088.0500,1088.0500,9600
2015-09-11 12:47:40,1088.5000,1089.3500,1088.5000,1089.3500,1100
2015-09-11 12:48:59,1088.9000,1089.5000,1088.5000,1088.5000,4400
2015-09-11 12:49:00,1089.4000,1089.5500,1089.0000,1089.0000,7900
2015-09-11 12:50:25,1089.3000,1089.8000,1089.3000,1089.8000,1500
2015-09-11 12:51:04,1088.7000,1089.0000,1087.7000,1088.8500,11500
2015-09-11 12:52:59,1089.6500,1089.8000,1088.2500,1088.2500,15700
2015-09-11 12:53:59,1089.8000,1090.0000,1089.6500,1089.6500,7500
2015-09-11 12:54:59,1089.9000,1090.0000,1089.7500,1089.8000,7800
2015-09-11 12:55:59,1089.9500,1090.1000,1089.8000,1089.9000,17600
2015-09-11 12:56:01,1090.3500,1091.0000,1090.0000,1090.0000,8200
2015-09-11 12:57:02,1090.0000,1090.5000,1089.9500,1090.1500,35900
2015-09-11 12:58:01,1090.2500,1090.4500,1090.0000,1090.4500,7600
2015-09-11 12:59:01,1090.4000,1090.4000,1090.2500,1090.3500,3400
2015-09-11 13:00:05,1090.4000,1090.5000,1090.4000,1090.4000,2200
2015-09-11 13:01:59,1091.5000,1091.6500,1090.4000,1090.4000,8000
2015-09-11 13:02:59,1093.3000,1093.9000,1091.5000,1091.5000,6700
2015-09-11 13:03:00,1094.2000,1094.4000,1093.0000,1093.1000,6700
2015-09-11 13:04:59,1094.3000,1094.5000,1094.0000,1094.2000,6000
2015-09-11 13:05:59,1096.0000,1096.5000,1094.0500,1094.3000,10500
2015-09-11 13:06:00,1097.6000,1098.0000,1096.6000,1096.6500,16500
2015-09-11 13:07:00,1096.3000,1098.9500,1095.7500,1098.0000,22400
2015-09-11 13:08:59,1095.9000,1096.9000,1095.1000,1095.7500,13000
2015-09-11 13:09:59,1093.8000,1095.9500,1092.3000,1095.9000,7300
2015-09-11 13:10:58,1092.4500,1093.8000,1090.8000,1093.5500,11200
2015-09-11 13:11:00,1091.0000,1094.1500,1090.8000,1092.6500,7500
2015-09-11 13:12:59,1092.4500,1092.4500,1090.7500,1091.1000,5600
2015-09-11 13:13:59,1093.7000,1094.0000,1091.5000,1091.5000,12100
2015-09-11 13:14:59,1095.0500,1095.0500,1093.7000,1093.7000,4900
2015-09-11 13:15:00,1094.0000,1095.4000,1094.0000,1095.3500,8000
2015-09-11 13:16:00,1094.2500,1094.7000,1093.8500,1093.8500,5300
2015-09-11 13:17:08,1094.9000,1094.9000,1093.0500,1093.5000,11300
2015-09-11 13:18:00,1094.4500,1095.3500,1093.1000,1094.9500,16700
2015-09-11 13:19:00,1095.9500,1095.9500,1093.8500,1093.8500,4700
2015-09-11 13:20:59,1096.7500,1097.5000,1095.3500,1095.6000,9100
2015-09-11 13:21:59,1096.8000,1097.5000,1096.0500,1096.9000,7700
2015-09-11 13:22:00,1097.3000,1097.4500,1096.2500,1096.8000,5300
2015-09-11 13:23:01,1096.8000,1097.1500,1096.1000,1097.0000,5900
2015-09-11 13:24:59,1096.3500,1097.0000,1096.0000,1096.8000,5800
2015-09-11 13:25:00,1096.0000,1097.2000,1096.0000,1096.8500,4300
2015-09-11 13:26:01,1097.2000,1097.6500,1095.9000,1096.0000,10400
2015-09-11 13:27:00,1096.8000,1097.7500,1096.8000,1097.5500,4500
2015-09-11 13:28:00,1096.0500,1096.8500,1096.0500,1096.8000,4400
2015-09-11 13:29:59,1096.7500,1096.8000,1096.0500,1096.0500,3500
2015-09-11 13:30:59,1097.0000,1097.3000,1096.8000,1096.8000,3600
2015-09-11 13:31:00,1097.8000,1098.0000,1097.0000,1097.0000,5500
2015-09-11 13:32:00,1099.0000,1099.0000,1097.8000,1097.8000,11300
2015-09-11 13:33:59,1097.1000,1099.0000,1097.1000,1099.0000,7900
2015-09-11 13:34:57,1097.3500,1098.1000,1096.8000,1096.8000,4800
2015-09-11 13:35:59,1097.5000,1097.8500,1097.3500,1097.3500,5500
2015-09-11 13:36:59,1096.1500,1097.6000,1096.0500,1097.4500,8100
2015-09-11 13:37:59,1097.0500,1097.3000,1096.0500,1096.1500,5200
2015-09-11 13:38:59,1095.0000,1097.2000,1095.0000,1097.2000,7100
2015-09-11 13:39:01,1095.6500,1096.0000,1094.7000,1094.8500,3600
2015-09-11 13:40:02,1096.0000,1096.5000,1095.5500,1095.6500,3800
2015-09-11 13:41:00,1096.8000,1097.1000,1096.0000,1096.0000,5700
2015-09-11 13:42:04,1098.0000,1098.1000,1096.5000,1096.5000,7700
2015-09-11 13:43:01,1097.4500,1098.0500,1097.0000,1098.0500,4500
2015-09-11 13:44:01,1097.2000,1097.9500,1097.2000,1097.4500,5500
2015-09-11 13:45:00,1096.0500,1097.3500,1095.5500,1097.2000,8000
2015-09-11 13:46:01,1096.4000,1096.4000,1095.1500,1095.9500,4300
2015-09-11 13:47:00,1095.1500,1096.4000,1095.1500,1096.0000,6600
2015-09-11 13:48:01,1093.5000,1095.5000,1093.3000,1095.1500,7700
2015-09-11 13:49:01,1094.7000,1094.7000,1093.5000,1093.7500,3200
2015-09-11 13:50:58,1093.9500,1094.5000,1093.6500,1094.5000,8900
2015-09-11 13:51:59,1092.4500,1093.9500,1092.4500,1093.9500,9200
2015-09-11 13:52:59,1092.2500,1093.4000,1092.0000,1092.4500,7300
2015-09-11 13:53:59,1092.2500,1093.0000,1092.2000,1092.5000,4000
2015-09-11 13:54:00,1093.7000,1093.7500,1092.2000,1092.2500,6500
2015-09-11 13:55:00,1092.6000,1093.6000,1092.6000,1093.6000,7400
2015-09-11 13:56:02,1093.5000,1093.6500,1092.5500,1092.5500,3300
2015-09-11 13:57:59,1092.9000,1093.5000,1092.9000,1093.5000,6800
2015-09-11 13:58:01,1092.7500,1092.8000,1092.5000,1092.5000,3900
2015-09-11 13:59:00,1093.1500,1093.4000,1092.7500,1092.8000,3600
2015-09-11 14:00:59,1092.2000,1093.4500,1092.2000,1093.1500,9500
2015-09-11 14:01:00,1091.6500,1092.7500,1091.1000,1092.2000,11500
2015-09-11 14:02:59,1093.0500,1093.6500,1091.3000,1091.6500,14600
2015-09-11 14:03:00,1092.4000,1093.0500,1092.3000,1093.0500,4300
2015-09-11 14:04:00,1093.8500,1094.0000,1092.4000,1092.4000,4000
2015-09-11 14:05:00,1095.0000,1095.0000,1093.9500,1093.9500,10400
2015-09-11 14:06:04,1093.8000,1094.9500,1093.8000,1094.9500,7300
2015-09-11 14:07:59,1094.7000,1094.7000,1094.1500,1094.1500,6200
2015-09-11 14:08:00,1093.7000,1094.7000,1093.7000,1094.7000,6000
2015-09-11 14:09:59,1093.4500,1093.7500,1093.2000,1093.6000,4600
2015-09-11 14:10:59,1094.2000,1094.5000,1093.4500,1093.4500,6900
2015-09-11 14:11:59,1094.5500,1095.0000,1094.2000,1094.2000,3800
2015-09-11 14:12:59,1093.4000,1094.5500,1093.2000,1094.5500,7200
2015-09-11 14:13:59,1093.7500,1093.9500,1093.4000,1093.4000,4700
2015-09-11 14:14:00,1093.4000,1093.7500,1093.2500,1093.7500,7900
2015-09-11 14:15:04,1094.4000,1094.4000,1093.4000,1093.4000,4600
2015-09-11 14:16:00,1094.5000,1094.7000,1093.7500,1094.4000,7200
2015-09-11 14:17:00,1093.6000,1094.2500,1093.0000,1094.2500,7400
2015-09-11 14:18:00,1094.1500,1094.4000,1093.0000,1093.6000,6000
2015-09-11 14:19:00,1094.5000,1094.8000,1093.9500,1094.1500,3900
2015-09-11 14:20:00,1094.3000,1094.8000,1094.3000,1094.5000,5900
2015-09-11 14:21:00,1094.5000,1094.7000,1094.3000,1094.5000,6300
2015-09-11 14:22:55,1094.7500,1094.8000,1094.3500,1094.3500,2600
2015-09-11 14:23:02,1096.1500,1096.1500,1094.6500,1094.8000,10200
2015-09-11 14:24:59,1094.6500,1096.9500,1094.5000,1096.1500,10500
2015-09-11 14:25:58,1095.0000,1095.3000,1094.0000,1094.4500,14000
2015-09-11 14:26:00,1093.5000,1094.9000,1093.0000,1094.6000,8600
2015-09-11 14:27:02,1094.2000,1094.3000,1093.5000,1093.5000,7300
2015-09-11 14:28:02,1093.5500,1094.3000,1093.5000,1094.3000,8500
2015-09-11 14:29:59,1093.5500,1093.9500,1093.5500,1093.5500,6400
2015-09-11 14:30:59,1093.2500,1093.7500,1093.2500,1093.5500,13800
2015-09-11 14:31:59,1092.0500,1093.3500,1092.0000,1093.2500,13600
2015-09-11 14:32:58,1092.0000,1092.8500,1092.0000,1092.4000,10600
2015-09-11 14:33:00,1091.7000,1092.0000,1091.5000,1092.0000,4700
2015-09-11 14:34:59,1092.4000,1092.4500,1091.5000,1091.7000,14600
2015-09-11 14:35:59,1091.4500,1092.4000,1091.4000,1092.4000,8600
2015-09-11 14:36:59,1091.0000,1091.5000,1091.0000,1091.5000,10300
2015-09-11 14:37:59,1090.2000,1091.3500,1090.2000,1090.9000,7000
2015-09-11 14:38:58,1090.0000,1090.5500,1090.0000,1090.1500,15000
2015-09-11 14:39:00,1091.4000,1091.4000,1090.0000,1090.0000,6900
2015-09-11 14:40:59,1091.4500,1091.5000,1091.4000,1091.4000,5300
2015-09-11 14:41:00,1091.5500,1092.3000,1091.5000,1091.5000,11700
2015-09-11 14:42:00,1091.0500,1091.6000,1090.4500,1091.6000,11800
2015-09-11 14:43:59,1091.0500,1091.9500,1091.0000,1091.0000,8600
2015-09-11 14:44:00,1091.0000,1091.1000,1090.6000,1091.0500,13200
2015-09-11 14:45:00,1091.0000,1091.4000,1091.0000,1091.0000,11200
2015-09-11 14:46:59,1091.1500,1091.2000,1091.0000,1091.0000,6500
2015-09-11 14:47:00,1091.3500,1091.7500,1091.1000,1091.1500,6600
2015-09-11 14:48:00,1091.8000,1091.8000,1091.2500,1091.3500,10000
2015-09-11 14:49:59,1091.7000,1091.9500,1091.5000,1091.7000,8100
2015-09-11 14:50:00,1091.6000,1091.7000,1091.0500,1091.7000,8700
2015-09-11 14:51:59,1092.2500,1092.9000,1091.4000,1091.4000,10600
2015-09-11 14:52:00,1091.5500,1092.2500,1091.4500,1092.2500,7700
2015-09-11 14:53:00,1090.6500,1091.5000,1090.6000,1091.5000,8600
2015-09-11 14:54:59,1090.1000,1090.7000,1090.0000,1090.6500,11500
2015-09-11 14:55:00,1090.6500,1090.7500,1090.0000,1090.1000,7300
2015-09-11 14:56:01,1090.9500,1090.9500,1090.0500,1090.5500,8300
2015-09-11 14:57:59,1091.2000,1091.4000,1090.2000,1090.8500,13000
2015-09-11 14:58:00,1092.7000,1093.0000,1091.1000,1091.1000,15800
2015-09-11 14:59:59,1092.4500,1094.0000,1092.0000,1092.1500,16200
2015-09-11 15:00:00,1092.2000,1092.5000,1092.1500,1092.2500,5900
2015-09-11 15:01:59,1092.1000,1092.5000,1092.0000,1092.2000,12200
2015-09-11 15:02:59,1093.0000,1093.5000,1092.0500,1092.0500,7100
2015-09-11 15:03:59,1094.0000,1094.0000,1093.0000,1093.0000,9000
2015-09-11 15:04:00,1092.8500,1093.9500,1092.4500,1093.9500,8700
2015-09-11 15:05:59,1093.9500,1093.9500,1092.0500,1092.1500,6700
2015-09-11 15:06:59,1094.0000,1094.0000,1093.4500,1093.4500,7700
2015-09-11 15:07:59,1094.1000,1094.9000,1093.9000,1093.9000,15900
2015-09-11 15:08:59,1094.0500,1094.3000,1093.4500,1093.9000,14500
2015-09-11 15:09:00,1093.0000,1094.0500,1091.9500,1094.0500,15000
2015-09-11 15:10:58,1090.6500,1092.8000,1090.6500,1092.8000,16800
2015-09-11 15:11:02,1091.1000,1091.2500,1090.1000,1090.7000,11500
2015-09-11 15:12:59,1090.3500,1091.7500,1090.1000,1091.1000,24800
2015-09-11 15:13:59,1089.9000,1091.9500,1089.9000,1090.3500,25500
2015-09-11 15:14:59,1087.1500,1090.6500,1087.0500,1089.9000,35000
2015-09-11 15:15:59,1086.3500,1089.6500,1085.5000,1086.8500,46600
2015-09-11 15:16:59,1088.1000,1090.0000,1086.4000,1086.4000,32400
2015-09-11 15:17:58,1087.4000,1088.8000,1086.2500,1088.1000,20100
2015-09-11 15:18:00,1090.0000,1090.7000,1087.6000,1087.6000,12000
2015-09-11 15:19:59,1090.0000,1090.8000,1089.4000,1090.4000,17500
2015-09-11 15:20:59,1090.0000,1091.5000,1090.0000,1090.0500,22900
2015-09-11 15:21:59,1090.0500,1091.0000,1090.0000,1090.0000,18900
2015-09-11 15:22:59,1090.7500,1091.0000,1090.0000,1090.0000,9800
2015-09-11 15:23:00,1092.0500,1093.0000,1090.7500,1090.7500,19200
2015-09-11 15:24:00,1090.9000,1093.9500,1090.9000,1092.0500,24000
2015-09-11 15:25:00,1091.5500,1092.9000,1090.3000,1090.9000,19300
2015-09-11 15:26:00,1092.0000,1092.9000,1091.5500,1091.5500,16600
2015-09-11 15:27:59,1092.0000,1092.6000,1091.7500,1092.0000,26700
2015-09-11 15:28:59,1091.6000,1092.0000,1090.8000,1091.9500,25600
2015-09-11 15:29:59,1091.9500,1092.0000,1091.0000,1091.6000,10900
2015-09-11 15:30:00,1091.9000,1091.9000,1091.9000,1091.9000,500
2015-09-14 09:15:59,1086.0000,1095.0000,1082.6500,1094.0000,41800
2015-09-14 09:16:59,1085.5000,1085.6000,1083.0000,1085.6000,27100
2015-09-14 09:17:59,1088.3000,1089.5000,1085.5000,1085.5000,31500
2015-09-14 09:18:59,1089.5000,1089.6000,1087.6000,1088.0000,11700
2015-09-14 09:19:59,1090.0500,1090.9500,1089.5000,1089.5000,15200
2015-09-14 09:20:00,1088.0000,1090.8500,1088.0000,1090.8500,10400
2015-09-14 09:21:00,1086.0000,1089.4500,1086.0000,1088.5000,10800
2015-09-14 09:22:59,1090.0000,1090.0000,1086.6500,1086.6500,9200
2015-09-14 09:23:00,1091.0000,1091.0000,1089.7500,1089.7500,15700
2015-09-14 09:24:02,1090.0000,1091.2500,1090.0000,1091.2500,7500
2015-09-14 09:25:00,1089.9000,1090.6000,1089.0000,1090.0000,9200
2015-09-14 09:26:59,1087.9500,1089.4000,1087.5000,1089.0000,8500
2015-09-14 09:27:00,1088.1000,1088.1000,1087.0000,1087.9500,14500
2015-09-14 09:28:04,1087.0500,1088.0000,1086.5000,1087.7000,17900
2015-09-14 09:29:59,1087.5000,1089.3500,1087.0500,1087.8000,6800
2015-09-14 09:30:59,1088.6000,1089.0000,1087.9500,1087.9500,4900
2015-09-14 09:31:59,1087.8500,1088.7500,1087.0000,1088.6000,11400
2015-09-14 09:32:59,1086.0000,1088.3500,1086.0000,1087.9000,27900
2015-09-14 09:33:59,1084.0500,1086.9000,1083.6000,1086.0500,15800
2015-09-14 09:34:00,1087.2000,1087.2000,1084.0000,1084.0000,5900
2015-09-14 09:35:00,1087.4500,1088.3500,1086.6000,1087.3500,8400
2015-09-14 09:36:59,1088.4000,1088.4000,1086.7000,1086.7000,3800
2015-09-14 09:37:00,1088.5000,1088.6000,1088.4000,1088.5000,6500
2015-09-14 09:38:01,1088.5000,1088.5000,1088.3000,1088.5000,3600
2015-09-14 09:39:02,1088.2500,1088.9000,1086.7500,1088.5000,9100
2015-09-14 09:40:03,1088.2500,1088.9500,1088.2000,1088.3000,6600
2015-09-14 09:41:01,1088.3000,1088.9500,1088.2500,1088.3000,7900
2015-09-14 09:42:59,1088.6000,1088.9000,1088.2500,1088.3000,8200
2015-09-14 09:43:59,1088.1000,1088.6000,1088.0500,1088.5000,15100
2015-09-14 09:44:00,1088.4000,1089.0000,1087.7000,1088.2000,9200
2015-09-14 09:45:59,1088.4000,1089.5000,1088.4000,1088.4000,11800
2015-09-14 09:46:00,1088.5000,1089.0000,1088.4000,1088.4000,10400
2015-09-14 09:47:00,1088.5000,1089.4000,1088.3500,1088.3500,3800
2015-09-14 09:48:59,1088.2500,1089.5000,1088.0000,1089.5000,5900
2015-09-14 09:49:00,1088.1500,1088.5000,1088.1500,1088.2500,4700
2015-09-14 09:50:59,1088.4500,1088.4500,1088.0500,1088.1000,2700
2015-09-14 09:51:00,1088.5000,1088.8000,1088.4500,1088.5000,4500
2015-09-14 09:52:59,1088.5000,1089.0000,1088.4500,1088.4500,6100
2015-09-14 09:53:59,1088.5000,1089.0000,1088.4500,1088.4500,4900
2015-09-14 09:54:59,1088.5000,1089.0000,1088.4500,1088.4500,7000
2015-09-14 09:55:00,1087.1000,1088.5000,1087.1000,1088.5000,4500
2015-09-14 09:56:02,1087.4500,1087.5000,1087.1000,1087.3000,1600
2015-09-14 09:57:02,1087.8500,1087.8500,1087.4500,1087.5000,3000
2015-09-14 09:58:59,1088.5000,1088.5000,1087.5000,1087.8500,4000
2015-09-14 09:59:00,1087.8000,1088.5000,1087.7000,1088.5000,7500
2015-09-14 10:00:02,1088.2500,1088.3000,1087.8000,1087.8000,1400
2015-09-14 10:01:01,1087.8000,1088.4500,1087.8000,1088.3000,4800
2015-09-14 10:02:00,1088.4500,1088.4500,1088.0000,1088.0000,2500
2015-09-14 10:03:59,1088.9000,1088.9000,1088.0000,1088.4500,5100
2015-09-14 10:04:00,1089.4500,1089.4500,1088.5000,1088.7000,4900
2015-09-14 10:05:59,1090.5000,1090.9000,1089.4500,1089.4500,7000
2015-09-14 10:06:00,1090.2500,1090.5000,1090.1500,1090.5000,4000
2015-09-14 10:07:02,1089.9500,1090.2500,1089.6500,1090.2500,4100
2015-09-14 10:08:00,1090.0000,1090.1000,1089.6500,1089.6500,2000
2015-09-14 10:09:01,1089.9500,1090.0000,1089.9000,1089.9000,2400
2015-09-14 10:10:01,1090.0000,1090.1000,1089.9500,1090.0000,5800
2015-09-14 10:11:01,1090.6000,1090.9000,1090.0000,1090.0500,6500
2015-09-14 10:12:59,1090.8000,1090.9500,1090.6000,1090.7500,3500
2015-09-14 10:13:59,1090.0000,1090.9500,1090.0000,1090.9500,4900
2015-09-14 10:14:59,1089.5000,1090.1500,1089.5000,1090.0000,4600
2015-09-14 10:15:00,1088.6000,1089.4000,1088.5000,1089.2000,2100
2015-09-14 10:16:59,1089.8000,1090.1000,1088.6000,1088.6000,4200
2015-09-14 10:17:00,1090.0500,1090.3500,1089.8000,1090.1000,4100
2015-09-14 10:18:59,1090.8500,1090.9000,1090.0500,1090.1000,2600
2015-09-14 10:19:00,1092.1000,1093.5500,1090.8500,1090.8500,15300
2015-09-14 10:20:58,1095.0500,1095.9000,1092.4500,1092.4500,18100
2015-09-14 10:21:59,1093.5500,1097.5000,1093.4000,1095.9000,11900
2015-09-14 10:22:59,1096.1000,1096.6000,1092.5500,1093.6000,5100
2015-09-14 10:23:59,1096.1000,1097.0000,1094.4500,1095.9500,7100
2015-09-14 10:24:59,1094.5500,1096.1000,1094.5000,1096.1000,3600
2015-09-14 10:25:59,1094.2000,1096.5000,1094.2000,1094.8000,5400
2015-09-14 10:26:58,1092.5500,1094.2000,1092.5500,1094.2000,7300
2015-09-14 10:27:00,1091.2500,1092.5500,1091.0500,1092.5500,7300
2015-09-14 10:28:59,1091.3000,1093.6500,1091.2000,1091.6500,6500
2015-09-14 10:29:59,1090.7500,1092.1500,1090.3000,1091.3500,9400
2015-09-14 10:30:59,1090.6000,1091.8000,1090.3500,1090.7500,7700
2015-09-14 10:31:59,1090.1500,1091.5500,1089.9500,1091.0000,11700
2015-09-14 10:32:59,1091.0500,1091.0500,1090.1500,1090.2000,5000
2015-09-14 10:33:00,1090.2000,1091.5000,1090.0000,1091.0500,6900
2015-09-14 10:34:59,1089.3000,1090.6000,1089.3000,1090.6000,5500
2015-09-14 10:35:59,1090.2500,1090.5000,1089.3000,1089.3000,4200
2015-09-14 10:36:59,1090.1500,1090.5000,1090.1000,1090.2500,3100
2015-09-14 10:37:59,1091.7000,1091.9000,1090.1500,1090.1500,3400
2015-09-14 10:38:59,1091.5500,1091.9500,1090.5500,1091.7500,5700
2015-09-14 10:39:59,1092.8000,1093.0000,1091.5500,1091.6000,3200
2015-09-14 10:40:59,1091.0500,1092.9000,1091.0500,1092.8000,6400
2015-09-14 10:41:59,1092.8500,1093.0000,1091.0500,1091.0500,4800
2015-09-14 10:42:00,1093.4000,1093.5000,1093.0000,1093.0000,2400
2015-09-14 10:43:01,1093.0000,1093.4000,1092.9000,1093.4000,6000
2015-09-14 10:44:00,1093.5500,1093.7500,1092.5500,1092.9500,5800
2015-09-14 10:45:01,1092.5000,1094.0000,1092.5000,1093.7500,4400
2015-09-14 10:46:01,1092.8000,1092.8500,1092.5000,1092.5500,2300
2015-09-14 10:47:00,1093.5000,1093.6000,1092.7000,1092.8500,4500
2015-09-14 10:48:58,1093.1500,1093.5000,1093.1000,1093.5000,1900
2015-09-14 10:49:00,1093.4000,1093.9500,1093.1000,1093.1500,4400
2015-09-14 10:50:00,1094.0000,1094.0000,1093.3500,1093.4000,3900
2015-09-14 10:51:00,1094.8500,1094.9000,1094.0000,1094.0000,3600
2015-09-14 10:52:59,1095.0000,1095.0000,1094.5500,1094.5500,4600
2015-09-14 10:53:00,1095.1000,1095.5000,1094.8500,1094.8500,3800
2015-09-14 10:54:01,1094.4000,1095.2500,1093.5000,1095.1000,6200
2015-09-14 10:55:01,1094.9500,1094.9500,1093.6000,1094.4000,9000
2015-09-14 10:56:00,1095.0000,1095.0000,1094.5500,1094.9500,2800
2015-09-14 10:57:00,1095.1500,1095.6500,1094.8000,1095.0000,2700
2015-09-14 10:58:00,1095.6000,1095.8000,1095.2500,1095.6500,1800
2015-09-14 10:59:01,1095.9500,1095.9500,1095.5500,1095.5500,2700
2015-09-14 11:00:00,1097.4000,1097.4000,1095.9000,1095.9000,5100
2015-09-14 11:01:03,1097.3000,1097.4000,1097.0000,1097.3500,3100
2015-09-14 11:02:00,1095.7500,1097.0000,1095.7500,1097.0000,5500
2015-09-14 11:03:01,1096.5000,1096.5000,1095.0000,1096.0000,4600
2015-09-14 11:04:59,1096.3000,1097.0000,1096.2500,1097.0000,2000
2015-09-14 11:05:00,1095.2500,1096.4500,1095.2000,1096.3000,5100
2015-09-14 11:06:01,1095.9000,1095.9500,1094.6000,1095.2500,3100
2015-09-14 11:07:59,1095.2000,1095.9500,1095.0000,1095.9500,3600
2015-09-14 11:08:59,1095.3500,1095.5000,1095.0000,1095.2000,1800
2015-09-14 11:09:00,1095.5500,1095.9500,1094.5000,1095.0000,5400
2015-09-14 11:10:01,1095.9500,1095.9500,1095.5500,1095.9500,1400
2015-09-14 11:11:01,1096.9000,1096.9500,1095.9000,1095.9500,5000
2015-09-14 11:12:59,1096.4500,1096.9000,1095.7000,1096.8500,8100
2015-09-14 11:13:01,1096.4500,1096.8000,1096.0500,1096.5000,3000
2015-09-14 11:14:01,1096.2000,1096.7500,1096.0500,1096.5000,2400
2015-09-14 11:15:59,1096.5000,1096.7000,1096.2000,1096.4000,1500
2015-09-14 11:16:00,1096.7000,1096.7000,1096.4000,1096.4000,2200
2015-09-14 11:17:00,1096.9000,1096.9000,1096.6000,1096.7000,3200
2015-09-14 11:18:01,1096.9000,1096.9500,1096.8500,1096.9000,2300
2015-09-14 11:19:00,1096.5500,1097.0000,1096.1500,1096.9500,3800
2015-09-14 11:20:01,1097.0000,1097.0000,1096.5500,1096.7500,3200
2015-09-14 11:21:01,1096.8500,1097.0000,1096.5500,1097.0000,3200
2015-09-14 11:22:00,1097.4500,1097.9000,1096.5500,1096.8500,6500
2015-09-14 11:23:01,1097.7000,1097.9000,1097.5000,1097.9000,1900
2015-09-14 11:24:59,1097.4500,1098.5000,1097.4500,1097.8000,8900
2015-09-14 11:25:59,1096.8000,1097.5000,1096.5500,1097.4500,4100
2015-09-14 11:26:58,1096.1500,1096.8500,1096.0000,1096.8500,5100
2015-09-14 11:27:00,1096.6000,1096.6000,1096.1000,1096.1500,1500
2015-09-14 11:28:01,1096.3500,1096.6500,1096.3000,1096.6000,2900
2015-09-14 11:29:03,1096.5500,1097.0000,1096.3500,1096.3500,2100
2015-09-14 11:30:59,1095.0000,1096.7500,1094.5000,1096.7500,7600
2015-09-14 11:31:00,1096.3000,1096.4000,1095.0500,1095.7500,2600
2015-09-14 11:32:59,1095.6000,1096.5000,1095.4500,1096.3500,3700
2015-09-14 11:33:00,1096.3000,1096.7000,1095.6000,1095.6000,3600
2015-09-14 11:34:58,1096.1000,1096.5000,1095.5000,1096.0000,3000
2015-09-14 11:35:59,1095.6000,1096.4500,1095.6000,1096.1000,2600
2015-09-14 11:36:59,1095.9000,1096.4500,1095.6000,1095.6000,2800
2015-09-14 11:37:00,1096.7000,1096.8500,1095.9000,1095.9000,3100
2015-09-14 11:38:01,1095.5500,1096.8500,1095.5500,1096.8000,5800
2015-09-14 11:39:59,1096.6500,1096.7000,1095.6000,1095.6500,3000
2015-09-14 11:40:59,1096.0500,1096.8000,1095.6500,1096.6500,3200
2015-09-14 11:41:59,1096.3500,1096.6000,1096.0500,1096.0500,3100
2015-09-14 11:42:59,1096.1500,1096.5000,1096.1500,1096.3500,2400
2015-09-14 11:43:59,1096.8000,1096.8500,1096.1500,1096.1500,2700
2015-09-14 11:44:59,1096.8500,1097.0000,1096.8000,1096.8000,3600
2015-09-14 11:45:59,1096.9000,1097.0000,1096.8500,1096.9000,2300
2015-09-14 11:46:59,1096.9000,1097.0000,1096.9000,1096.9000,2800
2015-09-14 11:47:00,1096.6000,1096.9500,1096.5000,1096.9000,2500
2015-09-14 11:48:59,1096.8500,1096.9000,1096.6000,1096.6500,3200
2015-09-14 11:49:00,1095.7500,1096.8500,1095.7500,1096.8500,4500
2015-09-14 11:50:01,1095.9500,1096.6000,1095.7500,1095.9500,3000
2015-09-14 11:51:01,1095.6500,1096.8000,1095.5000,1095.9500,3800
2015-09-14 11:52:59,1096.1500,1096.8000,1096.1500,1096.3000,2100
2015-09-14 11:53:00,1095.5000,1096.2500,1095.5000,1096.1500,2700
2015-09-14 11:54:59,1095.5000,1095.9000,1095.5000,1095.9000,3000
2015-09-14 11:55:59,1095.5500,1095.9000,1095.5000,1095.5000,4200
2015-09-14 11:56:59,1095.7500,1096.2500,1095.5000,1095.5000,3500
2015-09-14 11:57:00,1095.1000,1096.2500,1095.0000,1095.7500,5100
2015-09-14 11:58:00,1095.8500,1096.0000,1095.0000,1095.0000,2500
2015-09-14 11:59:00,1095.5000,1096.3500,1095.0000,1095.8500,5600
2015-09-14 12:00:01,1096.0000,1096.6500,1095.6000,1096.0000,4000
2015-09-14 12:01:59,1096.2500,1096.5000,1096.0000,1096.4500,1500
2015-09-14 12:02:58,1098.0500,1098.9000,1096.2500,1096.2500,8900
2015-09-14 12:03:59,1095.0000,1098.2000,1095.0000,1097.4500,9200
2015-09-14 12:04:59,1095.5500,1096.4500,1095.0000,1095.0000,5500
2015-09-14 12:05:00,1096.2000,1096.5000,1095.5500,1096.0000,2000
2015-09-14 12:06:01,1096.4500,1096.9500,1096.2500,1096.9500,1900
2015-09-14 12:07:01,1096.8000,1097.0000,1096.4500,1096.9000,2400
2015-09-14 12:08:01,1096.9500,1097.0000,1096.8000,1097.0000,1800
2015-09-14 12:09:00,1096.9500,1097.0000,1095.1500,1096.9500,6500
2015-09-14 12:10:59,1095.5000,1096.8500,1095.5000,1096.2000,4000
2015-09-14 12:11:59,1095.0000,1096.1500,1094.4000,1095.5000,6200
2015-09-14 12:12:59,1095.0000,1095.2000,1095.0000,1095.0000,4700
2015-09-14 12:13:59,1095.1500,1095.4500,1095.0000,1095.0000,3800
2015-09-14 12:14:59,1095.2500,1095.4500,1095.0000,1095.0000,8100
2015-09-14 12:15:59,1095.0000,1095.5000,1093.3500,1095.3000,20500
2015-09-14 12:16:59,1095.0000,1095.5500,1094.8500,1095.0000,7200
2015-09-14 12:17:00,1095.0000,1095.1000,1094.8000,1095.1000,6200
2015-09-14 12:18:59,1095.0000,1095.0500,1094.5500,1095.0000,13300
2015-09-14 12:19:59,1095.1000,1095.1500,1094.3000,1095.0000,9100
2015-09-14 12:20:59,1095.7500,1095.7500,1095.1000,1095.1000,2500
2015-09-14 12:21:00,1095.8000,1096.0000,1095.5000,1095.5000,1200
2015-09-14 12:22:00,1095.5000,1096.0000,1095.3000,1095.8000,4200
2015-09-14 12:23:00,1095.3500,1095.5000,1095.3000,1095.3000,1800
2015-09-14 12:24:59,1095.6000,1095.8000,1095.3500,1095.4000,1300
2015-09-14 12:25:58,1095.7500,1095.8000,1095.6000,1095.6000,1500
2015-09-14 12:26:00,1095.8500,1095.8500,1095.7500,1095.7500,1700
2015-09-14 12:27:59,1096.2000,1096.5000,1095.8500,1096.0000,2100
2015-09-14 12:28:01,1096.0000,1096.2500,1096.0000,1096.2500,3400
2015-09-14 12:29:59,1096.0000,1096.1000,1096.0000,1096.0000,2100
2015-09-14 12:30:00,1095.6000,1096.0500,1095.0000,1096.0000,3400
2015-09-14 12:31:02,1096.2000,1096.4500,1095.6000,1096.2500,2500
2015-09-14 12:32:59,1096.2500,1096.2500,1096.2000,1096.2500,1500
2015-09-14 12:33:00,1096.2000,1096.2500,1096.2000,1096.2000,4300
2015-09-14 12:34:59,1095.0000,1096.2500,1095.0000,1096.2500,5900
2015-09-14 12:35:58,1095.0000,1095.0500,1095.0000,1095.0000,12700
2015-09-14 12:36:00,1095.0000,1095.7000,1095.0000,1095.0000,5600
2015-09-14 12:37:59,1095.0000,1095.6000,1094.9500,1095.2500,5200
2015-09-14 12:38:00,1095.1500,1095.5000,1094.9500,1095.0000,4700
2015-09-14 12:39:59,1095.5000,1096.0000,1095.1500,1095.5000,4600
2015-09-14 12:40:00,1095.2000,1096.0000,1095.2000,1095.5000,3200
2015-09-14 12:41:02,1095.0000,1095.4500,1095.0000,1095.4500,5300
2015-09-14 12:42:59,1095.1000,1095.3500,1095.0000,1095.3500,1900
2015-09-14 12:43:00,1095.8500,1096.0000,1095.1000,1095.2000,3100
2015-09-14 12:44:59,1095.0000,1095.9000,1095.0000,1095.9000,2900
2015-09-14 12:45:59,1095.3000,1095.4000,1095.0000,1095.4000,2300
2015-09-14 12:46:59,1095.0000,1095.3500,1095.0000,1095.3000,3200
2015-09-14 12:47:59,1095.1000,1095.2000,1095.0000,1095.0000,3400
2015-09-14 12:48:58,1095.0000,1095.1000,1095.0000,1095.1000,5100
2015-09-14 12:49:00,1095.1000,1095.1500,1095.0000,1095.0000,3100
2015-09-14 12:50:59,1095.1000,1095.3500,1095.0000,1095.1500,4700
2015-09-14 12:51:00,1095.8500,1095.9500,1095.1500,1095.9000,2000
2015-09-14 12:52:59,1095.0000,1095.9000,1095.0000,1095.8500,3200
2015-09-14 12:53:59,1095.0000,1095.4500,1094.8000,1095.0000,5500
2015-09-14 12:54:59,1095.6000,1095.8500,1095.0000,1095.0500,3800
2015-09-14 12:55:59,1095.5000,1095.8500,1095.3000,1095.6000,4300
2015-09-14 12:56:00,1096.4500,1096.9000,1095.5000,1095.8500,3900
2015-09-14 12:57:00,1096.2500,1096.5000,1095.1000,1096.4500,6600
2015-09-14 12:58:00,1096.3500,1096.4000,1095.5000,1095.5000,1400
2015-09-14 12:59:59,1095.9500,1096.3500,1095.7500,1095.7500,1600
2015-09-14 13:00:59,1096.5500,1096.9500,1095.9500,1095.9500,3000
2015-09-14 13:01:00,1095.8000,1096.8500,1095.5000,1096.5500,5300
2015-09-14 13:02:59,1095.6500,1096.4500,1095.6500,1096.0000,3200
2015-09-14 13:03:59,1095.9500,1096.1500,1095.6500,1096.1500,2500
2015-09-14 13:04:59,1096.0500,1096.4000,1095.9500,1095.9500,1500
2015-09-14 13:05:00,1096.0500,1096.2500,1096.0500,1096.2500,2100
2015-09-14 13:06:59,1096.1000,1096.4500,1096.0500,1096.4500,2300
2015-09-14 13:07:59,1095.0000,1096.4500,1095.0000,1096.1000,3500
2015-09-14 13:08:00,1095.1000,1095.2000,1095.0000,1095.0000,1500
2015-09-14 13:09:58,1095.4500,1095.5000,1095.1000,1095.5000,1600
2015-09-14 13:10:00,1096.3000,1096.3500,1095.3000,1095.4500,3000
2015-09-14 13:11:01,1095.0000,1096.3500,1095.0000,1096.3500,4600
2015-09-14 13:12:59,1096.0000,1096.5000,1095.0500,1095.5000,6000
2015-09-14 13:13:58,1096.8500,1097.1000,1096.0000,1096.0000,6800
2015-09-14 13:14:00,1097.0000,1097.3000,1096.1000,1097.1000,3700
2015-09-14 13:15:02,1097.0000,1097.4000,1096.3000,1097.3500,3500
2015-09-14 13:16:02,1096.1000,1097.2000,1096.1000,1097.2000,2600
2015-09-14 13:17:59,1097.0000,1097.5000,1096.0500,1096.1000,3800
2015-09-14 13:18:01,1096.5000,1097.4500,1095.5000,1097.4500,8200
2015-09-14 13:19:01,1096.1000,1097.5000,1096.1000,1097.2000,3500
2015-09-14 13:20:01,1095.0500,1096.9000,1095.0500,1096.9000,2300
2015-09-14 13:21:00,1095.8500,1095.9000,1095.0000,1095.0500,3000
2015-09-14 13:22:00,1095.0500,1095.8500,1095.0000,1095.3500,3300
2015-09-14 13:23:00,1095.4500,1095.5000,1095.0000,1095.0500,18200
2015-09-14 13:24:01,1094.3000,1095.5000,1094.3000,1095.4500,13400
2015-09-14 13:25:59,1094.0000,1094.5500,1094.0000,1094.5500,5200
2015-09-14 13:26:01,1093.5500,1094.8000,1093.5500,1094.4000,3500
2015-09-14 13:27:01,1094.9500,1094.9500,1093.5500,1094.2000,4700
2015-09-14 13:28:59,1093.0000,1094.4500,1093.0000,1094.4500,4800
2015-09-14 13:29:00,1093.4500,1093.4500,1092.5000,1093.2500,4100
2015-09-14 13:30:59,1092.8000,1093.4500,1092.8000,1093.0000,3800
2015-09-14 13:31:01,1093.0000,1093.4500,1093.0000,1093.2500,3700
2015-09-14 13:32:59,1093.3000,1093.4500,1093.0000,1093.2000,3000
2015-09-14 13:33:00,1093.7000,1093.9500,1093.3000,1093.4500,3600
2015-09-14 13:34:59,1093.4000,1093.8500,1092.6000,1093.1000,5200
2015-09-14 13:35:00,1092.6500,1093.9000,1091.4000,1093.6000,9900
2015-09-14 13:36:01,1093.2500,1093.4000,1092.7500,1093.3500,4500
2015-09-14 13:37:59,1093.0500,1093.5500,1093.0000,1093.1000,3200
2015-09-14 13:38:00,1093.4500,1093.5500,1093.1000,1093.4500,2900
2015-09-14 13:39:59,1093.0000,1093.4500,1092.5500,1093.4500,5900
2015-09-14 13:40:00,1093.0500,1093.4500,1092.5000,1093.4500,7200
2015-09-14 13:41:00,1093.1500,1093.5000,1092.5000,1092.5000,3000
2015-09-14 13:42:00,1093.2500,1093.3500,1092.5500,1093.1500,7200
2015-09-14 13:43:00,1092.8500,1093.4500,1092.6500,1093.3500,6200
2015-09-14 13:44:00,1093.4000,1093.6500,1092.8500,1093.3500,2800
2015-09-14 13:45:00,1093.4500,1093.6500,1093.0000,1093.5000,3100
2015-09-14 13:46:00,1093.0500,1093.6500,1093.0500,1093.0500,4300
2015-09-14 13:47:01,1093.0000,1093.6500,1093.0000,1093.6500,3900
2015-09-14 13:48:02,1093.0000,1093.4500,1092.9500,1093.3500,3400
2015-09-14 13:49:59,1093.3000,1093.3500,1092.8000,1093.2000,3900
2015-09-14 13:50:59,1093.4000,1093.8500,1093.0000,1093.3000,5800
2015-09-14 13:51:59,1093.1500,1093.8000,1093.0500,1093.4000,5500
2015-09-14 13:52:00,1093.8500,1094.0000,1093.0000,1093.1500,8900
2015-09-14 13:53:59,1094.0500,1094.9500,1093.5000,1094.0000,4600
2015-09-14 13:54:00,1094.8000,1094.9500,1093.8000,1094.5000,7800
2015-09-14 13:55:02,1093.9500,1094.8000,1092.8000,1094.8000,5900
2015-09-14 13:56:00,1093.6500,1094.3000,1093.1000,1094.3000,5400
2015-09-14 13:57:59,1094.0000,1094.4500,1093.6500,1093.6500,2400
2015-09-14 13:58:00,1093.8000,1094.4500,1093.1000,1094.0000,5900
2015-09-14 13:59:01,1093.4000,1093.7500,1093.4000,1093.7500,2900
2015-09-14 14:00:01,1093.4000,1093.7500,1093.4000,1093.7500,4000
2015-09-14 14:01:59,1094.3500,1094.5000,1093.4000,1093.6000,7600
2015-09-14 14:02:00,1095.4000,1095.9500,1094.4000,1094.4000,5700
2015-09-14 14:03:01,1094.8000,1095.7000,1094.5000,1095.7000,7900
2015-09-14 14:04:00,1093.9500,1094.6500,1093.6000,1094.6000,83200
2015-09-14 14:05:01,1095.5000,1095.8000,1094.2000,1094.4500,1300
2015-09-14 14:06:00,1094.6500,1095.5000,1094.5000,1095.4000,5400
2015-09-14 14:07:00,1094.5000,1095.0000,1094.0000,1094.9500,4600
2015-09-14 14:08:01,1095.3000,1095.5000,1094.5000,1094.5000,4600
2015-09-14 14:09:59,1094.1000,1095.5000,1093.7500,1095.5000,7200
2015-09-14 14:10:59,1093.5000,1094.4500,1093.5000,1093.5500,3700
2015-09-14 14:11:00,1093.0000,1093.9000,1093.0000,1093.5000,7300
2015-09-14 14:12:58,1093.0000,1093.6000,1092.2500,1093.6000,14100
2015-09-14 14:13:59,1094.3500,1094.8000,1093.2000,1093.4000,5900
2015-09-14 14:14:00,1094.1000,1095.0000,1094.1000,1094.7500,8500
2015-09-14 14:15:02,1093.0000,1094.7500,1092.5500,1094.0000,5900
2015-09-14 14:16:00,1093.6500,1093.6500,1092.5000,1093.0000,11000
2015-09-14 14:17:59,1093.6000,1093.8500,1093.2000,1093.7000,6200
2015-09-14 14:18:00,1094.1500,1094.3500,1093.6000,1094.0000,2800
2015-09-14 14:19:59,1094.3500,1094.4000,1093.5000,1094.3500,4200
2015-09-14 14:20:59,1093.5500,1094.4000,1093.5000,1093.9500,3700
2015-09-14 14:21:01,1093.7500,1094.4500,1093.5500,1093.9500,4400
2015-09-14 14:22:59,1094.3500,1094.8500,1093.7500,1093.8500,4900
2015-09-14 14:23:00,1094.0000,1094.5000,1093.9500,1094.5000,2600
2015-09-14 14:24:01,1094.7500,1094.8000,1094.0000,1094.5000,5000
2015-09-14 14:25:05,1093.5000,1094.9000,1093.0000,1094.7500,5700
2015-09-14 14:26:01,1093.2000,1094.2000,1093.0500,1094.2000,4500
2015-09-14 14:27:59,1094.2500,1094.2500,1093.2000,1093.7000,3500
2015-09-14 14:28:00,1094.0000,1094.5000,1094.0000,1094.5000,4000
2015-09-14 14:29:01,1094.3500,1094.5000,1094.0000,1094.5000,3200
2015-09-14 14:30:01,1093.6000,1094.5000,1093.3500,1094.5000,7000
2015-09-14 14:31:01,1093.4000,1093.9000,1093.2500,1093.6000,3000
2015-09-14 14:32:59,1093.5000,1093.8000,1093.1500,1093.8000,9600
2015-09-14 14:33:59,1092.9500,1093.8000,1092.8500,1093.5000,15400
2015-09-14 14:34:00,1092.9000,1093.0000,1092.6000,1092.9500,6100
2015-09-14 14:35:59,1092.2500,1093.0000,1092.1000,1093.0000,8000
2015-09-14 14:36:59,1092.2500,1092.4000,1092.0000,1092.3500,5000
2015-09-14 14:37:00,1092.5500,1093.0000,1092.2500,1092.3000,4900
2015-09-14 14:38:00,1090.5500,1092.6500,1090.5500,1092.5500,12900
2015-09-14 14:39:59,1090.5500,1090.7500,1090.1500,1090.7500,8700
2015-09-14 14:40:00,1090.6000,1091.0000,1090.2000,1090.5500,13300
2015-09-14 14:41:58,1089.0000,1090.9500,1089.0000,1090.9000,21400
2015-09-14 14:42:59,1090.5000,1090.8500,1088.6500,1088.7000,4700
2015-09-14 14:43:59,1092.4500,1092.5000,1090.6500,1090.8000,8600
2015-09-14 14:44:01,1092.8000,1092.8000,1091.5000,1092.6500,6900
2015-09-14 14:45:59,1093.6000,1094.0000,1092.3500,1092.3500,7900
2015-09-14 14:46:00,1094.8500,1095.9000,1093.6500,1093.8000,14800
2015-09-14 14:47:59,1093.5000,1095.4000,1093.5000,1095.4000,8000
2015-09-14 14:48:59,1095.0000,1095.4000,1093.5500,1093.6000,9300
2015-09-14 14:49:00,1095.0500,1095.4500,1094.8000,1095.2000,10200
2015-09-14 14:50:01,1095.0500,1095.3500,1094.6500,1095.0500,6600
2015-09-14 14:51:00,1095.0000,1095.2000,1094.6000,1095.0000,7600
2015-09-14 14:52:01,1095.0000,1095.4000,1095.0000,1095.2000,8200
2015-09-14 14:53:59,1095.0500,1095.2000,1095.0000,1095.0000,5800
2015-09-14 14:54:59,1094.9000,1095.0500,1094.6000,1095.0000,8800
2015-09-14 14:55:00,1095.0000,1095.3000,1095.0000,1095.0000,11700
2015-09-14 14:56:00,1094.7000,1095.0500,1094.6000,1095.0000,6800
2015-09-14 14:57:00,1094.6000,1095.0500,1094.6000,1094.7000,5200
2015-09-14 14:58:00,1095.3500,1095.4000,1094.6000,1094.6000,6400
2015-09-14 14:59:58,1095.9000,1095.9500,1095.5000,1095.5000,6700
2015-09-14 15:00:59,1095.8000,1096.0000,1095.3500,1095.9000,8400
2015-09-14 15:01:00,1097.4000,1097.5000,1095.9500,1096.0000,17400
2015-09-14 15:02:59,1097.6500,1098.0000,1097.4000,1097.4500,20000
2015-09-14 15:03:00,1097.1000,1098.0000,1097.0500,1097.6500,22700
2015-09-14 15:04:59,1096.0500,1097.4500,1096.0500,1097.2500,26100
2015-09-14 15:05:59,1096.4500,1096.6000,1096.0500,1096.0500,11600
2015-09-14 15:06:59,1097.0000,1097.5000,1096.4500,1096.5000,14800
2015-09-14 15:07:59,1097.5500,1097.9500,1097.0000,1097.3000,20800
2015-09-14 15:08:59,1099.0500,1099.3500,1097.5500,1097.5500,26900
2015-09-14 15:09:59,1098.7000,1100.8500,1098.6500,1099.0000,49600
2015-09-14 15:10:59,1099.2000,1100.2000,1098.9500,1098.9500,26100
2015-09-14 15:11:59,1099.4000,1099.7500,1099.2000,1099.7500,15100
2015-09-14 15:12:59,1098.6000,1100.0000,1098.6000,1099.4000,23600
2015-09-14 15:13:59,1099.6500,1100.0000,1098.6000,1098.6000,23600
2015-09-14 15:14:59,1099.3000,1100.0000,1099.2000,1099.6500,27500
2015-09-14 15:15:59,1102.3500,1102.3500,1099.2000,1099.3000,71100
2015-09-14 15:16:59,1099.9500,1102.7500,1099.2500,1102.3000,313400
2015-09-14 15:17:58,1100.2000,1100.5000,1098.5000,1099.8000,25300
2015-09-14 15:18:59,1100.4000,1101.0000,1100.0500,1100.2000,24600
2015-09-14 15:19:59,1100.7000,1100.9000,1100.2000,1100.2000,17300
2015-09-14 15:20:59,1100.6500,1100.8500,1100.5000,1100.5000,21000
2015-09-14 15:21:59,1100.5000,1100.6500,1100.0000,1100.2000,29500
2015-09-14 15:22:59,1100.3000,1100.4500,1100.0000,1100.0000,31500
2015-09-14 15:23:59,1100.2500,1100.5000,1099.5500,1100.0000,89000
2015-09-14 15:24:00,1099.7000,1100.5000,1099.6500,1100.0000,51700
2015-09-14 15:25:59,1100.0000,1100.9500,1099.5500,1099.9500,44600
2015-09-14 15:26:00,1100.0000,1100.7500,1100.0000,1100.0000,80200
2015-09-14 15:27:59,1100.4500,1101.6000,1100.0000,1100.3500,26700
2015-09-14 15:28:59,1100.0000,1101.0000,1100.0000,1100.0000,45700
2015-09-14 15:29:00,1100.3500,1100.4500,1100.0000,1100.0000,8000
2015-09-14 15:30:00,1100.0000,1100.0000,1100.0000,1100.0000,100
2015-09-15 09:15:59,1100.2000,1100.5000,1097.0000,1099.7500,19300
2015-09-15 09:16:59,1096.9000,1100.1000,1095.5000,1099.9500,15500
2015-09-15 09:17:59,1097.6000,1097.7500,1095.0000,1096.9000,16200
2015-09-15 09:18:59,1096.5000,1096.6500,1094.7000,1096.6500,7400
2015-09-15 09:19:59,1095.4000,1096.4500,1094.5500,1095.6000,16200
2015-09-15 09:20:59,1095.5000,1097.0000,1095.0000,1095.4000,7000
2015-09-15 09:21:59,1099.5000,1099.5000,1095.8000,1095.8500,10100
2015-09-15 09:22:00,1098.8500,1099.9000,1096.0000,1099.4000,8300
2015-09-15 09:23:59,1098.3000,1100.0000,1097.6500,1098.8500,10100
2015-09-15 09:24:00,1097.8000,1098.5000,1095.0000,1098.4500,11400
2015-09-15 09:25:01,1097.8000,1098.9000,1096.6000,1097.3500,11900
2015-09-15 09:26:01,1097.9000,1098.9000,1097.4000,1098.0000,5800
2015-09-15 09:27:59,1097.3000,1098.0500,1096.5000,1098.0000,7600
2015-09-15 09:28:00,1098.2500,1098.5000,1096.1000,1096.1000,7000
2015-09-15 09:29:59,1100.9500,1101.8500,1098.4500,1098.4500,10100
2015-09-15 09:30:59,1101.5000,1102.9000,1101.0000,1101.0000,9200
2015-09-15 09:31:59,1100.6000,1101.9000,1100.0000,1101.7500,11200
2015-09-15 09:32:59,1099.9000,1100.9500,1098.0500,1100.7500,17600
2015-09-15 09:33:59,1100.8000,1101.0000,1099.8000,1099.9000,6300
2015-09-15 09:34:59,1099.6500,1100.4000,1099.4500,1100.4000,5500
2015-09-15 09:35:59,1099.9000,1099.9000,1099.4500,1099.6500,1600
2015-09-15 09:36:59,1099.6500,1100.0000,1099.3500,1099.9000,6600
2015-09-15 09:37:00,1099.2500,1100.0000,1099.2500,1099.4000,3900
2015-09-15 09:38:02,1100.0500,1101.0000,1098.7000,1099.2500,8900
2015-09-15 09:39:59,1099.8500,1100.7500,1099.7500,1100.7500,7800
2015-09-15 09:40:00,1099.3000,1099.8500,1098.5500,1099.7500,2700
2015-09-15 09:41:00,1098.9000,1099.3000,1098.5000,1099.2000,2400
2015-09-15 09:42:59,1098.7500,1098.9000,1098.7500,1098.8000,6200
2015-09-15 09:43:00,1098.0500,1098.7000,1097.9500,1098.5000,3700
2015-09-15 09:44:00,1098.8000,1099.0000,1098.1000,1098.1000,4100
2015-09-15 09:45:02,1100.0500,1100.5000,1098.1500,1098.6500,6700
2015-09-15 09:46:59,1099.7500,1100.5000,1099.7500,1100.1500,6900
2015-09-15 09:47:00,1100.0000,1100.5000,1099.1500,1100.0000,4500
2015-09-15 09:48:01,1100.0000,1100.5000,1099.6500,1100.0000,5800
2015-09-15 09:49:02,1098.6000,1100.5000,1098.6000,1100.0000,1800
2015-09-15 09:50:01,1100.0000,1100.0000,1098.5000,1098.9000,2200
2015-09-15 09:51:01,1099.7500,1100.0000,1099.7000,1099.8000,3400
2015-09-15 09:52:03,1099.0000,1099.7500,1098.6000,1099.7500,4100
2015-09-15 09:53:01,1098.3000,1098.6500,1098.1000,1098.6000,1700
2015-09-15 09:54:59,1096.5000,1098.4000,1096.1500,1098.2500,3900
2015-09-15 09:55:59,1097.2500,1097.7000,1097.0000,1097.1000,2400
2015-09-15 09:56:00,1097.7000,1097.9500,1097.1500,1097.2500,2800
2015-09-15 09:57:02,1097.8000,1097.8000,1097.5500,1097.7000,3000
2015-09-15 09:58:03,1097.0000,1097.7500,1096.7000,1097.7500,8700
2015-09-15 09:59:02,1096.5500,1097.0000,1096.1500,1096.7000,1300
2015-09-15 10:00:00,1094.9500,1097.2000,1094.7000,1096.1500,15900
2015-09-15 10:01:59,1095.0000,1095.6000,1094.8500,1095.1000,6300
2015-09-15 10:02:00,1094.8500,1095.6500,1094.8500,1095.5000,13400
2015-09-15 10:03:03,1095.9000,1096.0000,1095.0000,1095.4000,1500
2015-09-15 10:04:01,1096.0000,1096.8000,1095.8000,1095.8000,5100
2015-09-15 10:05:01,1097.4500,1097.6500,1096.0000,1096.4500,2500
2015-09-15 10:06:03,1097.0500,1097.5000,1097.0000,1097.1000,1500
2015-09-15 10:07:02,1097.2000,1097.4500,1096.7000,1097.0500,1400
2015-09-15 10:08:00,1097.3500,1097.4000,1096.6000,1097.2000,1900
2015-09-15 10:09:03,1096.0000,1097.4000,1096.0000,1096.8000,1800
2015-09-15 10:10:59,1095.9000,1096.8500,1095.9000,1096.5000,1500
2015-09-15 10:11:00,1096.8000,1096.8000,1095.3000,1095.9000,1900
2015-09-15 10:12:03,1096.0500,1097.5000,1096.0000,1096.5500,5400
2015-09-15 10:13:00,1095.9500,1096.3000,1095.4500,1096.0500,1100
2015-09-15 10:14:01,1095.5000,1097.0000,1095.1000,1095.9500,4400
2015-09-15 10:15:02,1096.5000,1096.8500,1095.1000,1095.1000,2200
2015-09-15 10:16:59,1096.1000,1096.7500,1096.0000,1096.5500,1400
2015-09-15 10:17:00,1096.3000,1096.3500,1095.1000,1096.1000,2000
2015-09-15 10:18:01,1096.5000,1096.5000,1095.6000,1095.6000,1000
2015-09-15 10:19:59,1096.5500,1097.6500,1096.0000,1096.4000,4200
2015-09-15 10:20:00,1097.2500,1098.3000,1097.0500,1097.0500,4700
2015-09-15 10:21:03,1098.0000,1098.0000,1097.5500,1097.9500,1800
2015-09-15 10:22:59,1098.0000,1098.0000,1097.2500,1097.9000,1900
2015-09-15 10:23:00,1098.9500,1099.0000,1098.0000,1098.0000,4000
2015-09-15 10:24:59,1101.0000,1101.4500,1098.5000,1098.9500,13100
2015-09-15 10:25:01,1100.8500,1101.0000,1100.0000,1101.0000,4800
2015-09-15 10:26:00,1100.0000,1101.0000,1100.0000,1100.8500,5400
2015-09-15 10:27:02,1100.0000,1100.7500,1100.0000,1100.0000,3300
2015-09-15 10:28:00,1100.2000,1100.5000,1099.9500,1100.0000,4100
2015-09-15 10:29:01,1099.9500,1100.5000,1099.9500,1100.4000,2400
2015-09-15 10:30:03,1099.0000,1100.3500,1099.0000,1099.9500,2200
2015-09-15 10:31:02,1098.7000,1099.4000,1098.6500,1099.4000,800
2015-09-15 10:32:01,1100.0000,1100.0000,1098.6000,1098.9000,5200
2015-09-15 10:33:03,1099.6000,1099.9000,1099.3500,1099.3500,2000
2015-09-15 10:34:00,1099.2000,1099.9500,1099.0000,1099.6000,4500
2015-09-15 10:35:03,1099.2000,1099.6000,1098.6000,1099.2000,1500
2015-09-15 10:36:03,1099.1000,1099.4500,1099.1000,1099.2500,1300
2015-09-15 10:37:01,1099.5000,1099.5000,1099.0000,1099.0000,1200
2015-09-15 10:38:03,1097.7000,1099.4500,1097.7000,1099.3500,2400
2015-09-15 10:39:02,1098.7000,1098.7000,1097.2000,1097.7000,6500
2015-09-15 10:40:01,1099.0000,1099.0000,1098.5000,1098.7000,2000
2015-09-15 10:41:03,1099.5000,1099.8000,1099.0000,1099.0000,1400
2015-09-15 10:42:00,1099.9500,1099.9500,1099.5000,1099.5000,2600
2015-09-15 10:43:03,1099.9500,1099.9500,1099.7000,1099.9500,3100
2015-09-15 10:44:59,1100.0000,1101.0000,1099.8500,1099.9500,12000
2015-09-15 10:45:59,1100.0000,1100.0500,1099.8500,1100.0000,6300
2015-09-15 10:46:00,1099.0000,1100.0000,1098.3500,1099.9500,1800
2015-09-15 10:47:00,1099.5000,1099.9000,1098.6500,1099.0000,2000
2015-09-15 10:48:00,1098.5000,1099.5000,1098.5000,1099.5000,2600
2015-09-15 10:49:00,1098.4500,1098.9500,1097.9500,1098.5000,1300
2015-09-15 10:50:01,1098.8500,1099.4000,1097.8500,1097.8500,1000
2015-09-15 10:51:03,1099.6500,1099.9000,1098.8500,1099.4000,1200
2015-09-15 10:52:00,1099.7500,1099.8000,1099.0000,1099.6500,1900
2015-09-15 10:53:03,1099.5000,1099.8500,1098.5500,1099.0000,2900
2015-09-15 10:54:03,1099.0000,1099.7500,1099.0000,1099.5000,600
2015-09-15 10:55:59,1099.5000,1099.8500,1099.2000,1099.4000,1700
2015-09-15 10:56:59,1099.8000,1099.8500,1099.1500,1099.6000,400
2015-09-15 10:57:59,1099.9500,1099.9500,1099.5500,1099.9000,3300
2015-09-15 10:58:59,1100.2500,1100.5000,1099.8000,1099.8000,10500
2015-09-15 10:59:59,1099.9500,1100.4500,1099.5000,1100.0500,5900
2015-09-15 11:00:59,1099.6500,1100.5000,1099.6500,1099.9500,4000
2015-09-15 11:01:00,1099.8000,1100.0000,1099.1500,1099.9500,2200
2015-09-15 11:02:00,1099.9500,1100.0000,1099.5000,1099.8000,1400
2015-09-15 11:03:01,1100.1500,1100.3000,1099.5000,1099.5000,2700
2015-09-15 11:04:02,1100.0000,1100.5000,1099.6000,1100.1500,3600
2015-09-15 11:05:59,1099.9500,1100.3500,1099.6000,1100.0000,4100
2015-09-15 11:06:00,1100.0000,1100.0000,1099.5500,1100.0000,2000
2015-09-15 11:07:59,1100.0000,1100.0000,1099.4500,1100.0000,3400
2015-09-15 11:08:59,1100.0000,1100.4000,1099.4500,1100.0000,3600
2015-09-15 11:09:59,1100.0000,1100.0000,1098.9000,1100.0000,4100
2015-09-15 11:10:59,1099.8500,1100.0000,1099.0500,1100.0000,2600
2015-09-15 11:11:59,1099.9000,1099.9000,1099.0500,1099.9000,1500
2015-09-15 11:12:00,1099.8500,1100.0000,1099.4500,1099.9000,3200
2015-09-15 11:13:59,1100.0000,1100.2000,1099.3000,1100.0000,2100
2015-09-15 11:14:00,1099.2500,1100.0000,1099.2500,1100.0000,2300
2015-09-15 11:15:01,1099.0000,1099.7500,1098.7000,1099.2500,700
2015-09-15 11:16:00,1098.5000,1099.2000,1098.0000,1099.2000,1400
2015-09-15 11:17:01,1099.9000,1099.9000,1099.0000,1099.0000,1000
2015-09-15 11:18:00,1099.0000,1100.0000,1099.0000,1099.7000,3100
2015-09-15 11:19:01,1099.3500,1099.9500,1099.0000,1099.5000,800
2015-09-15 11:20:01,1099.4000,1099.9500,1099.3500,1099.9500,2000
2015-09-15 11:21:59,1098.4000,1099.9000,1097.6500,1099.9000,1500
2015-09-15 11:22:00,1098.3500,1098.8000,1098.0000,1098.0000,700
2015-09-15 11:23:00,1098.0000,1099.0000,1098.0000,1098.7500,2000
2015-09-15 11:24:01,1099.0000,1099.5000,1098.0500,1098.8000,2000
2015-09-15 11:25:01,1099.4500,1099.9500,1098.5500,1099.8500,2200
2015-09-15 11:26:01,1099.5000,1099.8000,1099.0500,1099.4500,1500
2015-09-15 11:27:01,1099.3000,1099.5000,1099.2000,1099.5000,500
2015-09-15 11:28:00,1099.8000,1100.0000,1099.3000,1099.3000,2000
2015-09-15 11:29:02,1099.8500,1100.0000,1099.8000,1099.8000,700
2015-09-15 11:30:01,1099.0000,1100.5000,1098.8000,1100.0000,7400
2015-09-15 11:31:00,1099.5500,1099.9500,1099.0000,1099.0000,1800
2015-09-15 11:32:59,1100.0500,1100.4500,1099.6000,1099.9500,8400
2015-09-15 11:33:00,1100.0000,1100.4000,1099.9500,1100.0500,5600
2015-09-15 11:34:59,1100.0000,1100.4000,1100.0000,1100.3500,5800
2015-09-15 11:35:00,1100.0500,1100.4000,1099.9500,1100.0000,7400
2015-09-15 11:36:01,1100.1000,1100.3500,1100.0000,1100.0500,5000
2015-09-15 11:37:01,1100.1500,1100.5000,1100.1000,1100.3000,1400
2015-09-15 11:38:01,1100.1000,1100.5000,1100.0500,1100.5000,900
2015-09-15 11:39:01,1100.3000,1100.4000,1100.0000,1100.1000,1200
2015-09-15 11:40:56,1102.0000,1102.3500,1100.0500,1100.3000,8100
2015-09-15 11:41:00,1100.5000,1102.0000,1100.2500,1102.0000,6800
2015-09-15 11:42:59,1100.8000,1100.9000,1100.0500,1100.9000,1500
2015-09-15 11:43:00,1100.3000,1100.8000,1100.3000,1100.8000,2000
2015-09-15 11:44:00,1100.0500,1100.8000,1100.0500,1100.7000,1700
2015-09-15 11:45:00,1100.1500,1100.3500,1100.0500,1100.3500,900
2015-09-15 11:46:59,1100.4000,1100.4000,1100.1000,1100.3000,500
2015-09-15 11:47:00,1100.0000,1100.4000,1099.9500,1100.3000,5800
2015-09-15 11:48:00,1099.9000,1100.1000,1099.9000,1099.9500,5100
2015-09-15 11:49:59,1099.9000,1100.0000,1099.9000,1100.0000,2300
2015-09-15 11:50:00,1100.0000,1100.4000,1099.8500,1099.9000,1200
2015-09-15 11:51:00,1100.0000,1100.0000,1099.9000,1099.9000,600
2015-09-15 11:52:02,1100.0000,1100.3000,1099.9000,1100.0000,1600
2015-09-15 11:53:00,1100.0000,1100.3000,1099.9000,1099.9000,1800
2015-09-15 11:54:01,1100.0000,1100.0000,1099.9500,1100.0000,1900
2015-09-15 11:55:01,1100.0500,1100.5000,1100.0000,1100.3500,1300
2015-09-15 11:56:01,1099.7000,1100.5000,1099.5000,1100.5000,6300
2015-09-15 11:57:01,1099.7000,1099.8000,1099.7000,1099.8000,900
2015-09-15 11:58:01,1100.0000,1100.0000,1099.6500,1099.7500,1900
2015-09-15 11:59:02,1099.3500,1100.0000,1099.3000,1100.0000,2700
2015-09-15 12:00:01,1099.3500,1099.7500,1099.3500,1099.7500,600
2015-09-15 12:01:01,1099.6500,1099.6500,1099.3000,1099.4000,900
2015-09-15 12:02:01,1099.5500,1099.9500,1099.5500,1099.9500,800
2015-09-15 12:03:01,1100.4000,1100.5000,1099.5000,1099.6500,5900
2015-09-15 12:04:01,1099.6500,1100.3500,1099.6500,1100.3500,2200
2015-09-15 12:05:00,1099.7000,1100.0000,1099.6500,1099.9500,1400
2015-09-15 12:06:01,1098.5500,1100.0000,1098.5500,1100.0000,1400
2015-09-15 12:07:00,1098.6500,1099.0000,1098.5500,1098.9500,1400
2015-09-15 12:08:02,1098.0000,1099.2500,1098.0000,1099.2500,1600
2015-09-15 12:09:01,1098.0000,1099.0000,1097.9000,1098.2000,3900
2015-09-15 12:10:59,1096.0000,1098.0000,1095.4500,1097.8500,7400
2015-09-15 12:11:00,1096.9000,1096.9500,1095.5000,1095.5000,700
2015-09-15 12:12:01,1097.0000,1097.0000,1096.0000,1096.9000,1600
2015-09-15 12:13:01,1096.7500,1097.0000,1096.2000,1097.0000,2400
2015-09-15 12:14:00,1097.0000,1097.5000,1096.2500,1096.2500,1200
2015-09-15 12:15:01,1097.3000,1097.8000,1096.9500,1097.0500,1800
2015-09-15 12:16:01,1097.4000,1097.4500,1096.2000,1097.2000,800
2015-09-15 12:17:00,1097.1500,1097.4500,1096.9500,1097.4000,400
2015-09-15 12:18:01,1097.7000,1098.0000,1097.0500,1097.4500,1500
2015-09-15 12:19:01,1097.9000,1097.9500,1097.7000,1097.7500,900
2015-09-15 12:20:00,1097.5000,1097.8500,1097.0500,1097.7500,1600
2015-09-15 12:21:00,1098.5000,1099.0000,1097.4500,1097.5000,2400
2015-09-15 12:22:01,1099.9500,1100.0000,1097.8000,1098.5000,3700
2015-09-15 12:23:00,1100.0000,1100.8000,1099.8500,1099.9500,3800
2015-09-15 12:24:01,1100.0000,1100.7500,1098.1000,1100.7500,3500
2015-09-15 12:25:01,1100.0000,1100.0000,1099.5000,1100.0000,1100
2015-09-15 12:26:00,1099.9500,1100.0000,1099.6000,1099.6000,500
2015-09-15 12:27:01,1100.0000,1100.5000,1099.9500,1100.0000,2900
2015-09-15 12:28:01,1099.9000,1100.4000,1099.9000,1100.0000,900
2015-09-15 12:29:01,1100.1000,1100.5000,1099.9500,1100.3500,2900
2015-09-15 12:30:00,1099.9500,1100.4000,1099.0000,1100.0000,3900
2015-09-15 12:31:00,1100.3000,1100.4000,1099.0500,1099.8500,2500
2015-09-15 12:32:01,1100.7500,1101.0000,1100.1000,1100.2500,6900
2015-09-15 12:33:59,1100.0000,1101.2500,1100.0000,1101.0000,6000
2015-09-15 12:34:00,1099.5000,1099.9500,1099.0000,1099.8000,1400
2015-09-15 12:35:01,1099.0000,1099.8000,1099.0000,1099.1000,2300
2015-09-15 12:36:59,1099.4500,1099.5000,1098.9000,1099.0000,800
2015-09-15 12:37:59,1100.6500,1100.6500,1099.2500,1099.4500,1400
2015-09-15 12:38:00,1100.9500,1101.5000,1100.0000,1100.6500,7300
2015-09-15 12:39:00,1100.6500,1100.9000,1100.1500,1100.9000,2500
2015-09-15 12:40:01,1100.6500,1100.8000,1100.0000,1100.6500,4000
2015-09-15 12:41:59,1101.0000,1101.0000,1100.0000,1100.5000,3600
2015-09-15 12:42:59,1100.6000,1101.5000,1100.6000,1100.9500,7400
2015-09-15 12:43:59,1100.1500,1101.2500,1100.1500,1100.9500,2400
2015-09-15 12:44:00,1099.9500,1100.9500,1099.5000,1100.0000,3000
2015-09-15 12:45:03,1099.7000,1100.8000,1099.4500,1099.9500,1900
2015-09-15 12:46:58,1100.0500,1100.5000,1099.5500,1099.6500,1100
2015-09-15 12:47:00,1100.1000,1100.8000,1100.1000,1100.5000,600
2015-09-15 12:48:59,1100.8000,1101.2500,1100.0500,1100.7000,4900
2015-09-15 12:49:00,1100.8000,1100.8000,1100.8000,1100.8000,0
2015-09-15 12:50:34,1101.0000,1101.0000,1101.0000,1101.0000,2100
2015-09-15 12:51:03,1100.7000,1101.0000,1100.7000,1100.9000,1700
2015-09-15 12:52:01,1100.3500,1101.0000,1100.1000,1100.8000,1200
2015-09-15 12:53:00,1100.3500,1100.8500,1100.1000,1100.8000,1000
2015-09-15 12:54:01,1100.6500,1100.7000,1100.3500,1100.7000,400
2015-09-15 12:55:01,1100.2500,1100.7000,1100.2500,1100.6500,1100
2015-09-15 12:56:01,1100.6500,1100.6500,1100.2500,1100.4500,800
2015-09-15 12:57:00,1100.6500,1100.6500,1100.0500,1100.2500,800
2015-09-15 12:58:00,1100.1000,1101.0000,1100.1000,1100.6500,1600
2015-09-15 12:59:01,1100.8500,1100.9000,1100.1000,1100.5000,1500
2015-09-15 13:00:01,1100.8500,1100.9000,1100.2500,1100.8500,2400
2015-09-15 13:01:00,1101.0000,1101.2000,1100.4000,1100.8500,8500
2015-09-15 13:02:00,1100.8000,1100.9500,1100.1000,1100.9500,1800
2015-09-15 13:03:01,1100.7500,1100.9000,1100.5500,1100.7000,500
2015-09-15 13:04:01,1100.2500,1100.8500,1100.0500,1100.8500,1000
2015-09-15 13:05:01,1100.3500,1100.7000,1100.0000,1100.3000,1000
2015-09-15 13:06:01,1100.1000,1100.7000,1100.0000,1100.2000,1900
2015-09-15 13:07:02,1101.3500,1101.6500,1100.0000,1100.4500,5800
2015-09-15 13:08:01,1100.6000,1101.4000,1100.6000,1101.4000,1700
2015-09-15 13:09:00,1101.0000,1101.0000,1100.3000,1100.5000,2000
2015-09-15 13:10:01,1100.8000,1101.2000,1100.3000,1100.9500,2800
2015-09-15 13:11:59,1100.6500,1100.7000,1100.3500,1100.3500,1400
2015-09-15 13:12:00,1100.5000,1101.0000,1100.0500,1100.8500,1600
2015-09-15 13:13:59,1101.2500,1101.2500,1100.0500,1100.5000,3800
2015-09-15 13:14:00,1101.1500,1101.4000,1101.0000,1101.1000,5900
2015-09-15 13:15:59,1100.0000,1101.6000,1098.5500,1101.1500,41600
2015-09-15 13:16:59,1099.8000,1101.0000,1099.5500,1099.7000,2600
2015-09-15 13:17:00,1100.4000,1100.5500,1099.5500,1099.7500,162600
2015-09-15 13:18:59,1099.4500,1100.6500,1099.4500,1100.4000,3400
2015-09-15 13:19:00,1101.0500,1102.0000,1099.0000,1099.4000,9000
2015-09-15 13:20:59,1100.2500,1101.8500,1100.1000,1101.8500,1400
2015-09-15 13:21:00,1100.9000,1100.9000,1099.4000,1100.2500,3600
2015-09-15 13:22:01,1100.5000,1101.2000,1100.2000,1100.5000,3000
2015-09-15 13:23:01,1100.6000,1101.0000,1100.6000,1101.0000,900
2015-09-15 13:24:00,1099.1500,1100.9000,1099.1500,1100.8500,4200
2015-09-15 13:25:00,1099.4000,1100.1500,1099.0000,1099.1500,3200
2015-09-15 13:26:01,1099.0000,1099.5000,1098.1500,1098.5000,2800
2015-09-15 13:27:01,1098.8000,1099.9500,1098.0000,1099.3000,5200
2015-09-15 13:28:59,1097.5000,1098.8000,1097.5000,1098.8000,1200
2015-09-15 13:29:00,1098.2000,1098.4500,1097.5000,1097.9500,1700
2015-09-15 13:30:59,1098.2000,1099.0500,1097.7000,1098.2500,3200
2015-09-15 13:31:00,1098.2000,1099.0000,1098.2000,1098.2000,2800
2015-09-15 13:32:02,1097.7000,1098.4000,1097.5500,1098.4000,4100
2015-09-15 13:33:59,1097.5500,1098.6500,1097.4000,1097.7000,4800
2015-09-15 13:34:59,1097.0500,1098.5000,1097.0000,1097.7500,4600
2015-09-15 13:35:59,1096.5500,1097.5000,1096.5000,1096.7000,5000
2015-09-15 13:36:00,1096.5500,1096.8500,1096.1500,1096.5500,3900
2015-09-15 13:37:59,1097.3500,1097.8500,1096.1500,1096.5000,2800
2015-09-15 13:38:00,1097.0500,1097.4500,1096.5000,1097.0000,4600
2015-09-15 13:39:59,1097.4000,1097.8000,1096.5000,1097.0500,5300
2015-09-15 13:40:59,1096.6000,1098.4000,1096.6000,1097.4000,3000
2015-09-15 13:41:00,1097.5000,1097.8500,1096.6000,1096.6000,3900
2015-09-15 13:42:01,1098.0000,1098.8000,1097.8000,1097.8000,5400
2015-09-15 13:43:02,1098.8000,1099.7500,1098.0000,1098.0500,4000
2015-09-15 13:44:59,1098.1000,1099.0000,1098.0000,1098.4500,3500
2015-09-15 13:45:00,1097.2000,1098.8500,1096.8500,1098.0000,5100
2015-09-15 13:46:01,1097.6500,1098.3500,1097.1000,1097.8000,3700
2015-09-15 13:47:00,1098.0000,1099.0000,1097.5000,1098.3500,4900
2015-09-15 13:48:00,1098.0500,1098.9000,1097.8500,1098.0000,3900
2015-09-15 13:49:00,1098.5500,1098.5500,1097.7000,1098.1000,3600
2015-09-15 13:50:59,1098.6000,1099.1500,1098.2000,1098.2000,3400
2015-09-15 13:51:00,1098.5000,1099.0000,1098.0500,1098.6000,3000
2015-09-15 13:52:59,1098.4000,1099.1500,1098.2500,1098.5500,3200
2015-09-15 13:53:59,1098.6000,1099.1500,1098.4500,1098.4500,6000
2015-09-15 13:54:00,1097.6000,1099.5000,1097.6000,1098.6000,5600
2015-09-15 13:55:59,1095.0000,1097.5000,1095.0000,1097.5000,20300
2015-09-15 13:56:00,1094.1000,1096.4500,1094.1000,1095.0000,20700
2015-09-15 13:57:59,1095.0000,1095.4000,1093.5500,1094.4500,13200
2015-09-15 13:58:59,1095.0000,1095.9000,1094.2000,1095.0000,18700
2015-09-15 13:59:00,1095.1000,1095.4000,1094.9500,1095.0000,6600
2015-09-15 14:00:59,1094.8000,1095.2500,1093.9500,1095.2500,12300
2015-09-15 14:01:00,1095.9000,1095.9000,1094.5000,1094.8000,8200
2015-09-15 14:02:59,1095.0500,1096.0000,1095.0000,1095.9000,2800
2015-09-15 14:03:59,1095.0000,1096.5500,1095.0000,1095.0000,4400
2015-09-15 14:04:00,1095.5000,1096.5000,1095.0000,1095.0000,7100
2015-09-15 14:05:01,1095.5500,1096.4500,1095.5000,1095.7000,3100
2015-09-15 14:06:59,1096.1000,1096.7000,1095.2000,1095.5500,4300
2015-09-15 14:07:00,1096.2500,1096.9000,1096.0000,1096.1000,4400
2015-09-15 14:08:01,1096.3000,1096.9000,1096.1000,1096.7500,4100
2015-09-15 14:09:00,1095.3500,1096.4500,1094.5500,1096.3000,5000
2015-09-15 14:10:01,1094.4500,1095.6000,1094.4500,1095.6000,6400
2015-09-15 14:11:01,1095.5500,1095.8500,1094.5000,1095.1000,3800
2015-09-15 14:12:01,1095.6000,1096.5000,1094.9000,1096.0000,4500
2015-09-15 14:13:02,1095.8500,1096.4500,1095.0500,1096.3000,4300
2015-09-15 14:14:00,1094.0000,1096.0000,1094.0000,1096.0000,4200
2015-09-15 14:15:01,1092.0500,1094.8000,1092.0000,1094.8000,11600
2015-09-15 14:16:01,1092.0500,1093.3000,1090.7500,1092.4500,7600
2015-09-15 14:17:01,1092.6000,1092.7000,1091.5000,1092.0500,3500
2015-09-15 14:18:00,1093.9000,1093.9000,1092.6000,1092.6000,3100
2015-09-15 14:19:59,1092.5500,1093.9000,1092.1500,1093.5500,3800
2015-09-15 14:20:59,1092.3500,1093.0000,1092.0000,1092.5500,2700
2015-09-15 14:21:00,1092.8000,1093.5000,1092.2000,1092.3500,4800
2015-09-15 14:22:01,1092.7500,1093.3500,1092.6500,1092.8500,2300
2015-09-15 14:23:01,1093.9000,1094.0000,1092.8000,1093.0000,3600
2015-09-15 14:24:59,1094.1000,1094.5000,1093.5500,1093.9000,3200
2015-09-15 14:25:00,1093.2000,1094.4500,1093.0500,1094.4500,2600
2015-09-15 14:26:02,1092.5500,1093.4500,1092.5500,1093.3500,3700
2015-09-15 14:27:01,1092.5500,1093.2500,1092.5000,1093.1500,2300
2015-09-15 14:28:59,1092.3000,1092.8500,1092.1000,1092.8500,2500
2015-09-15 14:29:00,1090.5000,1092.3500,1090.1000,1092.0000,4500
2015-09-15 14:30:00,1090.5000,1090.7000,1088.5000,1090.5000,17500
2015-09-15 14:31:59,1090.7000,1090.9500,1089.5000,1090.4500,4300
2015-09-15 14:32:59,1090.7500,1092.0000,1090.0000,1090.8000,5700
2015-09-15 14:33:00,1089.9000,1091.4500,1089.5000,1089.6500,10300
2015-09-15 14:34:00,1089.7500,1090.5000,1089.6500,1089.9500,9000
2015-09-15 14:35:59,1089.0000,1090.3500,1089.0000,1090.2500,5500
2015-09-15 14:36:00,1088.8500,1089.8500,1088.2000,1089.5000,5200
2015-09-15 14:37:01,1090.5000,1091.4000,1088.1500,1088.8500,5200
2015-09-15 14:38:00,1090.3000,1091.4000,1089.4500,1091.3000,4300
2015-09-15 14:39:01,1091.0000,1091.7500,1090.5000,1090.9500,7000
2015-09-15 14:40:01,1092.8000,1093.3500,1091.0000,1091.0000,8100
2015-09-15 14:41:59,1092.0500,1093.4500,1091.1500,1092.0000,7500
2015-09-15 14:42:00,1092.0000,1093.1500,1090.0000,1092.1000,10000
2015-09-15 14:43:02,1092.0500,1093.4500,1090.7500,1092.9000,8400
2015-09-15 14:44:59,1092.2500,1093.0000,1091.8500,1092.0000,8600
2015-09-15 14:45:00,1091.9000,1093.0000,1091.0000,1092.2000,10300
2015-09-15 14:46:02,1093.4500,1093.9000,1092.0500,1092.6500,8100
2015-09-15 14:47:02,1093.1500,1094.0000,1093.0000,1093.9000,6700
2015-09-15 14:48:59,1093.0000,1094.0000,1092.4000,1093.8000,8500
2015-09-15 14:49:00,1092.2000,1093.9000,1092.2000,1092.9000,8500
2015-09-15 14:50:00,1092.6000,1093.6000,1091.3000,1092.8500,7500
2015-09-15 14:51:59,1092.6500,1093.9500,1092.6000,1092.9000,6500
2015-09-15 14:52:00,1094.1000,1094.7000,1092.0500,1092.0500,8500
2015-09-15 14:53:00,1095.3000,1096.3500,1094.1000,1094.6000,7600
2015-09-15 14:54:00,1095.1000,1096.1500,1094.3500,1095.2000,8000
2015-09-15 14:55:00,1094.0500,1096.8000,1094.0500,1095.5000,7900
2015-09-15 14:56:01,1095.0500,1096.6500,1094.9000,1094.9000,7200
2015-09-15 14:57:01,1095.3000,1096.5000,1095.0000,1095.9000,6000
2015-09-15 14:58:01,1095.4500,1096.8000,1095.4000,1095.7500,6400
2015-09-15 14:59:02,1095.0000,1097.0000,1095.0000,1096.7000,8800
2015-09-15 15:00:59,1097.4000,1097.5000,1095.0000,1095.0000,12700
2015-09-15 15:01:00,1096.5500,1098.0000,1096.1500,1097.4000,17400
2015-09-15 15:02:59,1096.8500,1098.4500,1096.1500,1097.3500,15400
2015-09-15 15:03:59,1098.5000,1098.5000,1095.9000,1096.8500,19300
2015-09-15 15:04:00,1099.0500,1100.0000,1098.0000,1098.0000,16500
2015-09-15 15:05:59,1098.2500,1099.6000,1097.3000,1099.1000,17100
2015-09-15 15:06:00,1097.9000,1099.2000,1097.5000,1098.2500,17300
2015-09-15 15:07:58,1099.1000,1099.9000,1098.1500,1098.2000,19500
2015-09-15 15:08:00,1098.3500,1100.0000,1098.3500,1099.2000,16600
2015-09-15 15:09:58,1099.2000,1099.8500,1098.0000,1098.6500,35000
2015-09-15 15:10:59,1098.0000,1100.0000,1097.2000,1099.1000,23400
2015-09-15 15:11:00,1097.0500,1098.2500,1097.0500,1097.9000,13200
2015-09-15 15:12:01,1097.4500,1098.6500,1096.8000,1097.4000,16300
2015-09-15 15:13:59,1096.5000,1098.0000,1096.5000,1097.3000,17400
2015-09-15 15:14:00,1096.9000,1098.3500,1096.5000,1096.5000,16000
2015-09-15 15:15:59,1099.6000,1099.8000,1096.5000,1096.9000,25700
2015-09-15 15:16:59,1098.2500,1100.0000,1097.6500,1099.7500,23800
2015-09-15 15:17:59,1098.9000,1099.0500,1098.1000,1098.2500,13100
2015-09-15 15:18:59,1097.4500,1098.9500,1096.6500,1098.9000,17600
2015-09-15 15:19:00,1099.3000,1100.7500,1097.4500,1097.4500,363500
2015-09-15 15:20:01,1100.0000,1100.7000,1099.3500,1099.8000,24700
2015-09-15 15:21:59,1100.6000,1101.0000,1100.0000,1100.5000,17000
2015-09-15 15:22:00,1098.6500,1100.1500,1097.3500,1100.0000,29700
2015-09-15 15:23:59,1100.5000,1100.6500,1098.0000,1098.8000,19100
2015-09-15 15:24:59,1098.0000,1100.8500,1098.0000,1100.2000,23700
2015-09-15 15:25:59,1099.4000,1099.8000,1098.0000,1098.0000,21400
2015-09-15 15:26:00,1099.9000,1099.9000,1098.8500,1099.4000,19100
2015-09-15 15:27:59,1098.8000,1100.7000,1098.5500,1099.9000,36600
2015-09-15 15:28:59,1098.9500,1100.4000,1098.6000,1098.6000,31000
2015-09-15 15:29:59,1099.0000,1099.9000,1098.0000,1098.8000,5500
2015-09-15 15:30:00,1099.2000,1099.2000,1099.2000,1099.2000,400
