2015-09-10 09:15:59,1567.6000,1570.0000,1567.0000,1569.0000,26000
2015-09-10 09:16:59,1574.5500,1574.8500,1568.8000,1568.8000,16200
2015-09-10 09:17:59,1573.8000,1575.0000,1571.5000,1574.1000,18500
2015-09-10 09:18:59,1566.2000,1573.9500,1565.0000,1573.9500,25100
2015-09-10 09:19:59,1566.4500,1569.3500,1563.3000,1567.2500,16100
2015-09-10 09:20:59,1565.0500,1567.4500,1563.3000,1567.0000,12200
2015-09-10 09:21:00,1569.9000,1569.9000,1565.8500,1565.8500,6500
2015-09-10 09:22:59,1573.0000,1573.0000,1567.5500,1569.0000,10300
2015-09-10 09:23:59,1573.7000,1574.9000,1572.9500,1573.0000,5500
2015-09-10 09:24:59,1574.0000,1574.9500,1574.0000,1574.8000,5600
2015-09-10 09:25:00,1572.4500,1574.0000,1570.0500,1573.8500,9500
2015-09-10 09:26:59,1571.4000,1573.5500,1571.4000,1572.1500,5700
2015-09-10 09:27:59,1573.9500,1574.5000,1571.1500,1571.9000,5600
2015-09-10 09:28:59,1573.0500,1574.6000,1570.4000,1574.0000,10300
2015-09-10 09:29:59,1572.2500,1573.4000,1571.2000,1573.3500,6200
2015-09-10 09:30:59,1571.7000,1574.0000,1571.3000,1572.0000,6300
2015-09-10 09:31:00,1571.2500,1573.0500,1570.5500,1571.2000,5300
2015-09-10 09:32:59,1569.5000,1571.4000,1569.2500,1571.3000,7800
2015-09-10 09:33:00,1572.4500,1572.6000,1569.0500,1570.0000,5000
2015-09-10 09:34:59,1568.7000,1572.7000,1568.3000,1572.7000,7500
2015-09-10 09:35:59,1568.8000,1570.7500,1568.5000,1569.4500,10600
2015-09-10 09:36:00,1568.2500,1569.4500,1566.2000,1568.8000,10300
2015-09-10 09:37:59,1568.5500,1569.0500,1566.5500,1568.7500,5600
2015-09-10 09:38:00,1568.2000,1569.5000,1567.5000,1568.5500,2300
2015-09-10 09:39:59,1567.9500,1569.0000,1567.9500,1568.0000,2500
2015-09-10 09:40:00,1569.0500,1569.6000,1567.8000,1567.9000,1600
2015-09-10 09:41:02,1567.5500,1569.9000,1567.0000,1569.7500,2700
2015-09-10 09:42:59,1568.0000,1568.5000,1566.0000,1567.5000,4600
2015-09-10 09:43:00,1570.8000,1570.8000,1568.0000,1568.0000,3400
2015-09-10 09:44:59,1570.5500,1570.8500,1569.2000,1570.8000,3500
2015-09-10 09:45:00,1568.8000,1572.0000,1568.8000,1570.9000,5600
2015-09-10 09:46:01,1570.4500,1571.4000,1569.2000,1571.0500,3800
2015-09-10 09:47:59,1570.0000,1571.2500,1568.7500,1570.5000,5100
2015-09-10 09:48:59,1570.9000,1571.5000,1569.0000,1570.0000,3200
2015-09-10 09:49:00,1571.2500,1571.2500,1570.0500,1571.0000,3000
2015-09-10 09:50:00,1570.8500,1571.6500,1570.3500,1571.0500,3800
2015-09-10 09:51:59,1570.9500,1571.9500,1570.7500,1571.9500,2400
2015-09-10 09:52:00,1570.6000,1571.5000,1570.0000,1571.0000,4000
2015-09-10 09:53:59,1570.9500,1570.9500,1570.6000,1570.8500,1700
2015-09-10 09:54:01,1569.0500,1571.3500,1569.0500,1570.9500,3500
2015-09-10 09:55:01,1567.9000,1569.9000,1567.9000,1569.9000,2400
2015-09-10 09:56:03,1568.5500,1568.9000,1567.8000,1568.0000,1000
2015-09-10 09:57:01,1567.5000,1568.9500,1566.3000,1568.8000,2300
2015-09-10 09:58:00,1566.0000,1567.2500,1565.1000,1567.2500,5100
2015-09-10 09:59:01,1566.3000,1566.3000,1565.1000,1565.6500,3800
2015-09-10 10:00:02,1566.4500,1566.8500,1565.8000,1565.9500,1900
2015-09-10 10:01:59,1568.0000,1568.0000,1566.0500,1566.4500,1500
2015-09-10 10:02:58,1567.4500,1568.0000,1566.5000,1568.0000,1800
2015-09-10 10:03:59,1567.9500,1568.0000,1567.4500,1567.4500,1200
2015-09-10 10:04:59,1567.9500,1568.0000,1567.4500,1568.0000,2200
2015-09-10 10:05:59,1568.4500,1568.4500,1567.5000,1567.9000,1300
2015-09-10 10:06:59,1567.1000,1568.6500,1566.8000,1567.5500,3600
2015-09-10 10:07:00,1566.9500,1567.9500,1566.5500,1567.9500,1400
2015-09-10 10:08:00,1567.2500,1568.0000,1566.2500,1566.9500,1400
2015-09-10 10:09:59,1568.6500,1568.6500,1567.0000,1567.2500,2200
2015-09-10 10:10:00,1569.4500,1569.5000,1568.0500,1568.0500,1600
2015-09-10 10:11:00,1568.5000,1569.4000,1568.3000,1568.5000,1100
2015-09-10 10:12:59,1568.6000,1569.4000,1568.5000,1568.5000,1100
2015-09-10 10:13:00,1569.7000,1570.0000,1568.6000,1568.6000,1800
2015-09-10 10:14:59,1570.0000,1570.0000,1569.0000,1569.1500,1000
2015-09-10 10:15:00,1569.3000,1570.0000,1568.6000,1569.9000,3200
2015-09-10 10:16:00,1567.7500,1569.5500,1567.5000,1569.0000,2600
2015-09-10 10:17:01,1569.2500,1569.8000,1568.0000,1568.0000,1000
2015-09-10 10:18:59,1569.1000,1570.0000,1569.1000,1569.7500,2100
2015-09-10 10:19:00,1569.2000,1569.7500,1569.0000,1569.7500,1600
2015-09-10 10:20:59,1566.3000,1569.2000,1566.0000,1569.2000,3800
2015-09-10 10:21:00,1564.0500,1566.4000,1563.0000,1566.3000,8500
2015-09-10 10:22:59,1567.1000,1567.3500,1563.0000,1564.9500,5400
2015-09-10 10:23:59,1562.8000,1567.5000,1562.5500,1567.5000,4000
2015-09-10 10:24:59,1563.1500,1563.9500,1562.1000,1562.7500,4000
2015-09-10 10:25:59,1562.7500,1564.3000,1562.0000,1563.9500,5800
2015-09-10 10:26:59,1561.2500,1562.7500,1561.0500,1562.0000,4100
2015-09-10 10:27:59,1555.4500,1561.5000,1555.4500,1561.5000,19900
2015-09-10 10:28:59,1561.6500,1561.9500,1556.3500,1556.3500,5300
2015-09-10 10:29:59,1564.0000,1564.9000,1561.5000,1561.5000,7100
2015-09-10 10:30:58,1567.4500,1567.4500,1563.1000,1564.0000,6700
2015-09-10 10:31:59,1567.5500,1567.5500,1565.4500,1567.0000,2600
2015-09-10 10:32:59,1566.0500,1568.5000,1565.6500,1567.6000,3400
2015-09-10 10:33:59,1565.4000,1566.6500,1564.6000,1566.6500,3600
2015-09-10 10:34:59,1565.1000,1566.1500,1564.8000,1565.5500,4100
2015-09-10 10:35:59,1567.0000,1567.0000,1565.0000,1565.0000,1800
2015-09-10 10:36:59,1568.6000,1568.9000,1567.0000,1567.0000,3700
2015-09-10 10:37:58,1568.9000,1568.9000,1566.5000,1568.6000,2300
2015-09-10 10:38:00,1568.2000,1569.0000,1567.0000,1568.8500,3700
2015-09-10 10:39:00,1568.4000,1568.5000,1567.7000,1567.7000,1400
2015-09-10 10:40:00,1567.3000,1568.9000,1566.8500,1568.4000,4100
2015-09-10 10:41:00,1569.0000,1569.0000,1566.2000,1566.2000,2400
2015-09-10 10:42:00,1569.6000,1569.9500,1568.7500,1568.9500,5900
2015-09-10 10:43:58,1569.0500,1569.8000,1568.5000,1568.9500,3300
2015-09-10 10:44:00,1569.5000,1569.5000,1569.1500,1569.4500,2500
2015-09-10 10:45:59,1568.8500,1569.5000,1567.7500,1569.2500,4700
2015-09-10 10:46:59,1568.1000,1568.7500,1567.8000,1568.7500,2000
2015-09-10 10:47:00,1569.0000,1569.8000,1568.1000,1568.1500,3100
2015-09-10 10:48:01,1569.5000,1569.8000,1568.8000,1569.8000,2300
2015-09-10 10:49:00,1569.6000,1569.7500,1568.8000,1569.0000,2100
2015-09-10 10:50:00,1568.7500,1569.0000,1568.7500,1568.8000,800
2015-09-10 10:51:59,1569.6000,1569.9500,1568.7500,1568.7500,3000
2015-09-10 10:52:59,1569.2000,1569.9000,1569.2000,1569.6000,1900
2015-09-10 10:53:59,1569.5500,1569.9000,1569.2000,1569.2000,1500
2015-09-10 10:54:59,1570.4500,1571.4500,1569.6000,1569.8500,5900
2015-09-10 10:55:59,1570.8000,1570.9000,1570.0500,1570.7500,1600
2015-09-10 10:56:59,1569.5000,1570.9000,1569.4000,1570.9000,2500
2015-09-10 10:57:00,1569.9500,1570.9500,1569.5000,1569.5000,3800
2015-09-10 10:58:01,1570.9000,1570.9000,1569.7000,1569.7000,1200
2015-09-10 10:59:59,1570.5000,1571.5000,1570.5000,1570.5500,2100
2015-09-10 11:00:59,1572.7000,1572.7000,1570.5000,1570.5000,4400
2015-09-10 11:01:59,1572.5500,1573.9000,1572.5000,1572.5000,3100
2015-09-10 11:02:00,1572.1000,1572.9000,1571.2000,1572.0000,4900
2015-09-10 11:03:00,1573.2000,1573.2000,1571.3000,1571.3500,2800
2015-09-10 11:04:59,1573.0000,1573.9000,1571.9000,1573.7000,6100
2015-09-10 11:05:59,1574.3000,1574.3000,1573.0000,1573.2000,6900
2015-09-10 11:06:59,1581.0000,1581.0500,1574.4000,1574.4000,29500
2015-09-10 11:07:59,1580.9000,1582.5000,1580.2500,1581.0000,15800
2015-09-10 11:08:01,1579.4000,1581.0500,1578.8000,1581.0000,8200
2015-09-10 11:09:59,1578.5000,1579.9500,1578.4000,1579.4000,4800
2015-09-10 11:10:59,1578.8000,1579.7000,1578.1000,1578.3000,4800
2015-09-10 11:11:59,1578.6000,1579.0000,1578.4000,1579.0000,1800
2015-09-10 11:12:58,1577.0000,1579.0000,1577.0000,1578.6000,4700
2015-09-10 11:13:59,1577.1500,1577.9000,1576.1000,1576.2000,3600
2015-09-10 11:14:59,1577.3500,1577.8500,1577.1500,1577.1500,2200
2015-09-10 11:15:00,1578.0000,1578.2500,1577.0000,1577.3500,2900
2015-09-10 11:16:04,1578.5000,1579.5500,1578.5000,1578.5000,2800
2015-09-10 11:17:01,1578.5000,1579.0000,1578.4500,1579.0000,1100
2015-09-10 11:18:59,1579.0000,1579.5000,1578.4500,1578.4500,3200
2015-09-10 11:19:59,1578.0000,1579.9000,1578.0000,1579.0000,2900
2015-09-10 11:20:00,1578.6500,1578.6500,1577.8000,1577.8000,2300
2015-09-10 11:21:01,1577.9000,1579.0000,1577.6000,1578.3500,2900
2015-09-10 11:22:00,1577.6000,1578.0000,1577.0500,1577.0500,800
2015-09-10 11:23:59,1579.7000,1579.7000,1577.9000,1577.9000,3300
2015-09-10 11:24:00,1579.5500,1581.8500,1579.5500,1579.7000,5200
2015-09-10 11:25:01,1578.0500,1580.6500,1578.0000,1580.0000,6500
2015-09-10 11:26:59,1580.5000,1581.0000,1577.6500,1578.0500,1600
2015-09-10 11:27:59,1580.6000,1581.9500,1580.4000,1580.6000,3800
2015-09-10 11:28:01,1581.0000,1581.8000,1580.5500,1581.2500,2300
2015-09-10 11:29:01,1582.0000,1582.0000,1581.0000,1581.0000,2600
2015-09-10 11:30:59,1584.3000,1584.4000,1581.6000,1581.6000,6400
2015-09-10 11:31:00,1584.9000,1584.9000,1583.5000,1584.5000,5400
2015-09-10 11:32:59,1585.0000,1585.7000,1584.0000,1584.5000,5900
2015-09-10 11:33:00,1584.3000,1585.8000,1584.3000,1585.3000,4800
2015-09-10 11:34:59,1583.7000,1585.0000,1583.7000,1585.0000,3000
2015-09-10 11:35:00,1583.4500,1584.5000,1583.4500,1583.8000,2600
2015-09-10 11:36:00,1582.5500,1584.0000,1581.4000,1583.4500,3300
2015-09-10 11:37:59,1581.0000,1582.9500,1581.0000,1582.5500,2600
2015-09-10 11:38:59,1580.6000,1581.8500,1580.4000,1581.0000,2600
2015-09-10 11:39:00,1579.0000,1580.9000,1578.2500,1580.6000,3800
2015-09-10 11:40:01,1581.1000,1581.2500,1579.0000,1579.5000,2600
2015-09-10 11:41:00,1580.5000,1581.3000,1580.0000,1581.2500,2300
2015-09-10 11:42:00,1582.0000,1582.0000,1579.8500,1580.0000,4900
2015-09-10 11:43:59,1586.0000,1586.0000,1582.0000,1582.0000,9100
2015-09-10 11:44:59,1585.8500,1589.0000,1585.8500,1586.6000,7700
2015-09-10 11:45:59,1584.0000,1586.0000,1583.9000,1586.0000,4500
2015-09-10 11:46:59,1586.4000,1586.9000,1583.5000,1583.9000,3200
2015-09-10 11:47:00,1586.0000,1586.5000,1584.0000,1586.0000,3400
2015-09-10 11:48:59,1587.2000,1588.0000,1586.0000,1586.0000,3600
2015-09-10 11:49:00,1588.0000,1588.0000,1587.2000,1587.2000,1400
2015-09-10 11:50:00,1587.1000,1588.0000,1587.0000,1588.0000,1400
2015-09-10 11:51:59,1587.6500,1588.9000,1587.0000,1587.0000,5300
2015-09-10 11:52:00,1586.6000,1588.4000,1585.4500,1588.4000,3400
2015-09-10 11:53:59,1586.0500,1586.8000,1585.0000,1586.8000,3300
2015-09-10 11:54:00,1585.3000,1586.7000,1584.3500,1586.0500,2600
2015-09-10 11:55:59,1583.0000,1584.8500,1583.0000,1584.5500,1800
2015-09-10 11:56:59,1582.7500,1583.5000,1581.1000,1583.5000,5400
2015-09-10 11:57:59,1582.7000,1583.4000,1582.0000,1582.6000,2700
2015-09-10 11:58:00,1582.1000,1583.4500,1582.1000,1582.8500,2100
2015-09-10 11:59:59,1583.6000,1583.6000,1581.8500,1582.8000,3100
2015-09-10 12:00:59,1585.9000,1589.9500,1583.2500,1583.6000,13400
2015-09-10 12:01:00,1586.0000,1587.0500,1585.8000,1585.8000,3000
2015-09-10 12:02:01,1584.6000,1586.2000,1584.0000,1586.0000,1900
2015-09-10 12:03:59,1586.2000,1586.2000,1584.5500,1585.0000,2700
2015-09-10 12:04:00,1586.7500,1588.3000,1586.4500,1586.4500,6500
2015-09-10 12:05:01,1587.4500,1588.9500,1587.3500,1587.3500,3200
2015-09-10 12:06:59,1588.9500,1589.0000,1587.6000,1587.6000,6800
2015-09-10 12:07:00,1589.0500,1590.0000,1589.0000,1589.0000,3800
2015-09-10 12:08:59,1589.6000,1590.9500,1589.1000,1589.5000,6600
2015-09-10 12:09:59,1586.8000,1590.0000,1586.1500,1589.6500,5100
2015-09-10 12:10:59,1588.2500,1589.0000,1586.5000,1586.5000,2800
2015-09-10 12:11:00,1590.0000,1590.2000,1588.2500,1589.0500,2700
2015-09-10 12:12:00,1590.1500,1591.4000,1590.0000,1590.0000,8500
2015-09-10 12:13:59,1588.9000,1590.9000,1588.5500,1590.9000,2900
2015-09-10 12:14:00,1589.0000,1589.7000,1587.1000,1588.5500,3300
2015-09-10 12:15:00,1586.1500,1588.8500,1586.1500,1588.7500,3500
2015-09-10 12:16:59,1587.0000,1587.5000,1586.0000,1586.0000,2300
2015-09-10 12:17:00,1586.7500,1587.5000,1586.5000,1587.0000,4100
2015-09-10 12:18:00,1587.2000,1588.0000,1586.0000,1586.7500,3200
2015-09-10 12:19:00,1587.6500,1588.0000,1587.0000,1587.2000,1500
2015-09-10 12:20:58,1585.4000,1587.6500,1585.1000,1587.6500,1600
2015-09-10 12:21:58,1586.7500,1587.5000,1585.0000,1585.0000,3200
2015-09-10 12:22:59,1585.6500,1586.5500,1585.6000,1586.5000,1100
2015-09-10 12:23:59,1587.6000,1587.6000,1585.6500,1585.6500,1300
2015-09-10 12:24:00,1588.5500,1588.7000,1587.0000,1587.0000,1300
2015-09-10 12:25:00,1586.5500,1588.5500,1586.3500,1588.5500,1200
2015-09-10 12:26:03,1587.2500,1587.5500,1586.6500,1587.4500,1100
2015-09-10 12:27:00,1587.5000,1587.5500,1587.2500,1587.2500,1500
2015-09-10 12:28:02,1587.2000,1588.7000,1587.1500,1587.8000,1700
2015-09-10 12:29:59,1586.7000,1588.0000,1586.7000,1587.3500,1000
2015-09-10 12:30:01,1587.4500,1587.4500,1587.4500,1587.4500,3400
2015-09-10 12:31:59,1587.0000,1587.5500,1586.7000,1587.3000,1200
2015-09-10 12:32:59,1587.0000,1587.3000,1585.7000,1587.0000,2500
2015-09-10 12:33:00,1586.5500,1587.3500,1585.3000,1587.0000,1900
2015-09-10 12:34:59,1587.7000,1588.7000,1586.0000,1586.0000,2900
2015-09-10 12:35:00,1587.2000,1588.4500,1587.0000,1587.6500,800
2015-09-10 12:36:01,1587.3000,1588.1500,1587.2500,1588.0000,1500
2015-09-10 12:37:03,1589.5000,1590.0000,1588.0000,1588.0000,4900
2015-09-10 12:38:00,1589.5000,1590.0000,1589.3500,1590.0000,3500
2015-09-10 12:39:01,1588.4500,1590.0000,1588.4500,1590.0000,1500
2015-09-10 12:40:59,1588.3500,1589.0000,1588.3500,1588.3500,2200
2015-09-10 12:41:00,1589.1000,1590.0000,1588.3500,1588.3500,2400
2015-09-10 12:42:59,1588.5000,1590.8500,1588.5000,1590.0000,5300
2015-09-10 12:43:00,1588.7500,1589.6000,1587.2500,1587.2500,2300
2015-09-10 12:44:02,1586.5000,1589.2500,1586.5000,1588.7500,2600
2015-09-10 12:45:59,1586.7500,1588.0000,1586.5500,1587.0000,1500
2015-09-10 12:46:03,1586.9500,1587.0000,1586.4000,1586.8000,1900
2015-09-10 12:47:00,1587.0500,1588.2500,1587.0000,1587.0000,2500
2015-09-10 12:48:59,1586.0500,1587.6000,1586.0000,1587.6000,3800
2015-09-10 12:49:00,1586.3000,1586.7500,1586.0000,1586.7500,3200
2015-09-10 12:50:59,1586.5000,1586.5000,1586.0000,1586.3500,2600
2015-09-10 12:51:00,1586.9500,1587.0500,1586.0500,1586.0500,2700
2015-09-10 12:52:00,1586.3000,1586.6000,1586.1500,1586.1500,900
2015-09-10 12:53:00,1586.0000,1586.5500,1586.0000,1586.5500,2000
2015-09-10 12:54:02,1583.9000,1586.4000,1583.3000,1586.4000,4200
2015-09-10 12:55:59,1581.2500,1584.9000,1581.2500,1583.9000,6400
2015-09-10 12:56:59,1579.0000,1581.2500,1578.0000,1581.2500,6900
2015-09-10 12:57:00,1579.4500,1580.5000,1578.5500,1579.0000,3800
2015-09-10 12:58:00,1579.1500,1581.5000,1578.8000,1579.2000,3600
2015-09-10 12:59:01,1580.2000,1581.0000,1579.0500,1579.0500,2100
2015-09-10 13:00:59,1583.0000,1584.0000,1580.2000,1580.9500,2000
2015-09-10 13:01:00,1582.7000,1583.1000,1581.4500,1583.0000,2200
2015-09-10 13:02:59,1583.0000,1586.4000,1582.2500,1582.7000,4300
2015-09-10 13:03:59,1582.9500,1584.0000,1582.0500,1583.0000,800
2015-09-10 13:04:59,1585.1000,1585.1000,1582.5000,1582.5000,1000
2015-09-10 13:05:59,1584.8000,1585.1500,1584.0500,1585.0000,2200
2015-09-10 13:06:59,1586.0000,1586.0000,1584.1000,1584.1000,1600
2015-09-10 13:07:00,1586.0000,1586.0000,1585.0500,1585.9000,1000
2015-09-10 13:08:00,1586.5000,1586.5000,1586.0000,1586.0000,1400
2015-09-10 13:09:59,1587.8500,1588.0000,1586.5000,1587.0000,2100
2015-09-10 13:10:59,1587.0000,1587.7500,1586.2000,1587.0500,3100
2015-09-10 13:11:59,1587.1500,1587.1500,1586.7000,1587.0000,2500
2015-09-10 13:12:59,1587.0000,1587.7000,1587.0000,1587.0000,1800
2015-09-10 13:13:00,1587.9000,1587.9000,1586.7000,1587.0000,1100
2015-09-10 13:14:00,1588.3000,1588.3000,1587.2000,1587.2000,1300
2015-09-10 13:15:00,1588.2500,1589.3000,1587.0500,1588.0000,5200
2015-09-10 13:16:01,1589.0000,1589.0000,1586.6500,1588.1500,3600
2015-09-10 13:17:59,1588.6000,1589.2000,1587.2000,1589.2000,1800
2015-09-10 13:18:00,1588.3500,1590.0000,1587.4500,1588.0500,2300
2015-09-10 13:19:01,1589.4000,1589.7000,1587.0000,1588.6000,2200
2015-09-10 13:20:59,1589.4000,1590.0000,1588.3000,1588.4500,2500
2015-09-10 13:21:00,1590.5500,1590.7500,1589.5000,1589.9500,2900
2015-09-10 13:22:59,1591.5000,1591.8000,1590.1000,1590.5500,3200
2015-09-10 13:23:00,1591.5000,1594.0000,1591.3000,1591.6000,9800
2015-09-10 13:24:01,1593.5000,1594.5500,1592.1000,1592.8000,3400
2015-09-10 13:25:59,1594.5000,1594.8000,1593.0000,1594.0000,2400
2015-09-10 13:26:59,1595.0000,1596.0000,1594.0000,1594.1500,9500
2015-09-10 13:27:59,1598.1500,1598.5000,1595.0000,1595.0000,9300
2015-09-10 13:28:59,1601.1000,1601.4500,1598.0000,1598.0000,24400
2015-09-10 13:29:59,1601.0000,1605.0000,1601.0000,1601.7000,13500
2015-09-10 13:30:59,1600.2000,1601.5000,1600.2000,1600.6000,6600
2015-09-10 13:31:59,1599.8000,1601.8500,1599.8000,1600.2000,5900
2015-09-10 13:32:59,1600.0000,1601.2500,1599.7000,1599.8000,3200
2015-09-10 13:33:59,1603.0000,1603.0000,1599.1500,1599.7500,4000
2015-09-10 13:34:59,1605.1500,1605.2500,1603.2000,1603.2000,11100
2015-09-10 13:35:59,1606.3000,1606.9000,1604.6500,1605.1500,8000
2015-09-10 13:36:59,1610.0000,1610.0000,1606.3000,1606.9000,20200
2015-09-10 13:37:59,1610.6000,1611.7500,1609.6000,1610.0000,11600
2015-09-10 13:38:59,1607.7000,1610.7000,1607.7000,1610.4500,5600
2015-09-10 13:39:59,1607.5000,1608.7500,1606.2000,1607.7000,3900
2015-09-10 13:40:00,1606.0000,1607.7500,1606.0000,1607.5000,4300
2015-09-10 13:41:59,1603.1500,1606.0500,1603.1500,1606.0000,4600
2015-09-10 13:42:59,1603.5500,1605.1500,1603.1500,1603.2500,3400
2015-09-10 13:43:59,1601.0000,1604.0000,1601.0000,1604.0000,4800
2015-09-10 13:44:59,1599.9000,1601.7000,1599.2000,1601.0000,4600
2015-09-10 13:45:59,1602.3000,1603.0000,1600.0000,1600.0000,4200
2015-09-10 13:46:59,1603.7000,1605.2500,1602.3000,1602.3000,3800
2015-09-10 13:47:00,1603.7000,1605.0000,1603.7000,1604.0000,2600
2015-09-10 13:48:01,1605.0500,1605.0500,1603.2000,1603.4500,2000
2015-09-10 13:49:00,1604.0000,1605.7000,1604.0000,1605.7000,2200
2015-09-10 13:50:00,1605.9500,1605.9500,1604.0000,1604.0000,2400
2015-09-10 13:51:00,1607.7000,1608.0000,1604.8500,1604.8500,3800
2015-09-10 13:52:02,1606.0500,1608.0000,1606.0500,1607.7000,2600
2015-09-10 13:53:02,1603.8500,1606.5500,1603.8500,1606.4000,1700
2015-09-10 13:54:01,1602.1500,1604.7500,1602.1500,1604.5000,2700
2015-09-10 13:55:59,1600.7000,1602.8000,1600.0000,1602.0000,4000
2015-09-10 13:56:59,1596.1500,1600.7500,1595.2000,1600.7000,12200
2015-09-10 13:57:59,1596.4000,1597.0000,1595.0000,1595.1000,6700
2015-09-10 13:58:00,1595.9500,1598.0000,1595.2000,1596.0000,8100
2015-09-10 13:59:59,1593.1500,1597.2000,1592.3000,1597.2000,9300
2015-09-10 14:00:59,1596.0000,1596.7000,1593.1000,1593.6000,5200
2015-09-10 14:01:59,1592.0000,1595.4000,1591.1500,1594.8500,12400
2015-09-10 14:02:59,1591.2000,1592.8500,1589.4000,1591.6000,15600
2015-09-10 14:03:00,1592.9500,1593.0000,1590.8000,1591.2000,3700
2015-09-10 14:04:00,1590.0500,1593.4500,1590.0000,1592.9500,6700
2015-09-10 14:05:59,1591.8000,1592.7000,1590.3000,1590.3000,4700
2015-09-10 14:06:59,1595.5000,1595.5000,1591.5000,1591.5000,3400
2015-09-10 14:07:00,1593.4000,1596.8500,1592.6500,1596.2000,8300
2015-09-10 14:08:00,1592.3000,1593.0000,1590.9500,1592.6500,5100
2015-09-10 14:09:59,1592.0000,1593.1000,1590.9000,1592.2000,2900
2015-09-10 14:10:59,1594.4000,1594.8500,1592.0000,1592.0000,4000
2015-09-10 14:11:59,1593.6000,1595.8500,1593.4000,1594.4000,2800
2015-09-10 14:12:00,1592.3500,1594.4500,1592.3500,1594.0000,3000
2015-09-10 14:13:59,1593.0000,1593.0000,1592.3500,1592.3500,1200
2015-09-10 14:14:00,1593.9000,1593.9000,1592.5000,1592.5000,2100
2015-09-10 14:15:00,1593.2500,1594.2500,1593.1000,1594.0000,1800
2015-09-10 14:16:00,1591.1500,1593.5000,1591.1500,1593.2500,6000
2015-09-10 14:17:59,1591.7500,1593.0000,1591.1000,1591.1500,1500
2015-09-10 14:18:59,1592.0500,1593.2000,1591.5500,1592.2000,2300
2015-09-10 14:19:59,1593.8000,1593.8000,1592.5000,1593.0000,1300
2015-09-10 14:20:00,1593.8000,1594.4500,1593.1000,1593.8000,12900
2015-09-10 14:21:00,1592.5500,1594.0000,1592.5000,1593.1000,1900
2015-09-10 14:22:01,1593.5000,1593.5000,1592.3000,1592.5000,1100
2015-09-10 14:23:59,1597.3500,1598.0000,1594.0000,1594.0000,2900
2015-09-10 14:24:59,1597.2000,1599.0000,1596.0000,1597.3500,3200
2015-09-10 14:25:59,1602.6000,1602.6000,1597.2000,1597.2000,10900
2015-09-10 14:26:59,1601.9500,1604.1000,1600.3500,1603.0500,10800
2015-09-10 14:27:58,1601.5000,1602.4000,1600.1500,1602.2000,6200
2015-09-10 14:28:59,1600.8500,1601.5000,1599.5000,1601.5000,2200
2015-09-10 14:29:59,1599.6000,1601.5000,1599.5500,1600.6000,3800
2015-09-10 14:30:00,1599.0500,1600.4500,1599.0500,1599.6000,7600
2015-09-10 14:31:00,1598.7500,1599.1000,1597.4500,1598.7000,2000
2015-09-10 14:32:59,1599.5000,1599.5000,1597.8000,1598.0500,1200
2015-09-10 14:33:00,1600.1000,1601.8000,1599.1500,1599.1500,6900
2015-09-10 14:34:59,1602.0000,1602.0000,1600.1000,1600.8500,3600
2015-09-10 14:35:59,1605.0000,1605.0000,1601.9000,1601.9000,5400
2015-09-10 14:36:00,1604.0500,1605.0000,1603.2000,1605.0000,3500
2015-09-10 14:37:59,1605.0500,1605.7000,1603.6000,1604.0000,6900
2015-09-10 14:38:59,1604.3000,1606.0000,1604.2000,1605.5000,4100
2015-09-10 14:39:00,1602.0000,1604.9000,1601.5000,1604.5000,3100
2015-09-10 14:40:00,1601.7000,1603.0500,1601.3500,1601.5500,3700
2015-09-10 14:41:59,1600.7000,1602.0500,1599.6500,1601.8000,11200
2015-09-10 14:42:59,1599.2500,1601.2500,1598.5000,1601.0000,5200
2015-09-10 14:43:59,1598.5000,1599.7000,1598.5000,1599.0000,2200
2015-09-10 14:44:00,1599.0000,1600.0000,1598.1000,1598.2500,5000
2015-09-10 14:45:59,1600.5000,1601.5000,1599.0000,1599.0000,1900
2015-09-10 14:46:00,1602.5500,1602.9000,1600.5000,1600.5000,9400
2015-09-10 14:47:01,1601.3000,1602.9000,1601.1500,1602.9000,1200
2015-09-10 14:48:02,1600.0000,1601.2500,1598.2500,1601.2500,6700
2015-09-10 14:49:00,1600.0000,1600.1000,1598.2500,1599.1500,10400
2015-09-10 14:50:59,1600.6000,1601.1000,1600.0000,1600.0000,7500
2015-09-10 14:51:59,1603.1000,1604.3500,1600.6000,1600.6000,5300
2015-09-10 14:52:59,1603.1000,1604.3500,1603.0000,1604.0000,2800
2015-09-10 14:53:59,1603.0000,1603.5000,1603.0000,1603.1000,2800
2015-09-10 14:54:59,1602.1000,1603.1500,1602.1000,1603.0500,4300
2015-09-10 14:55:59,1602.4000,1603.2500,1602.0000,1602.0000,2500
2015-09-10 14:56:59,1603.5000,1603.8000,1602.1000,1602.1000,2500
2015-09-10 14:57:59,1603.4500,1603.5500,1602.3500,1603.5000,1900
2015-09-10 14:58:59,1603.1000,1604.6500,1603.1000,1603.5000,2900
2015-09-10 14:59:59,1603.7000,1603.9000,1602.5500,1603.1000,2200
2015-09-10 15:00:59,1604.1000,1605.9500,1603.2000,1603.2000,7500
2015-09-10 15:01:59,1608.0000,1609.4500,1604.5000,1604.6500,15700
2015-09-10 15:02:00,1604.8500,1608.0000,1604.8500,1607.4500,9400
2015-09-10 15:03:59,1603.6500,1605.4500,1602.5000,1604.8500,11800
2015-09-10 15:04:59,1603.7000,1603.9500,1602.0500,1603.5500,9000
2015-09-10 15:05:59,1602.0000,1604.0000,1601.5500,1604.0000,4400
2015-09-10 15:06:59,1603.9500,1604.4000,1601.8500,1601.8500,4000
2015-09-10 15:07:59,1606.0000,1606.0000,1603.1000,1603.9500,9100
2015-09-10 15:08:59,1608.7000,1608.8000,1605.1500,1605.1500,7200
2015-09-10 15:09:59,1609.2000,1609.9500,1608.1500,1608.6000,7300
2015-09-10 15:10:59,1609.4000,1610.0000,1608.0000,1609.7000,9900
2015-09-10 15:11:00,1612.0000,1612.0000,1609.1000,1609.4000,14600
2015-09-10 15:12:00,1610.7000,1613.9500,1610.1000,1611.5500,14700
2015-09-10 15:13:59,1610.5000,1612.4500,1610.0500,1611.0000,10500
2015-09-10 15:14:00,1612.5000,1613.3000,1610.5000,1610.5000,7800
2015-09-10 15:15:59,1612.8000,1613.9000,1612.0000,1612.0500,18900
2015-09-10 15:16:59,1614.7500,1615.2000,1612.5000,1612.7000,16600
2015-09-10 15:17:59,1614.9000,1615.5500,1613.7000,1614.7500,11200
2015-09-10 15:18:00,1614.0500,1616.4500,1613.0500,1615.0000,19800
2015-09-10 15:19:00,1615.0500,1616.0000,1613.5500,1613.5500,8500
2015-09-10 15:20:59,1619.0000,1619.9000,1615.7000,1615.7000,19400
2015-09-10 15:21:59,1620.4500,1620.4500,1618.0000,1618.0500,20200
2015-09-10 15:22:59,1621.3500,1621.3500,1619.1500,1620.4500,13400
2015-09-10 15:23:59,1621.0500,1622.3000,1621.0000,1622.0000,24900
2015-09-10 15:24:59,1621.0000,1621.7000,1619.6500,1621.1000,24700
2015-09-10 15:25:59,1622.0000,1622.0000,1620.0000,1621.0000,20100
2015-09-10 15:26:59,1623.6500,1624.7000,1621.6000,1621.6000,23700
2015-09-10 15:27:59,1622.7000,1624.6500,1621.1000,1623.8000,13200
2015-09-10 15:28:59,1622.2500,1624.0000,1620.1500,1624.0000,16900
2015-09-10 15:29:59,1615.3500,1624.5000,1615.3500,1622.2500,12500
2015-09-10 15:30:00,1623.0000,1623.0000,1623.0000,1623.0000,0
2015-09-11 09:15:59,1626.0000,1628.9000,1625.0000,1625.8000,19800
2015-09-11 09:16:59,1625.0000,1625.9500,1621.1500,1624.8000,12800
2015-09-11 09:17:00,1621.8500,1625.0000,1621.5000,1625.0000,7700
2015-09-11 09:18:59,1618.6000,1623.4000,1618.1000,1622.2000,9400
2015-09-11 09:19:59,1619.3500,1619.8000,1616.0000,1618.0000,10300
2015-09-11 09:20:09,1619.9000,1619.9000,1619.3500,1619.3500,600
2015-09-11 09:21:59,1617.9500,1618.4000,1615.2500,1616.0000,25500
2015-09-11 09:22:59,1621.6000,1623.9000,1619.5000,1619.5000,6400
2015-09-11 09:23:59,1619.0000,1622.9500,1618.4000,1622.7500,4300
2015-09-11 09:24:59,1618.1500,1620.0000,1617.3500,1618.7500,6000
2015-09-11 09:25:59,1618.0000,1619.2000,1616.8500,1618.5500,8300
2015-09-11 09:26:59,1619.2500,1619.9000,1617.9000,1617.9000,5600
2015-09-11 09:27:59,1622.4000,1622.5000,1619.1000,1619.4000,3200
2015-09-11 09:28:59,1623.4000,1623.4000,1620.8000,1622.5000,5000
2015-09-11 09:29:58,1624.0000,1624.0000,1622.0500,1623.2500,3100
2015-09-11 09:30:00,1621.0000,1623.5000,1620.5000,1623.1000,4300
2015-09-11 09:31:59,1619.0500,1622.1000,1618.9000,1621.0000,3900
2015-09-11 09:32:59,1618.5500,1620.3500,1618.1000,1619.5500,4900
2015-09-11 09:33:00,1617.7000,1618.5500,1617.0000,1618.4500,4600
2015-09-11 09:34:59,1616.5000,1618.9000,1616.5000,1618.0000,4000
2015-09-11 09:35:00,1617.9500,1618.1500,1616.1000,1616.8000,3900
2015-09-11 09:36:00,1618.2500,1618.4000,1616.0000,1618.1500,3900
2015-09-11 09:37:02,1618.2500,1618.2500,1616.3000,1618.2000,4300
2015-09-11 09:38:59,1619.5000,1620.0000,1618.2500,1618.3500,1800
2015-09-11 09:39:59,1619.4000,1620.0000,1619.0000,1619.5000,1000
2015-09-11 09:40:59,1620.4000,1620.9500,1619.4000,1619.4000,2200
2015-09-11 09:41:59,1620.9000,1620.9500,1619.0500,1620.4000,5200
2015-09-11 09:42:00,1619.1000,1621.0000,1619.0000,1620.6500,9400
2015-09-11 09:43:59,1619.7500,1620.0000,1617.5500,1619.5000,4000
2015-09-11 09:44:59,1619.9000,1620.7500,1618.8000,1619.8000,3400
2015-09-11 09:45:00,1618.6000,1619.8000,1617.6000,1619.8000,3900
2015-09-11 09:46:58,1617.0500,1619.7500,1617.0000,1619.7500,5300
2015-09-11 09:47:00,1616.0000,1617.8000,1614.1000,1617.0000,15400
2015-09-11 09:48:01,1616.2000,1617.0000,1615.0000,1616.0000,3900
2015-09-11 09:49:59,1616.5000,1616.9500,1615.4000,1615.4000,2300
2015-09-11 09:50:59,1616.9000,1617.0000,1616.0000,1616.8500,2800
2015-09-11 09:51:00,1616.8000,1617.0000,1616.0000,1616.9500,2700
2015-09-11 09:52:01,1616.0000,1616.8000,1615.7500,1616.8000,3400
2015-09-11 09:53:00,1616.8000,1616.8000,1615.9500,1616.2000,1500
2015-09-11 09:54:00,1616.5000,1616.9000,1616.2000,1616.8000,2200
2015-09-11 09:55:58,1618.5000,1619.1500,1616.6500,1616.8000,4800
2015-09-11 09:56:00,1618.5000,1619.0000,1618.0000,1618.8500,2100
2015-09-11 09:57:59,1618.5000,1618.5000,1617.4000,1618.3000,1300
2015-09-11 09:58:00,1617.6500,1618.8000,1617.6000,1618.5500,1400
2015-09-11 09:59:59,1618.8000,1618.8000,1617.5000,1617.5000,2200
2015-09-11 10:00:00,1621.6000,1622.0000,1618.8000,1618.8000,6700
2015-09-11 10:01:00,1620.0500,1621.5000,1619.7500,1621.1000,3800
2015-09-11 10:02:59,1620.7000,1620.9000,1620.0000,1620.0500,3400
2015-09-11 10:03:00,1620.5000,1621.0000,1620.0500,1620.7000,1900
2015-09-11 10:04:59,1621.0000,1621.7000,1620.0500,1621.0000,3600
2015-09-11 10:05:00,1620.5500,1621.8000,1620.5000,1621.2500,2400
2015-09-11 10:06:00,1620.0500,1621.4000,1620.0000,1620.8000,2900
2015-09-11 10:07:02,1620.2000,1620.7500,1620.0000,1620.4000,1300
2015-09-11 10:08:59,1618.5500,1620.7500,1618.4000,1620.5000,4300
2015-09-11 10:09:00,1616.7500,1619.6000,1616.0000,1619.6000,3600
2015-09-11 10:10:01,1616.9500,1618.7000,1616.6500,1616.9500,3100
2015-09-11 10:11:01,1616.7000,1617.3500,1616.0000,1617.3500,2900
2015-09-11 10:12:01,1616.5000,1618.0000,1616.0000,1616.5000,2500
2015-09-11 10:13:00,1617.8500,1618.0000,1616.0000,1616.9500,1800
2015-09-11 10:14:02,1619.0000,1619.9000,1617.7000,1618.0000,2300
2015-09-11 10:15:01,1618.5000,1620.0000,1617.2000,1619.6000,1800
2015-09-11 10:16:59,1618.9000,1619.3500,1617.2000,1618.5000,3400
2015-09-11 10:17:00,1618.0000,1619.5000,1617.1500,1619.5000,1600
2015-09-11 10:18:03,1617.1000,1618.0000,1617.0500,1618.0000,600
2015-09-11 10:19:58,1617.5000,1618.0000,1617.0000,1617.8500,3300
2015-09-11 10:20:00,1617.8000,1617.9500,1617.1000,1617.5000,2500
2015-09-11 10:21:01,1616.2500,1617.8000,1616.0500,1617.6000,4100
2015-09-11 10:22:59,1617.0000,1617.4000,1615.5000,1616.2500,2500
2015-09-11 10:23:00,1615.4000,1617.5000,1615.4000,1617.1500,2300
2015-09-11 10:24:59,1613.5500,1616.5000,1612.0000,1615.5000,13300
2015-09-11 10:25:00,1613.6000,1615.0000,1612.1000,1613.9500,9100
2015-09-11 10:26:59,1614.9000,1615.2000,1613.6500,1613.6500,7800
2015-09-11 10:27:59,1614.4000,1615.0000,1613.6000,1614.9500,3200
2015-09-11 10:28:59,1612.8000,1614.5500,1612.0000,1614.0500,4400
2015-09-11 10:29:59,1612.8000,1614.2000,1611.6500,1612.8000,5500
2015-09-11 10:30:59,1614.4500,1614.4500,1612.1500,1613.3000,7800
2015-09-11 10:31:58,1616.0000,1616.0000,1614.0000,1614.5000,6600
2015-09-11 10:32:00,1614.9000,1617.0500,1614.7000,1616.0500,6900
2015-09-11 10:33:59,1614.5500,1615.7500,1614.4500,1615.7500,2900
2015-09-11 10:34:00,1615.0000,1615.4500,1614.4500,1615.0000,4300
2015-09-11 10:35:00,1615.4000,1616.0000,1614.6000,1615.0500,7800
2015-09-11 10:36:01,1616.4000,1616.4000,1614.5500,1615.6000,13800
2015-09-11 10:37:59,1615.0000,1616.4000,1614.3500,1616.0000,4800
2015-09-11 10:38:59,1615.0000,1615.4500,1613.5000,1615.3500,25600
2015-09-11 10:39:00,1615.0000,1615.8000,1615.0000,1615.0000,4900
2015-09-11 10:40:59,1615.8500,1616.0000,1614.9000,1615.0500,4800
2015-09-11 10:41:59,1613.7500,1615.4000,1613.2500,1615.0000,16600
2015-09-11 10:42:59,1613.5000,1614.1000,1612.8000,1614.1000,6700
2015-09-11 10:43:59,1610.4000,1613.3000,1610.1000,1613.0000,14500
2015-09-11 10:44:00,1614.0000,1614.6000,1610.9500,1610.9500,9000
2015-09-11 10:45:00,1613.5000,1614.1500,1611.8000,1614.1500,2500
2015-09-11 10:46:01,1613.4500,1615.0000,1613.2500,1614.1000,4400
2015-09-11 10:47:00,1612.1000,1613.8500,1612.0000,1613.8500,1000
2015-09-11 10:48:02,1612.5500,1613.2500,1612.0000,1612.9000,2300
2015-09-11 10:49:03,1612.1500,1612.8000,1611.0000,1612.8000,2800
2015-09-11 10:50:03,1611.7000,1613.9000,1611.7000,1612.8000,2200
2015-09-11 10:51:01,1612.9500,1613.0000,1612.0000,1612.2500,4000
2015-09-11 10:52:03,1611.1000,1612.9500,1611.1000,1612.9500,2400
2015-09-11 10:53:59,1612.0000,1612.6500,1611.2000,1612.0000,2400
2015-09-11 10:54:00,1612.5000,1613.0000,1611.0000,1612.5000,3500
2015-09-11 10:55:01,1612.0000,1612.5000,1610.2000,1612.3500,2900
2015-09-11 10:56:01,1611.0000,1611.9500,1610.7500,1611.9500,2600
2015-09-11 10:57:00,1611.5000,1612.2500,1611.0000,1612.0000,2400
2015-09-11 10:58:59,1611.0000,1611.8000,1610.8000,1611.8000,2500
2015-09-11 10:59:59,1610.4500,1611.0000,1610.0000,1611.0000,3400
2015-09-11 11:00:00,1610.0000,1610.5000,1609.6000,1610.5000,3800
2015-09-11 11:01:00,1609.5500,1610.2000,1609.5500,1610.0000,8000
2015-09-11 11:02:59,1608.7500,1609.8000,1607.1500,1609.6500,8000
2015-09-11 11:03:00,1609.0500,1610.2000,1608.6000,1608.6000,4800
2015-09-11 11:04:59,1608.9000,1609.5500,1608.0000,1609.0500,2900
2015-09-11 11:05:59,1608.7000,1608.9000,1607.3500,1608.9000,2400
2015-09-11 11:06:59,1608.9000,1609.6000,1608.6000,1608.7000,2700
2015-09-11 11:07:00,1608.9000,1609.4000,1608.2000,1609.0000,1000
2015-09-11 11:08:58,1609.4500,1609.8000,1608.5500,1608.8500,1500
2015-09-11 11:09:00,1609.6000,1610.0000,1609.5000,1609.5000,1000
2015-09-11 11:10:59,1607.0500,1610.0000,1606.8500,1609.6000,4000
2015-09-11 11:11:00,1606.0000,1607.3500,1605.0500,1606.9000,7100
2015-09-11 11:12:02,1605.3000,1606.9000,1604.1500,1605.9000,6900
2015-09-11 11:13:59,1605.0000,1605.5000,1604.2000,1605.3000,3000
2015-09-11 11:14:59,1605.0000,1606.0000,1603.4500,1605.2500,8900
2015-09-11 11:15:00,1607.0500,1607.5000,1605.0000,1605.1000,4400
2015-09-11 11:16:00,1610.2500,1611.0000,1607.0500,1607.0500,6100
2015-09-11 11:17:00,1608.3500,1611.0000,1608.3500,1610.4500,4000
2015-09-11 11:18:59,1607.5000,1610.0000,1606.6500,1608.9000,2600
2015-09-11 11:19:00,1607.5000,1609.4500,1606.2500,1607.7000,4600
2015-09-11 11:20:00,1608.8000,1610.0000,1608.0000,1608.0000,1900
2015-09-11 11:21:59,1609.4500,1609.9000,1608.8500,1609.0500,3900
2015-09-11 11:22:00,1609.7500,1609.7500,1609.2000,1609.4500,1400
2015-09-11 11:23:02,1609.5000,1609.7500,1608.6500,1609.5000,2100
2015-09-11 11:24:59,1606.5000,1609.5000,1606.5000,1609.4500,3300
2015-09-11 11:25:59,1606.0000,1608.6500,1606.0000,1608.4500,2200
2015-09-11 11:26:00,1607.8500,1607.8500,1605.0000,1606.0000,4000
2015-09-11 11:27:59,1607.2000,1607.8000,1607.0000,1607.0500,1400
2015-09-11 11:28:58,1605.1000,1607.0000,1604.3000,1607.0000,4600
2015-09-11 11:29:59,1603.1500,1605.0000,1603.0500,1604.4000,5100
2015-09-11 11:30:01,1602.9000,1604.0000,1602.0000,1603.8000,8500
2015-09-11 11:31:00,1603.5000,1604.4000,1602.5000,1603.6500,3200
2015-09-11 11:32:01,1603.0000,1603.9500,1602.0500,1603.9500,3800
2015-09-11 11:33:57,1602.5000,1603.5000,1601.5500,1603.0000,6900
2015-09-11 11:34:59,1603.8000,1604.7500,1602.0000,1602.0000,5700
2015-09-11 11:35:59,1605.0000,1605.5000,1603.8000,1603.8000,6800
2015-09-11 11:36:59,1604.4500,1605.8000,1604.0000,1605.0000,2800
2015-09-11 11:37:00,1605.8000,1605.8000,1604.2500,1604.9000,2500
2015-09-11 11:38:01,1605.0000,1605.8500,1604.6500,1605.0000,2200
2015-09-11 11:39:03,1605.7500,1605.9000,1604.4000,1605.7000,1200
2015-09-11 11:40:03,1605.5000,1605.8000,1605.4000,1605.4000,1500
2015-09-11 11:41:01,1606.4500,1606.7000,1605.5000,1605.5000,3000
2015-09-11 11:42:02,1606.7000,1606.7000,1606.3000,1606.4500,1000
2015-09-11 11:43:00,1606.7500,1606.7500,1606.6500,1606.7000,2400
2015-09-11 11:44:59,1608.4000,1608.4500,1606.7500,1606.7500,3600
2015-09-11 11:45:59,1609.0000,1609.0000,1608.0500,1608.5000,4900
2015-09-11 11:46:00,1610.5000,1610.5000,1608.6500,1609.0000,3100
2015-09-11 11:47:59,1611.3000,1611.3000,1609.3500,1610.5000,6500
2015-09-11 11:48:00,1609.4500,1612.0000,1607.7000,1611.3000,4200
2015-09-11 11:49:59,1608.0000,1609.8000,1607.0000,1608.9000,2700
2015-09-11 11:50:00,1608.3000,1608.3000,1606.9500,1608.0500,3100
2015-09-11 11:51:59,1608.5000,1608.5000,1608.1000,1608.3000,1100
2015-09-11 11:52:00,1608.4500,1608.5000,1608.0000,1608.4000,800
2015-09-11 11:53:01,1609.0000,1609.0000,1608.0500,1608.0500,800
2015-09-11 11:54:59,1611.0000,1611.2500,1609.0000,1609.0000,1800
2015-09-11 11:55:59,1609.8000,1611.8500,1609.5500,1611.0000,2700
2015-09-11 11:56:59,1610.4000,1610.8500,1609.3500,1609.9500,1000
2015-09-11 11:57:00,1610.0000,1610.6000,1608.9000,1610.0500,2700
2015-09-11 11:58:00,1610.0000,1610.0000,1608.7000,1609.8500,2200
2015-09-11 11:59:00,1611.0000,1611.0000,1610.0000,1610.0000,1600
2015-09-11 12:00:00,1610.9000,1611.3000,1610.0000,1611.0000,1600
2015-09-11 12:01:00,1612.0000,1612.5500,1610.4500,1611.0000,3100
2015-09-11 12:02:59,1611.6500,1612.5500,1611.6500,1612.0000,2000
2015-09-11 12:03:00,1609.5000,1611.9500,1608.2000,1611.9000,3300
2015-09-11 12:04:59,1608.5000,1609.8000,1608.5000,1609.4500,1000
2015-09-11 12:05:00,1609.5500,1609.8000,1608.5000,1608.9500,900
2015-09-11 12:06:59,1609.4500,1610.0000,1609.2500,1609.5500,600
2015-09-11 12:07:59,1605.1500,1609.5000,1605.0000,1609.4500,3200
2015-09-11 12:08:00,1605.5000,1606.0000,1605.2000,1605.2500,3200
2015-09-11 12:09:01,1604.9000,1605.5500,1604.0000,1605.5000,1800
2015-09-11 12:10:01,1603.9500,1605.2000,1602.8000,1604.8500,3500
2015-09-11 12:11:01,1604.0000,1604.7500,1603.5500,1603.7500,2900
2015-09-11 12:12:59,1605.0000,1605.0000,1603.5000,1604.4500,3000
2015-09-11 12:13:00,1604.7500,1605.0000,1603.5000,1605.0000,1900
2015-09-11 12:14:01,1605.0000,1605.0000,1604.4000,1604.4000,800
2015-09-11 12:15:00,1606.2000,1606.3500,1605.0000,1605.0000,1600
2015-09-11 12:16:01,1605.9000,1607.0000,1605.0000,1606.1000,1300
2015-09-11 12:17:01,1605.4000,1606.0000,1604.0000,1605.0000,2000
2015-09-11 12:18:59,1605.0000,1605.6000,1604.1000,1605.1000,1100
2015-09-11 12:19:59,1604.8000,1605.2500,1604.1000,1605.0000,900
2015-09-11 12:20:00,1604.5000,1604.6500,1604.1000,1604.5000,2200
2015-09-11 12:21:59,1604.5000,1605.0000,1604.0000,1604.7000,1300
2015-09-11 12:22:59,1604.7000,1605.2000,1604.1000,1604.8000,1600
2015-09-11 12:23:00,1604.5000,1605.6500,1604.1000,1604.5000,1300
2015-09-11 12:24:59,1605.0500,1606.0000,1604.0500,1604.7500,1000
2015-09-11 12:25:59,1605.2000,1606.0000,1604.4000,1605.7000,1100
2015-09-11 12:26:59,1606.4500,1606.5000,1605.0000,1605.1000,2000
2015-09-11 12:27:00,1605.6500,1606.4000,1604.9500,1604.9500,2800
2015-09-11 12:28:59,1606.0000,1607.0000,1605.2500,1605.7000,2400
2015-09-11 12:29:00,1605.5000,1606.0500,1605.5000,1606.0500,700
2015-09-11 12:30:59,1606.3000,1606.5500,1605.5000,1605.5000,1900
2015-09-11 12:31:59,1604.0500,1606.4000,1604.0500,1606.2000,3500
2015-09-11 12:32:59,1603.3500,1604.9000,1603.3000,1604.9000,3400
2015-09-11 12:33:59,1602.9000,1603.4000,1602.0000,1603.2000,7900
2015-09-11 12:34:59,1602.0500,1603.2000,1601.9500,1602.7500,10800
2015-09-11 12:35:59,1602.0000,1602.4500,1601.3000,1602.4500,7300
2015-09-11 12:36:00,1602.9000,1603.0000,1601.5500,1601.9000,6000
2015-09-11 12:37:59,1602.5500,1604.0000,1602.0000,1602.7500,4600
2015-09-11 12:38:59,1603.4000,1604.0000,1602.9000,1602.9000,3300
2015-09-11 12:39:59,1605.2500,1605.9500,1603.2500,1603.7500,3300
2015-09-11 12:40:59,1606.4000,1606.4000,1604.0500,1605.2000,3000
2015-09-11 12:41:00,1606.8000,1607.2000,1606.2000,1606.2000,5500
2015-09-11 12:42:59,1604.8500,1606.8000,1602.0000,1606.8000,5400
2015-09-11 12:43:00,1605.2500,1605.6000,1604.0500,1605.0000,1600
2015-09-11 12:44:58,1604.7500,1605.4500,1604.2000,1605.1500,3500
2015-09-11 12:45:58,1604.3500,1605.0000,1603.6000,1604.5000,2200
2015-09-11 12:46:59,1605.0000,1605.5000,1604.3500,1604.3500,1800
2015-09-11 12:47:00,1605.7000,1605.9000,1605.0000,1605.0000,800
2015-09-11 12:48:02,1606.2000,1606.2000,1604.4000,1605.6500,1700
2015-09-11 12:49:00,1605.5500,1606.7500,1604.7000,1606.4000,1000
2015-09-11 12:50:58,1604.3000,1605.9000,1604.3000,1605.1000,2500
2015-09-11 12:51:00,1603.6500,1604.6500,1603.3000,1603.8500,3300
2015-09-11 12:52:59,1602.4500,1603.6000,1601.3500,1603.6000,8900
2015-09-11 12:53:59,1603.5000,1603.9000,1602.3500,1602.4500,4000
2015-09-11 12:54:00,1603.6000,1603.8000,1603.0000,1603.7000,2900
2015-09-11 12:55:57,1602.1000,1603.4000,1601.1500,1602.9500,4400
2015-09-11 12:56:58,1603.4500,1603.5000,1601.5000,1602.0000,4200
2015-09-11 12:57:01,1603.3500,1603.4000,1601.6000,1603.0000,2300
2015-09-11 12:58:59,1602.1000,1603.3000,1602.1000,1603.2500,1400
2015-09-11 12:59:56,1602.0500,1603.0000,1602.0500,1602.4500,2500
2015-09-11 13:00:59,1603.0000,1603.0000,1601.7000,1602.8500,3300
2015-09-11 13:01:00,1604.9500,1605.0000,1603.0000,1603.0000,8100
2015-09-11 13:02:01,1604.0000,1605.0000,1602.4000,1605.0000,1600
2015-09-11 13:03:00,1603.9500,1604.5500,1602.6000,1603.7500,1000
2015-09-11 13:04:00,1604.5500,1604.5500,1603.0000,1603.9500,1200
2015-09-11 13:05:02,1604.3500,1604.6000,1603.0000,1604.2500,1400
2015-09-11 13:06:00,1603.9000,1604.3500,1602.0500,1604.3500,1600
2015-09-11 13:07:59,1601.0500,1604.0000,1601.0500,1603.7000,4300
2015-09-11 13:08:59,1601.1000,1602.0000,1598.0000,1601.0000,25400
2015-09-11 13:09:59,1598.6500,1602.8500,1597.6500,1601.7000,10900
2015-09-11 13:10:59,1599.1500,1599.4000,1596.8000,1598.0000,8500
2015-09-11 13:11:59,1600.0000,1601.3500,1598.5000,1599.5000,4600
2015-09-11 13:12:59,1599.9000,1599.9000,1598.6500,1599.9000,2700
2015-09-11 13:13:00,1599.5000,1600.8000,1599.0000,1599.0000,3900
2015-09-11 13:14:00,1601.5000,1601.9500,1600.0000,1600.0000,4000
2015-09-11 13:15:59,1599.7500,1602.0000,1598.0000,1601.5000,3400
2015-09-11 13:16:59,1598.1500,1601.0000,1598.0500,1599.8500,2000
2015-09-11 13:17:00,1597.4000,1598.4000,1596.3000,1598.4000,5500
2015-09-11 13:18:59,1596.1000,1598.0000,1595.8000,1597.4000,7000
2015-09-11 13:19:59,1597.4000,1598.2000,1595.8000,1597.2500,3900
2015-09-11 13:20:00,1600.0000,1600.0000,1597.4000,1597.4000,2500
2015-09-11 13:21:01,1601.5000,1601.5000,1599.3500,1599.9500,3400
2015-09-11 13:22:59,1601.0000,1601.5000,1600.0500,1601.0000,1800
2015-09-11 13:23:00,1600.9500,1601.0000,1600.0000,1600.9500,1700
2015-09-11 13:24:59,1602.7500,1602.7500,1600.0000,1600.5000,2800
2015-09-11 13:25:53,1603.7000,1604.8000,1602.6500,1602.7500,4000
2015-09-11 13:26:59,1605.6500,1605.8000,1604.3500,1604.4000,3700
2015-09-11 13:27:59,1605.5500,1607.0000,1604.9500,1605.7500,4600
2015-09-11 13:28:00,1604.0000,1605.9500,1602.4500,1605.5500,8600
2015-09-11 13:29:00,1603.6000,1605.0000,1603.0500,1603.5000,1800
2015-09-11 13:30:01,1606.0000,1606.5500,1604.0000,1604.5000,1900
2015-09-11 13:31:59,1606.0000,1606.9000,1605.5500,1606.0000,1400
2015-09-11 13:32:00,1606.0000,1606.9500,1605.0000,1606.2500,2800
2015-09-11 13:33:58,1604.5500,1606.0000,1604.2500,1605.6000,1000
2015-09-11 13:34:00,1604.2000,1605.6500,1604.2000,1604.5500,1100
2015-09-11 13:35:08,1604.4500,1604.5000,1603.6000,1604.1500,900
2015-09-11 13:36:02,1603.5000,1604.4500,1602.5000,1604.2500,1500
2015-09-11 13:37:59,1604.7000,1604.8000,1603.7000,1603.7500,1100
2015-09-11 13:38:00,1602.5500,1604.7500,1602.2500,1604.6000,1400
2015-09-11 13:39:00,1603.2500,1603.2500,1602.1500,1603.2500,1400
2015-09-11 13:40:00,1604.1500,1604.1500,1603.1500,1603.2000,1400
2015-09-11 13:41:00,1603.4500,1604.4500,1603.4500,1604.1500,800
2015-09-11 13:42:01,1604.4000,1604.5000,1603.5500,1603.9500,600
2015-09-11 13:43:00,1604.4500,1604.5000,1603.1500,1604.4000,1000
2015-09-11 13:44:00,1603.0000,1604.3500,1603.0000,1604.3000,800
2015-09-11 13:45:00,1602.5000,1603.2000,1602.2000,1603.0000,800
2015-09-11 13:46:00,1602.7500,1602.7500,1602.1500,1602.6000,800
2015-09-11 13:47:58,1600.3500,1602.7500,1600.3500,1602.7500,1400
2015-09-11 13:48:59,1600.0000,1601.2000,1600.0000,1600.3500,4200
2015-09-11 13:49:59,1600.0000,1600.0000,1598.0000,1598.5500,3300
2015-09-11 13:50:01,1598.5000,1601.5000,1598.0000,1599.8000,3000
2015-09-11 13:51:00,1597.4500,1599.6500,1597.0000,1598.9000,4600
2015-09-11 13:52:00,1598.0000,1598.0000,1596.5000,1596.9000,3200
2015-09-11 13:53:59,1597.5000,1598.1500,1596.9000,1598.0000,2100
2015-09-11 13:54:00,1600.0000,1600.9000,1597.5000,1597.5000,1800
2015-09-11 13:55:59,1598.8500,1600.7000,1598.6500,1600.0500,4100
2015-09-11 13:56:00,1601.2000,1601.2000,1598.8000,1599.0000,1200
2015-09-11 13:57:00,1601.0000,1601.8000,1600.1500,1601.2000,1800
2015-09-11 13:58:59,1600.0500,1602.0000,1600.0000,1600.1500,2300
2015-09-11 13:59:00,1600.2000,1601.9000,1599.5500,1600.0500,1800
2015-09-11 14:00:00,1598.2500,1600.8000,1598.2500,1600.2000,4200
2015-09-11 14:01:01,1598.0000,1598.9000,1597.0000,1598.3000,4000
2015-09-11 14:02:00,1599.4000,1599.8500,1597.5000,1598.0000,2200
2015-09-11 14:03:59,1595.2500,1599.6500,1593.1000,1598.7000,11300
2015-09-11 14:04:00,1600.6000,1602.0000,1595.0500,1595.8000,11200
2015-09-11 14:05:01,1600.4000,1600.9000,1600.0000,1600.5000,1300
2015-09-11 14:06:01,1601.0000,1601.2000,1598.5500,1600.5000,4300
2015-09-11 14:07:01,1601.1000,1601.5500,1599.2500,1601.3000,2900
2015-09-11 14:08:59,1599.5000,1601.4500,1599.5000,1601.2000,3400
2015-09-11 14:09:00,1601.0000,1601.5500,1599.5500,1599.5500,2600
2015-09-11 14:10:00,1601.0000,1601.0000,1600.0500,1600.8000,2600
2015-09-11 14:11:04,1601.7000,1601.7500,1600.5000,1600.9500,1700
2015-09-11 14:12:59,1600.2500,1602.0000,1600.1000,1601.5000,3900
2015-09-11 14:13:00,1601.1500,1602.0000,1600.1000,1600.9500,3100
2015-09-11 14:14:01,1600.6500,1601.0000,1600.0000,1601.0000,2000
2015-09-11 14:15:01,1601.1000,1602.0000,1600.2000,1600.5500,1900
2015-09-11 14:16:00,1600.5500,1602.0000,1600.1500,1601.9500,2400
2015-09-11 14:17:59,1600.1000,1601.8500,1598.0500,1600.3000,3900
2015-09-11 14:18:59,1601.0000,1601.6500,1598.5500,1600.6000,3100
2015-09-11 14:19:59,1601.6000,1602.0000,1600.3000,1601.0000,2300
2015-09-11 14:20:59,1601.3500,1601.9500,1599.5000,1601.7000,1400
2015-09-11 14:21:00,1601.6500,1601.6500,1599.7000,1601.4500,4800
2015-09-11 14:22:59,1601.7000,1602.0000,1600.5000,1600.5000,1800
2015-09-11 14:23:59,1601.9500,1601.9500,1600.5500,1600.5500,1900
2015-09-11 14:24:00,1602.9000,1603.5000,1599.5500,1601.9500,11100
2015-09-11 14:25:01,1603.7500,1603.7500,1601.5000,1602.5000,6000
2015-09-11 14:26:01,1602.0000,1603.7500,1601.1000,1603.4000,5200
2015-09-11 14:27:59,1602.4000,1603.4000,1600.7000,1602.0000,3600
2015-09-11 14:28:00,1602.5000,1603.0000,1601.3000,1602.4500,2400
2015-09-11 14:29:59,1601.5500,1603.0000,1601.2000,1602.5000,2500
2015-09-11 14:30:59,1600.5000,1602.9000,1600.2000,1601.5500,2800
2015-09-11 14:31:59,1600.5500,1601.5000,1600.2000,1600.4500,2300
2015-09-11 14:32:59,1601.3000,1602.5000,1600.8000,1601.0000,2800
2015-09-11 14:33:00,1602.0000,1602.4500,1601.0500,1601.3000,1600
2015-09-11 14:34:02,1602.0000,1602.3500,1601.0500,1601.5500,1600
2015-09-11 14:35:01,1601.2500,1602.4500,1601.2500,1601.8000,2100
2015-09-11 14:36:01,1603.5000,1603.5000,1601.0000,1601.1000,6500
2015-09-11 14:37:59,1603.0500,1603.7500,1602.1000,1603.5000,3500
2015-09-11 14:38:59,1601.1500,1603.0000,1601.0500,1602.9500,2600
2015-09-11 14:39:59,1603.0000,1603.0000,1601.3000,1602.0500,2700
2015-09-11 14:40:59,1602.9500,1603.0000,1601.6000,1603.0000,2600
2015-09-11 14:41:00,1602.9000,1603.0000,1602.1000,1603.0000,1900
2015-09-11 14:42:59,1603.0000,1603.0000,1601.8000,1602.9000,2000
2015-09-11 14:43:59,1603.1500,1603.7000,1602.0000,1603.0000,2400
2015-09-11 14:44:00,1602.5000,1603.6500,1601.9000,1603.1500,2000
2015-09-11 14:45:59,1603.0000,1603.2500,1601.6000,1602.4000,4000
2015-09-11 14:46:00,1602.9500,1603.0000,1601.5000,1602.1500,3500
2015-09-11 14:47:01,1602.9500,1603.3000,1602.0500,1602.6000,1900
2015-09-11 14:48:01,1602.9500,1603.0000,1602.0000,1602.9000,2900
2015-09-11 14:49:59,1603.0000,1603.5000,1602.0000,1602.9000,2300
2015-09-11 14:50:00,1603.2000,1603.5500,1602.0500,1602.3000,2300
2015-09-11 14:51:59,1604.2500,1604.5000,1602.6500,1603.2000,4900
2015-09-11 14:52:59,1605.0000,1605.1000,1603.6500,1604.2000,4900
2015-09-11 14:53:59,1605.0000,1606.3000,1604.0000,1605.0000,5700
2015-09-11 14:54:00,1605.0500,1605.9500,1605.0000,1605.0000,1700
2015-09-11 14:55:59,1605.9500,1605.9500,1605.3500,1605.4500,1200
2015-09-11 14:56:00,1607.0000,1607.0000,1605.7000,1605.9500,3600
2015-09-11 14:57:59,1607.8000,1607.8000,1606.7500,1607.0000,3300
2015-09-11 14:58:00,1609.0000,1609.2500,1607.8000,1607.8000,8400
2015-09-11 14:59:00,1611.9500,1612.0000,1609.0000,1609.0000,12400
2015-09-11 15:00:59,1610.2000,1612.2000,1610.2000,1611.1000,11600
2015-09-11 15:01:59,1607.3500,1611.0000,1606.6000,1611.0000,8400
2015-09-11 15:02:59,1609.9000,1609.9000,1607.0000,1607.3000,6000
2015-09-11 15:03:59,1609.0000,1610.4000,1607.7500,1609.8000,7300
2015-09-11 15:04:58,1607.9500,1609.0000,1607.4500,1609.0000,3300
2015-09-11 15:05:00,1607.9500,1608.0000,1607.2500,1607.5500,2600
2015-09-11 15:06:00,1608.5000,1609.0000,1607.5000,1607.9500,5000
2015-09-11 15:07:59,1608.4500,1610.4000,1608.4500,1608.5000,6000
2015-09-11 15:08:59,1607.5000,1609.1000,1607.5000,1608.1000,3500
2015-09-11 15:09:59,1605.8500,1607.5000,1605.5000,1607.5000,6000
2015-09-11 15:10:59,1603.3500,1606.1500,1603.0000,1606.1000,7300
2015-09-11 15:11:59,1604.0000,1604.8000,1601.9000,1602.8500,8100
2015-09-11 15:12:59,1606.0000,1607.0000,1603.9500,1604.0000,9300
2015-09-11 15:13:59,1605.6000,1607.0000,1604.9000,1605.6500,8600
2015-09-11 15:14:59,1597.8000,1605.5000,1596.5000,1605.4500,14300
2015-09-11 15:15:59,1599.0000,1599.9500,1595.0000,1597.1500,19100
2015-09-11 15:16:59,1600.8500,1601.9500,1596.0000,1599.0000,17600
2015-09-11 15:17:00,1600.0000,1601.9500,1598.0000,1600.8500,9200
2015-09-11 15:18:00,1602.1000,1602.7000,1600.4000,1600.5500,5700
2015-09-11 15:19:59,1602.5000,1602.9500,1601.1500,1601.4500,6800
2015-09-11 15:20:59,1599.4000,1603.0000,1598.0000,1602.6000,6200
2015-09-11 15:21:00,1598.1000,1599.9500,1598.1000,1599.3500,6000
2015-09-11 15:22:59,1601.5500,1601.6000,1598.1000,1598.1500,5100
2015-09-11 15:23:59,1601.9000,1602.2000,1599.1500,1601.5500,9800
2015-09-11 15:24:59,1602.3000,1603.9500,1600.5000,1601.9000,6500
2015-09-11 15:25:59,1602.1000,1602.4500,1600.9000,1602.3500,7300
2015-09-11 15:26:00,1600.5000,1602.4500,1599.8000,1602.1000,8600
2015-09-11 15:27:59,1598.2000,1600.0000,1598.0000,1600.0000,6600
2015-09-11 15:28:59,1598.0000,1599.0500,1597.0000,1598.1500,6300
2015-09-11 15:29:59,1597.6500,1598.6500,1596.1000,1597.3500,4500
2015-09-11 15:30:00,1597.6500,1597.6500,1597.6500,1597.6500,0
2015-09-14 09:15:02,1601.1000,1606.6500,1600.7500,1606.6500,9100
2015-09-14 09:16:01,1600.1500,1600.7500,1597.6500,1600.7500,6200
2015-09-14 09:17:01,1603.8500,1604.4500,1600.2500,1600.7500,12100
2015-09-14 09:18:59,1604.0000,1605.5000,1603.5000,1604.0000,5900
2015-09-14 09:19:58,1604.0000,1605.0000,1604.0000,1604.0000,3800
2015-09-14 09:20:59,1605.9500,1605.9500,1604.0000,1604.2500,3300
2015-09-14 09:21:00,1607.3000,1608.9500,1605.0000,1605.2500,8000
2015-09-14 09:22:01,1611.9000,1611.9000,1605.1500,1606.9500,6000
2015-09-14 09:23:01,1610.2500,1612.8000,1610.0000,1611.9500,5800
2015-09-14 09:24:01,1610.5000,1610.6000,1609.5000,1610.6000,3200
2015-09-14 09:25:59,1609.2500,1611.0000,1608.8000,1610.7500,1800
2015-09-14 09:26:00,1607.9000,1609.2000,1607.8000,1609.2000,2700
2015-09-14 09:27:01,1607.0000,1608.0000,1605.2500,1607.8000,3000
2015-09-14 09:28:59,1602.0000,1606.9500,1602.0000,1606.9500,3100
2015-09-14 09:29:08,1602.5000,1603.5500,1601.3000,1602.6000,3800
2015-09-14 09:30:02,1604.2500,1604.2500,1602.3500,1602.5500,3200
2015-09-14 09:31:01,1604.0000,1605.0000,1602.5000,1604.2500,2700
2015-09-14 09:32:01,1602.0000,1604.5000,1602.0000,1604.0500,3500
2015-09-14 09:33:59,1597.9000,1602.1000,1597.8500,1602.1000,5400
2015-09-14 09:34:00,1600.0500,1600.9500,1598.0500,1598.0500,2100
2015-09-14 09:35:59,1600.8000,1601.7000,1600.1000,1600.4500,2000
2015-09-14 09:36:00,1600.0000,1600.8000,1599.1500,1600.8000,2800
2015-09-14 09:37:59,1599.8500,1600.7500,1599.0000,1599.5500,2200
2015-09-14 09:38:00,1599.8500,1599.8500,1599.0000,1599.0500,800
2015-09-14 09:39:00,1599.3500,1601.0000,1596.1000,1598.2500,5000
2015-09-14 09:40:00,1600.2500,1601.3000,1599.2000,1599.7000,1900
2015-09-14 09:41:07,1600.3500,1600.3500,1600.0000,1600.0000,1000
2015-09-14 09:42:00,1604.4000,1604.4000,1600.0000,1600.0000,4400
2015-09-14 09:43:59,1602.0500,1604.4000,1601.6000,1604.4000,3100
2015-09-14 09:44:00,1603.0000,1603.0000,1602.1500,1602.1500,6000
2015-09-14 09:45:01,1605.0000,1605.0000,1602.9500,1603.0000,2300
2015-09-14 09:46:59,1607.1500,1607.2000,1604.1000,1604.9000,5400
2015-09-14 09:47:00,1607.7500,1608.9000,1606.0500,1607.0000,2600
2015-09-14 09:48:00,1607.9500,1609.0000,1606.5500,1608.8000,4200
2015-09-14 09:49:00,1606.0000,1608.0000,1606.0000,1607.9500,1200
2015-09-14 09:50:00,1606.2000,1606.7000,1605.6500,1606.0000,900
2015-09-14 09:51:02,1606.3500,1606.6500,1606.0000,1606.5000,600
2015-09-14 09:52:02,1607.4500,1608.0000,1606.2000,1606.2000,1800
2015-09-14 09:53:05,1607.3500,1607.4500,1607.0000,1607.2500,700
2015-09-14 09:54:06,1607.0000,1607.4000,1606.7500,1607.4000,1500
2015-09-14 09:55:59,1606.2000,1607.2000,1606.2000,1606.8500,1700
2015-09-14 09:56:00,1605.0000,1606.4500,1605.0000,1606.0500,1300
2015-09-14 09:57:05,1604.2500,1605.4000,1604.0000,1605.4000,2500
2015-09-14 09:58:01,1605.5000,1605.5000,1604.0000,1604.5000,600
2015-09-14 09:59:59,1603.5000,1605.3000,1603.1000,1605.3000,500
2015-09-14 10:00:00,1603.6000,1604.5000,1603.0000,1603.0000,1100
2015-09-14 10:01:01,1603.9500,1604.5000,1603.0500,1603.6000,1200
2015-09-14 10:02:01,1606.2500,1606.3000,1603.6500,1603.6500,800
2015-09-14 10:03:02,1604.4500,1604.4500,1603.3500,1604.3000,1500
2015-09-14 10:04:59,1604.0000,1604.4500,1603.5500,1604.4500,1100
2015-09-14 10:05:00,1604.4500,1604.9500,1604.0000,1604.0000,800
2015-09-14 10:06:01,1603.8000,1604.7000,1603.5000,1604.7000,1200
2015-09-14 10:07:00,1603.7000,1603.9500,1603.5000,1603.9500,700
2015-09-14 10:08:02,1603.6500,1603.7000,1603.5000,1603.7000,700
2015-09-14 10:09:00,1603.6000,1603.7000,1603.5500,1603.6000,400
2015-09-14 10:10:01,1601.6000,1603.6000,1601.6000,1603.6000,1500
2015-09-14 10:11:03,1601.9500,1602.1500,1601.7000,1602.0500,700
2015-09-14 10:12:01,1601.4000,1602.0000,1601.1000,1601.9500,1200
2015-09-14 10:13:02,1600.0000,1601.2000,1600.0000,1601.2000,2800
2015-09-14 10:14:59,1598.5000,1600.7000,1598.5000,1600.6500,3100
2015-09-14 10:15:00,1597.5000,1598.8000,1597.0000,1598.2500,2300
2015-09-14 10:16:02,1597.4500,1597.5000,1597.2500,1597.2500,1600
2015-09-14 10:17:01,1598.7000,1599.1000,1597.3000,1597.4500,4000
2015-09-14 10:18:59,1603.0000,1603.4000,1598.6000,1598.6000,6500
2015-09-14 10:19:59,1606.9500,1607.4500,1602.8000,1603.0000,6900
2015-09-14 10:20:59,1607.4500,1608.0000,1605.8500,1606.6500,6800
2015-09-14 10:21:00,1606.4500,1609.5000,1605.5000,1608.0000,5600
2015-09-14 10:22:02,1607.5000,1607.5000,1605.5000,1606.0000,2400
2015-09-14 10:23:02,1607.1000,1607.5000,1606.4000,1607.1000,5500
2015-09-14 10:24:02,1606.4000,1607.3000,1606.3000,1607.3000,2000
2015-09-14 10:25:59,1603.2000,1606.4500,1603.2000,1606.3000,3500
2015-09-14 10:26:00,1602.9500,1603.2000,1601.1000,1603.2000,4500
2015-09-14 10:27:00,1601.2000,1602.9500,1601.2000,1602.9500,4000
2015-09-14 10:28:00,1603.5000,1603.6500,1601.1000,1601.1000,3000
2015-09-14 10:29:01,1603.0000,1603.8500,1603.0000,1603.7500,2400
2015-09-14 10:30:02,1604.4500,1604.4500,1602.9000,1603.0000,3200
2015-09-14 10:31:01,1604.7000,1605.9000,1604.7000,1604.8500,1600
2015-09-14 10:32:01,1606.6500,1607.0000,1604.6000,1604.7000,2100
2015-09-14 10:33:00,1607.0500,1607.7500,1606.4000,1606.6500,1600
2015-09-14 10:34:00,1606.9000,1607.7500,1606.4500,1606.8500,1800
2015-09-14 10:35:01,1606.8500,1607.0000,1606.0000,1606.7000,1100
2015-09-14 10:36:02,1606.3500,1607.0000,1605.3000,1606.4500,1900
2015-09-14 10:37:07,1606.3000,1607.0000,1605.6000,1606.2500,1400
2015-09-14 10:38:01,1604.1500,1605.5000,1603.7000,1605.2000,1000
2015-09-14 10:39:01,1604.8500,1604.8500,1603.7000,1603.7000,1200
2015-09-14 10:40:05,1604.8000,1605.2500,1604.5000,1604.8000,1400
2015-09-14 10:41:02,1606.8000,1606.8000,1604.2500,1604.8000,1400
2015-09-14 10:42:04,1606.7000,1608.0000,1606.5500,1606.8000,1300
2015-09-14 10:43:04,1605.0000,1606.5000,1605.0000,1606.5000,3100
2015-09-14 10:44:03,1605.3500,1606.0000,1605.0000,1605.2000,2000
2015-09-14 10:45:02,1604.1500,1605.4000,1604.0000,1605.2000,3200
2015-09-14 10:46:01,1603.9500,1605.0000,1603.5000,1604.5000,1800
2015-09-14 10:47:03,1603.1000,1603.9500,1603.1000,1603.6000,1100
2015-09-14 10:48:03,1603.3500,1603.4000,1603.1000,1603.4000,1000
2015-09-14 10:49:00,1602.5500,1603.2000,1602.2000,1603.2000,1800
2015-09-14 10:50:01,1604.1000,1604.1000,1602.5000,1602.7000,1600
2015-09-14 10:51:04,1603.5000,1604.1000,1603.1000,1604.0000,900
2015-09-14 10:52:03,1603.9000,1603.9000,1603.1000,1603.5000,1000
2015-09-14 10:53:00,1604.2000,1604.5500,1603.5000,1603.9000,4000
2015-09-14 10:54:03,1602.7500,1604.0000,1602.7500,1604.0000,700
2015-09-14 10:55:01,1603.9000,1603.9000,1602.7500,1602.7500,1300
2015-09-14 10:56:01,1605.0500,1605.5000,1603.9500,1603.9500,1000
2015-09-14 10:57:00,1605.0000,1606.3000,1604.6000,1605.0500,10000
2015-09-14 10:58:01,1603.4000,1605.0000,1602.9500,1605.0000,3300
2015-09-14 10:59:02,1603.1000,1603.9000,1602.5000,1602.9500,900
2015-09-14 11:00:06,1604.0500,1604.7000,1604.0000,1604.0000,700
2015-09-14 11:01:07,1604.2000,1604.7000,1604.0000,1604.6500,300
2015-09-14 11:02:59,1603.1000,1604.6500,1602.7000,1604.2000,2700
2015-09-14 11:03:59,1603.9500,1604.0000,1603.0000,1603.7000,700
2015-09-14 11:04:01,1603.1500,1604.9000,1603.1500,1604.4000,500
2015-09-14 11:05:03,1603.2500,1604.4000,1602.5500,1603.5500,1400
2015-09-14 11:06:02,1603.1500,1603.2500,1602.5500,1603.2500,400
2015-09-14 11:07:00,1603.4500,1604.2000,1602.1000,1603.1500,1900
2015-09-14 11:08:00,1602.9500,1603.4500,1602.9000,1603.4500,800
2015-09-14 11:09:02,1602.9000,1603.0000,1602.5000,1602.9500,500
2015-09-14 11:10:00,1603.0000,1603.0000,1602.5000,1602.9000,1700
2015-09-14 11:11:59,1603.0000,1603.0000,1602.5000,1602.9000,900
2015-09-14 11:12:00,1603.6000,1603.9500,1602.3500,1603.0000,1600
2015-09-14 11:13:03,1604.0000,1604.0000,1603.6000,1603.6000,400
2015-09-14 11:14:04,1603.7500,1604.0000,1602.9500,1604.0000,2000
2015-09-14 11:15:03,1604.5000,1604.7500,1603.9500,1604.0000,2800
2015-09-14 11:16:00,1605.0000,1605.9500,1604.5500,1604.6000,2600
2015-09-14 11:17:59,1605.0000,1605.4000,1604.3500,1605.0000,700
2015-09-14 11:18:59,1605.1000,1605.1000,1604.8500,1605.0000,500
2015-09-14 11:19:00,1605.0000,1605.1000,1605.0000,1605.1000,500
2015-09-14 11:20:02,1605.0500,1605.7500,1604.8500,1605.0500,1100
2015-09-14 11:21:01,1605.0000,1605.5000,1604.8500,1605.1000,500
2015-09-14 11:22:06,1605.0000,1605.4000,1604.8500,1605.0000,1500
2015-09-14 11:23:01,1605.0000,1605.2000,1604.7000,1605.2000,1600
2015-09-14 11:24:01,1605.0000,1605.4000,1604.8000,1605.2000,1100
2015-09-14 11:25:05,1604.5000,1605.3500,1604.5000,1605.0000,1100
2015-09-14 11:26:00,1603.0000,1604.8000,1602.5500,1604.5000,3600
2015-09-14 11:27:02,1604.0000,1604.0000,1603.0000,1603.0000,3200
2015-09-14 11:28:00,1604.5000,1604.9000,1604.0000,1604.0000,2200
2015-09-14 11:29:00,1604.5000,1605.1000,1604.5000,1604.5000,3300
2015-09-14 11:30:59,1605.3000,1605.3000,1603.7000,1604.5000,4700
2015-09-14 11:31:59,1605.5000,1606.3500,1605.0000,1605.1000,2700
2015-09-14 11:32:00,1605.0000,1605.7500,1605.0000,1605.5000,700
2015-09-14 11:33:00,1605.8500,1605.9500,1605.0000,1605.0000,1500
2015-09-14 11:34:59,1605.0500,1605.8500,1604.5500,1605.1500,4700
2015-09-14 11:35:59,1604.5500,1605.8000,1604.5500,1605.0000,1400
2015-09-14 11:36:00,1604.0000,1604.8000,1604.0000,1604.5500,1100
2015-09-14 11:37:00,1605.0000,1605.9500,1604.0000,1604.0000,3200
2015-09-14 11:38:59,1604.7500,1605.4500,1604.6500,1605.0000,3300
2015-09-14 11:39:00,1605.0000,1605.1000,1605.0000,1605.0000,1100
2015-09-14 11:40:04,1605.0000,1605.1000,1604.7500,1605.0000,1800
2015-09-14 11:41:59,1605.0000,1605.2500,1605.0000,1605.1500,600
2015-09-14 11:42:00,1602.5500,1605.1000,1602.5500,1605.0000,5100
2015-09-14 11:43:59,1602.5500,1603.4500,1602.0000,1602.5500,5200
2015-09-14 11:44:00,1603.3000,1604.9500,1602.8500,1603.1000,2200
2015-09-14 11:45:59,1603.9000,1604.3500,1603.0000,1603.9500,800
2015-09-14 11:46:59,1604.9000,1604.9000,1604.0000,1604.3500,900
2015-09-14 11:47:59,1604.2000,1605.0000,1604.2000,1604.9000,1000
2015-09-14 11:48:00,1604.8000,1605.1000,1604.0000,1604.8000,1200
2015-09-14 11:49:59,1604.0000,1605.0000,1603.8500,1604.9000,800
2015-09-14 11:50:01,1603.4500,1604.9500,1603.4500,1604.0000,1200
2015-09-14 11:51:59,1602.1000,1603.8500,1601.7000,1603.4500,1900
2015-09-14 11:52:00,1602.8500,1603.1500,1601.6500,1602.4000,1500
2015-09-14 11:53:59,1602.5000,1603.2000,1602.0000,1602.9500,2200
2015-09-14 11:54:59,1603.0000,1603.1500,1602.4000,1602.5000,1000
2015-09-14 11:55:00,1602.5500,1603.2000,1602.5500,1602.5500,1600
2015-09-14 11:56:01,1603.1000,1603.2000,1602.5500,1603.2000,1500
2015-09-14 11:57:01,1603.1500,1603.5000,1602.8500,1603.4500,900
2015-09-14 11:58:01,1602.8500,1604.6500,1602.8500,1603.4500,1500
2015-09-14 11:59:01,1603.5500,1604.4500,1603.2500,1604.0000,700
2015-09-14 12:00:00,1604.0000,1604.8500,1603.5500,1603.5500,1800
2015-09-14 12:01:59,1604.8500,1604.8500,1604.2500,1604.5000,1700
2015-09-14 12:02:00,1605.0500,1605.1000,1604.0000,1604.3000,2400
2015-09-14 12:03:59,1603.2000,1605.6500,1603.2000,1605.3000,2700
2015-09-14 12:04:00,1603.5000,1604.6000,1603.5000,1603.7500,1300
2015-09-14 12:05:59,1603.5000,1604.3500,1603.0000,1604.3500,2200
2015-09-14 12:06:00,1604.2500,1604.5000,1603.2000,1603.2000,1600
2015-09-14 12:07:01,1604.0000,1604.5000,1603.7000,1604.5000,800
2015-09-14 12:08:59,1604.6000,1604.9000,1603.9500,1604.0000,1100
2015-09-14 12:09:59,1604.3500,1604.5500,1603.1000,1603.9000,2300
2015-09-14 12:10:59,1603.9000,1604.9500,1603.1500,1604.3500,1600
2015-09-14 12:11:00,1602.5000,1603.9000,1602.5000,1603.2000,3400
2015-09-14 12:12:59,1603.4000,1603.4500,1602.0500,1602.8000,1600
2015-09-14 12:13:59,1602.5000,1603.4000,1602.0000,1602.9500,1400
2015-09-14 12:14:59,1602.9500,1603.0000,1601.6000,1602.0000,2200
2015-09-14 12:15:00,1602.9000,1604.0000,1602.1000,1602.1000,1300
2015-09-14 12:16:59,1602.2000,1602.8500,1602.0000,1602.1000,1400
2015-09-14 12:17:00,1602.5000,1602.5000,1601.9500,1602.0000,1100
2015-09-14 12:18:00,1600.0500,1602.5000,1600.0000,1602.5000,3100
2015-09-14 12:19:00,1599.4500,1600.5000,1598.5000,1600.5000,5400
2015-09-14 12:20:00,1600.5000,1601.7000,1598.6500,1598.7000,2600
2015-09-14 12:21:00,1601.0000,1602.0000,1600.5000,1600.5000,1200
2015-09-14 12:22:00,1600.2500,1601.5000,1600.2500,1600.7500,1200
2015-09-14 12:23:01,1599.0000,1600.3000,1599.0000,1600.3000,1200
2015-09-14 12:24:01,1599.0000,1599.5500,1598.9000,1598.9000,500
2015-09-14 12:25:00,1598.9000,1599.4000,1598.9000,1599.0000,700
2015-09-14 12:26:00,1598.7500,1599.0000,1598.6000,1598.6000,1000
2015-09-14 12:27:01,1598.3500,1598.9500,1598.3500,1598.8000,2400
2015-09-14 12:28:02,1598.0000,1598.4500,1597.0000,1598.4500,4800
2015-09-14 12:29:00,1597.7000,1598.0000,1596.8500,1598.0000,1800
2015-09-14 12:30:01,1598.0000,1598.5000,1597.4000,1597.7000,1700
2015-09-14 12:31:00,1598.9000,1598.9000,1598.0000,1598.0000,3200
2015-09-14 12:32:59,1598.7500,1599.0000,1598.1000,1598.9000,1600
2015-09-14 12:33:00,1599.5500,1599.5500,1598.7000,1598.7500,2100
2015-09-14 12:34:00,1597.6000,1599.4500,1597.6000,1599.4000,2000
2015-09-14 12:35:59,1593.0000,1598.0000,1593.0000,1598.0000,10100
2015-09-14 12:36:59,1594.3500,1594.9500,1592.5000,1593.0000,5000
2015-09-14 12:37:00,1595.4000,1595.4000,1594.2000,1594.7500,2000
2015-09-14 12:38:01,1594.5500,1595.5000,1594.2000,1594.8000,1900
2015-09-14 12:39:59,1590.0000,1594.5500,1588.2000,1594.5500,17200
2015-09-14 12:40:00,1592.2500,1592.2500,1589.5000,1590.2000,5200
2015-09-14 12:41:02,1592.8500,1593.5000,1592.0000,1592.3500,3600
2015-09-14 12:42:00,1593.3000,1593.9500,1592.5000,1592.8500,2200
2015-09-14 12:43:00,1593.6000,1594.3500,1592.8000,1593.2500,1800
2015-09-14 12:44:00,1593.2500,1595.0000,1593.2500,1594.3500,2800
2015-09-14 12:45:58,1593.0000,1593.7500,1592.9500,1593.7500,1200
2015-09-14 12:46:58,1593.0000,1593.0500,1592.0000,1593.0000,1500
2015-09-14 12:47:00,1592.5500,1593.8000,1592.5500,1593.0500,1500
2015-09-14 12:48:59,1594.0000,1594.2000,1592.6500,1592.6500,800
2015-09-14 12:49:00,1596.3000,1597.1000,1594.2000,1594.2000,2000
2015-09-14 12:50:05,1597.3000,1597.6500,1595.8000,1597.1000,2300
2015-09-14 12:51:59,1598.9000,1598.9500,1597.5000,1597.5000,4100
2015-09-14 12:52:00,1598.3000,1599.0000,1598.1500,1598.2000,2100
2015-09-14 12:53:00,1596.6000,1598.6000,1596.6000,1598.3000,2200
2015-09-14 12:54:00,1598.7000,1598.7000,1596.5000,1596.5000,1900
2015-09-14 12:55:01,1600.0000,1601.0000,1598.6500,1598.9000,5000
2015-09-14 12:56:59,1601.4000,1601.5000,1599.5000,1600.3000,2700
2015-09-14 12:57:59,1602.9500,1602.9500,1601.0500,1601.4000,8500
2015-09-14 12:58:00,1601.6000,1603.0000,1601.5500,1603.0000,3800
2015-09-14 12:59:59,1601.0000,1602.1000,1600.5000,1602.0000,2300
2015-09-14 13:00:59,1600.6000,1601.0000,1600.0000,1601.0000,3100
2015-09-14 13:01:00,1599.3500,1600.5500,1599.3000,1600.5500,1400
2015-09-14 13:02:01,1598.0000,1599.3500,1597.4000,1599.3500,1000
2015-09-14 13:03:59,1597.8000,1598.0000,1597.5500,1598.0000,500
2015-09-14 13:04:59,1598.7500,1599.2000,1597.5500,1597.9000,900
2015-09-14 13:05:59,1598.5000,1599.0000,1598.2000,1598.8500,900
2015-09-14 13:06:00,1600.2500,1601.3500,1599.2000,1600.1000,5300
2015-09-14 13:07:59,1599.4500,1600.2000,1598.7500,1600.2000,1000
2015-09-14 13:08:59,1600.0000,1600.0000,1599.2000,1599.2500,2400
2015-09-14 13:09:59,1601.3500,1601.4500,1599.7500,1600.0000,1600
2015-09-14 13:10:59,1603.8500,1603.9000,1601.1000,1601.3500,3100
2015-09-14 13:11:00,1602.0000,1603.9500,1600.0000,1603.8500,3800
2015-09-14 13:12:01,1603.9000,1603.9500,1602.3500,1602.3500,2400
2015-09-14 13:13:01,1604.0000,1605.0000,1603.0500,1603.0500,5400
2015-09-14 13:14:01,1604.9500,1604.9500,1603.4500,1603.6500,800
2015-09-14 13:15:59,1604.6000,1605.5000,1604.1500,1604.4500,4100
2015-09-14 13:16:59,1603.7500,1605.2000,1603.2000,1605.2000,1000
2015-09-14 13:17:00,1604.0000,1604.0000,1603.1500,1603.7500,700
2015-09-14 13:18:59,1605.0000,1605.2500,1603.5000,1603.7000,2300
2015-09-14 13:19:59,1605.2500,1605.2500,1603.3500,1605.2000,2500
2015-09-14 13:20:00,1604.4500,1605.2500,1604.1000,1605.2000,1100
2015-09-14 13:21:00,1605.5500,1605.5500,1604.5500,1604.9000,3200
2015-09-14 13:22:01,1605.0000,1605.4500,1604.7500,1605.4500,700
2015-09-14 13:23:01,1604.5500,1605.0000,1604.1500,1605.0000,800
2015-09-14 13:24:01,1602.9000,1604.7500,1602.5500,1604.7500,2200
2015-09-14 13:25:01,1604.5000,1604.5000,1602.5000,1602.9000,1400
2015-09-14 13:26:59,1604.1500,1604.6500,1603.6000,1604.6500,600
2015-09-14 13:27:59,1604.0000,1604.1500,1603.8000,1603.8000,500
2015-09-14 13:28:00,1602.8500,1603.8500,1602.5000,1603.8500,1500
2015-09-14 13:29:58,1602.6000,1602.9500,1602.5000,1602.8500,400
2015-09-14 13:30:00,1602.8000,1602.8000,1602.0000,1602.7000,800
2015-09-14 13:31:01,1603.9000,1603.9000,1602.0500,1602.8000,1200
2015-09-14 13:32:01,1604.3500,1605.0000,1602.7000,1603.8000,2700
2015-09-14 13:33:01,1602.8000,1604.5000,1602.5000,1603.4500,700
2015-09-14 13:34:01,1604.0000,1604.1000,1602.2500,1602.8000,1000
2015-09-14 13:35:01,1602.0500,1603.9500,1602.0500,1603.9500,1000
2015-09-14 13:36:00,1603.0000,1603.3500,1602.0500,1602.7500,1500
2015-09-14 13:37:01,1603.1000,1603.1000,1602.0000,1603.0000,500
2015-09-14 13:38:00,1602.0500,1603.0000,1602.0000,1603.0000,400
2015-09-14 13:39:02,1602.4000,1602.7500,1601.6000,1602.7500,1600
2015-09-14 13:40:01,1599.2500,1602.3000,1598.8500,1602.0000,2600
2015-09-14 13:41:00,1599.8500,1599.9000,1599.0500,1599.2000,700
2015-09-14 13:42:59,1600.1000,1601.9500,1599.1500,1599.8000,2400
2015-09-14 13:43:00,1602.0000,1602.0000,1600.3500,1601.0500,700
2015-09-14 13:44:01,1602.2000,1602.5000,1602.0000,1602.0000,500
2015-09-14 13:45:00,1601.3000,1602.5000,1601.1500,1602.5000,600
2015-09-14 13:46:00,1602.3500,1602.6500,1601.5500,1602.0000,800
2015-09-14 13:47:59,1598.8000,1602.4000,1598.0000,1602.4000,2200
2015-09-14 13:48:59,1597.3000,1598.8000,1596.1500,1598.8000,3700
2015-09-14 13:49:00,1598.0000,1598.2500,1596.5000,1597.2000,900
2015-09-14 13:50:00,1597.6000,1598.8000,1597.6000,1598.5000,2300
2015-09-14 13:51:00,1597.3000,1598.1000,1597.3000,1598.0000,800
2015-09-14 13:52:00,1597.2000,1598.0000,1597.2000,1598.0000,1300
2015-09-14 13:53:01,1597.7500,1597.9500,1597.1000,1597.6500,800
2015-09-14 13:54:01,1596.7000,1597.7500,1596.2000,1597.7000,1900
2015-09-14 13:55:59,1596.3000,1596.4500,1595.2000,1596.2000,2400
2015-09-14 13:56:00,1596.5000,1597.6000,1596.0000,1596.3000,1200
2015-09-14 13:57:00,1596.2000,1597.2000,1596.0000,1597.2000,2200
2015-09-14 13:58:59,1598.5000,1598.7000,1596.5000,1596.5000,1600
2015-09-14 13:59:59,1598.6500,1598.9500,1598.0500,1598.4000,800
2015-09-14 14:00:00,1598.5000,1598.9500,1598.0500,1598.0500,500
2015-09-14 14:01:59,1599.5000,1599.5000,1598.3000,1598.5000,400
2015-09-14 14:02:00,1599.2500,1599.9500,1598.6500,1598.6500,900
2015-09-14 14:03:00,1599.2500,1599.9500,1598.8000,1599.5000,1000
2015-09-14 14:04:01,1598.9000,1599.0500,1598.8000,1599.0500,500
2015-09-14 14:05:59,1598.2500,1598.9000,1598.0000,1598.9000,1100
2015-09-14 14:06:59,1599.1000,1599.2000,1597.5500,1598.0000,2300
2015-09-14 14:07:00,1599.3000,1600.0000,1598.4000,1599.1000,2200
2015-09-14 14:08:01,1599.8500,1599.9500,1598.8500,1599.3000,500
2015-09-14 14:09:02,1599.0000,1599.8500,1598.6000,1599.8500,700
2015-09-14 14:10:02,1597.0000,1599.0000,1596.2500,1599.0000,1500
2015-09-14 14:11:59,1596.8000,1597.5000,1596.3000,1596.6000,1400
2015-09-14 14:12:59,1596.0000,1596.5000,1595.4000,1596.3500,1900
2015-09-14 14:13:00,1596.8000,1596.8000,1595.9500,1596.0000,1100
2015-09-14 14:14:01,1597.9000,1597.9000,1596.1000,1596.1000,1200
2015-09-14 14:15:01,1597.5000,1597.9500,1596.5000,1597.7000,1000
2015-09-14 14:16:02,1598.6000,1598.6500,1597.3000,1597.5000,700
2015-09-14 14:17:02,1598.0000,1598.4000,1597.7500,1598.4000,600
2015-09-14 14:18:01,1598.8000,1598.8000,1598.0000,1598.0000,700
2015-09-14 14:19:01,1598.9500,1598.9500,1598.0500,1598.7500,800
2015-09-14 14:20:58,1598.3000,1598.8500,1598.0000,1598.5000,700
2015-09-14 14:21:58,1597.7000,1598.3000,1597.7000,1598.3000,1000
2015-09-14 14:22:59,1597.0000,1597.7500,1596.6000,1597.7500,1200
2015-09-14 14:23:58,1596.8000,1597.0000,1596.5500,1597.0000,400
2015-09-14 14:24:59,1598.4000,1598.4000,1596.7000,1596.9500,900
2015-09-14 14:25:01,1597.7000,1598.5000,1597.7000,1598.4500,500
2015-09-14 14:26:01,1597.4500,1598.0000,1597.4000,1597.8500,600
2015-09-14 14:27:01,1599.5000,1599.5000,1597.4500,1597.4500,1800
2015-09-14 14:28:59,1599.4000,1599.5000,1598.5000,1599.3000,900
2015-09-14 14:29:00,1598.7500,1599.5000,1598.1000,1599.5000,1600
2015-09-14 14:30:01,1597.6000,1598.7500,1597.4500,1598.5000,900
2015-09-14 14:31:00,1597.4500,1598.3500,1597.4500,1597.8500,700
2015-09-14 14:32:00,1597.8000,1598.0000,1597.0000,1598.0000,800
2015-09-14 14:33:59,1599.5000,1599.5000,1597.4000,1597.8000,800
2015-09-14 14:34:59,1600.9500,1600.9500,1599.0000,1599.4500,2400
2015-09-14 14:35:00,1599.9500,1600.5000,1599.1500,1599.8500,1300
2015-09-14 14:36:59,1599.5500,1600.1500,1599.0000,1600.0000,600
2015-09-14 14:37:00,1600.6000,1602.0000,1599.3500,1599.5500,1500
2015-09-14 14:38:00,1600.5000,1602.0000,1600.5000,1601.2500,2300
2015-09-14 14:39:00,1600.3000,1600.6000,1599.5000,1600.5000,1600
2015-09-14 14:40:01,1598.8000,1600.3000,1598.3500,1600.3000,1800
2015-09-14 14:41:01,1597.7500,1598.8500,1597.3000,1598.5500,3500
2015-09-14 14:42:01,1599.9000,1599.9000,1597.5500,1597.8000,2200
2015-09-14 14:43:01,1600.0000,1600.0000,1599.5000,1599.9000,1400
2015-09-14 14:44:02,1602.0000,1602.0000,1600.2500,1600.2500,3700
2015-09-14 14:45:59,1602.9000,1603.4000,1601.7500,1602.0000,2900
2015-09-14 14:46:59,1604.4500,1605.0000,1602.8000,1602.8500,4700
2015-09-14 14:47:00,1602.5000,1605.0000,1601.1000,1605.0000,3800
2015-09-14 14:48:00,1604.5000,1604.7500,1603.0000,1603.0000,4100
2015-09-14 14:49:01,1604.1000,1605.0000,1604.0500,1604.7000,6100
2015-09-14 14:50:59,1603.0500,1604.8000,1602.4000,1604.1000,2800
2015-09-14 14:51:00,1603.5000,1603.9500,1603.2500,1603.4500,3400
2015-09-14 14:52:01,1603.5000,1604.0000,1603.0000,1603.9000,1500
2015-09-14 14:53:00,1603.1000,1604.3500,1603.0000,1603.0000,3100
2015-09-14 14:54:59,1603.8000,1604.0000,1602.5000,1602.7000,1400
2015-09-14 14:55:00,1603.2000,1604.1000,1602.3500,1603.8000,2800
2015-09-14 14:56:01,1602.8000,1603.0000,1601.4000,1603.0000,2800
2015-09-14 14:57:01,1602.6000,1603.6000,1602.1500,1602.8000,1500
2015-09-14 14:58:01,1603.1000,1603.1000,1602.4500,1602.6000,1100
2015-09-14 14:59:59,1603.9000,1604.0000,1603.1500,1603.1500,2600
2015-09-14 15:00:59,1602.7000,1604.0000,1602.6000,1603.3000,3600
2015-09-14 15:01:00,1604.1000,1604.1000,1602.7000,1602.7000,6100
2015-09-14 15:02:59,1605.6000,1606.0500,1604.1000,1604.1000,8600
2015-09-14 15:03:59,1604.3500,1606.0500,1603.7500,1605.9500,5500
2015-09-14 15:04:00,1603.6500,1604.7000,1602.5500,1604.0000,4300
2015-09-14 15:05:01,1603.4500,1604.5500,1602.5000,1604.0500,3800
2015-09-14 15:06:01,1603.0500,1604.5000,1602.9500,1603.4000,4000
2015-09-14 15:07:00,1605.0000,1605.0000,1603.3000,1603.8000,4400
2015-09-14 15:08:59,1602.9000,1604.9500,1602.2000,1604.9500,3600
2015-09-14 15:09:00,1602.0000,1603.7000,1601.4500,1602.0000,6600
2015-09-14 15:10:01,1602.0000,1603.2500,1601.7000,1601.7000,4400
2015-09-14 15:11:01,1599.2000,1603.0000,1599.2000,1602.5500,5000
2015-09-14 15:12:59,1598.1000,1599.9500,1597.0000,1599.8500,5700
2015-09-14 15:13:00,1599.8500,1599.9500,1597.0000,1598.0000,3400
2015-09-14 15:14:01,1600.5000,1602.8500,1599.3000,1599.7500,10700
2015-09-14 15:15:59,1603.5000,1604.0000,1599.2000,1601.4000,17200
2015-09-14 15:16:00,1603.1500,1604.3500,1601.9000,1603.4000,11100
2015-09-14 15:17:59,1604.5000,1604.7000,1602.0000,1604.4000,8500
2015-09-14 15:18:59,1604.8000,1604.8000,1602.3500,1603.1500,8700
2015-09-14 15:19:00,1605.0000,1605.0000,1603.2500,1603.5000,8600
2015-09-14 15:20:59,1605.0500,1605.0500,1603.9000,1603.9000,8400
2015-09-14 15:21:59,1604.5000,1605.9500,1604.0000,1605.1000,9600
2015-09-14 15:22:00,1603.8500,1605.5000,1603.1000,1604.5000,8200
2015-09-14 15:23:59,1604.9000,1605.5000,1603.3500,1603.3500,10000
2015-09-14 15:24:59,1605.0000,1605.4500,1604.1000,1604.1500,9600
2015-09-14 15:25:59,1606.7500,1607.2000,1605.0000,1605.9000,11400
2015-09-14 15:26:59,1609.1000,1609.9500,1606.3000,1606.7500,9600
2015-09-14 15:27:00,1609.0000,1609.9500,1607.7500,1609.1000,10300
2015-09-14 15:28:59,1610.0500,1610.5000,1605.9000,1609.0000,17200
2015-09-14 15:29:59,1619.0000,1619.0000,1610.0000,1610.5000,42100
2015-09-14 15:30:00,1605.9500,1605.9500,1605.9500,1605.9500,500
2015-09-15 09:15:01,1604.3000,1605.9500,1603.2000,1604.0000,11600
2015-09-15 09:16:01,1606.5500,1606.5500,1602.1500,1603.6500,5500
2015-09-15 09:17:59,1609.6000,1609.7000,1606.0500,1606.7000,5000
2015-09-15 09:18:59,1612.0500,1612.0500,1608.1500,1609.3000,8700
2015-09-15 09:19:59,1610.5000,1612.5500,1609.0000,1612.5500,9100
2015-09-15 09:20:00,1607.9500,1610.5500,1606.8000,1610.5500,6000
2015-09-15 09:21:59,1611.4000,1611.9000,1607.5500,1607.6500,4400
2015-09-15 09:22:59,1612.7500,1612.9000,1611.0000,1611.5000,5300
2015-09-15 09:23:59,1614.2000,1614.4000,1612.5000,1612.6500,6900
2015-09-15 09:24:00,1610.0000,1614.1000,1609.9000,1614.1000,6100
2015-09-15 09:25:59,1608.9000,1609.9500,1607.5000,1609.5500,3900
2015-09-15 09:26:00,1609.5500,1610.5000,1607.9000,1608.9000,3000
2015-09-15 09:27:01,1609.4000,1610.4000,1607.9000,1609.2500,2400
2015-09-15 09:28:01,1610.4000,1611.3000,1609.0500,1609.8000,2100
2015-09-15 09:29:59,1611.0000,1612.0000,1609.5000,1610.1500,4500
2015-09-15 09:30:59,1611.5000,1612.7500,1611.0000,1611.5000,5000
2015-09-15 09:31:59,1610.0000,1611.5000,1610.0000,1611.2000,3400
2015-09-15 09:32:00,1608.2000,1610.4000,1607.8500,1610.4000,3100
2015-09-15 09:33:00,1608.8000,1609.7500,1608.0500,1608.2000,2900
2015-09-15 09:34:00,1605.5000,1608.5000,1605.5000,1608.5000,3500
2015-09-15 09:35:59,1607.0000,1607.5500,1605.5500,1605.8500,2400
2015-09-15 09:36:00,1605.1000,1606.7000,1605.1000,1606.7000,2500
2015-09-15 09:37:59,1604.8000,1606.0000,1604.8000,1605.3500,3200
2015-09-15 09:38:00,1606.8000,1606.8000,1604.0000,1604.8000,3400
2015-09-15 09:39:59,1604.2000,1606.6000,1604.0000,1606.3000,2700
2015-09-15 09:40:59,1603.4000,1605.8000,1603.4000,1604.0000,4700
2015-09-15 09:41:59,1603.3500,1604.8000,1603.3500,1603.9000,3300
2015-09-15 09:42:59,1603.0000,1603.9500,1602.0500,1603.3000,3200
2015-09-15 09:43:00,1602.8500,1603.2500,1601.0500,1603.2500,3100
2015-09-15 09:44:59,1603.5000,1603.7500,1601.8500,1602.8000,3000
2015-09-15 09:45:59,1603.7500,1603.7500,1601.5000,1603.5000,4300
2015-09-15 09:46:59,1602.0000,1604.7000,1602.0000,1603.4500,7400
2015-09-15 09:47:59,1599.1500,1602.7000,1598.9000,1602.4500,14200
2015-09-15 09:48:00,1600.9000,1601.0000,1599.1500,1599.1500,9900
2015-09-15 09:49:00,1598.8000,1600.9500,1598.0000,1600.0500,7200
2015-09-15 09:50:59,1597.6000,1599.0000,1596.4500,1598.1000,8500
2015-09-15 09:51:59,1599.5000,1600.6000,1598.4000,1598.8000,5700
2015-09-15 09:52:58,1598.5000,1600.8000,1597.6000,1600.4500,4700
2015-09-15 09:53:59,1595.1500,1598.6000,1595.1500,1597.7000,9500
2015-09-15 09:54:59,1594.4000,1595.1500,1593.2500,1595.0500,25100
2015-09-15 09:55:59,1595.0000,1595.2500,1593.5000,1593.5000,8100
2015-09-15 09:56:59,1593.0000,1595.2000,1593.0000,1594.9000,8700
2015-09-15 09:57:59,1593.8000,1593.8000,1591.1500,1593.0500,10300
2015-09-15 09:58:58,1592.5000,1594.4000,1592.0500,1593.1000,6800
2015-09-15 09:59:59,1591.3000,1592.6500,1590.7000,1592.6500,4900
2015-09-15 10:00:59,1589.1500,1591.5000,1589.0000,1591.3000,10100
2015-09-15 10:01:59,1589.8500,1589.9500,1589.0000,1589.4500,15700
2015-09-15 10:02:59,1584.1500,1589.2500,1583.5000,1589.2000,27000
2015-09-15 10:03:59,1585.9500,1586.1000,1582.9500,1583.2500,17600
2015-09-15 10:04:59,1585.9500,1588.0000,1585.0000,1586.0000,10800
2015-09-15 10:05:00,1586.0000,1586.9000,1585.3500,1585.6000,5400
2015-09-15 10:06:59,1586.0000,1586.0000,1584.4500,1585.7000,6600
2015-09-15 10:07:59,1586.4500,1586.6500,1585.4500,1585.5500,2900
2015-09-15 10:08:00,1585.5000,1586.4500,1585.0000,1586.4500,11000
2015-09-15 10:09:59,1584.3500,1585.9500,1584.3500,1585.0000,9800
2015-09-15 10:10:59,1585.2500,1587.2000,1584.3000,1584.3000,4800
2015-09-15 10:11:59,1584.6500,1585.6500,1583.2000,1585.6500,7800
2015-09-15 10:12:59,1585.4000,1585.4000,1584.0000,1584.7000,2600
2015-09-15 10:13:00,1586.0000,1586.9000,1585.6000,1585.7500,2600
2015-09-15 10:14:59,1585.5000,1586.4500,1585.0000,1586.0500,2400
2015-09-15 10:15:00,1585.3000,1585.9000,1585.0000,1585.1500,3100
2015-09-15 10:16:00,1585.0000,1585.3500,1585.0000,1585.0000,9200
2015-09-15 10:17:59,1584.0000,1585.1000,1583.0000,1585.0000,9100
2015-09-15 10:18:59,1580.7000,1583.0000,1580.7000,1583.0000,10000
2015-09-15 10:19:59,1580.1000,1581.7000,1580.0000,1580.7000,13400
2015-09-15 10:20:00,1581.0000,1582.2000,1579.0000,1580.1000,13000
2015-09-15 10:21:59,1578.7000,1582.9500,1578.7000,1581.5000,10000
2015-09-15 10:22:59,1577.1000,1579.0500,1577.0000,1579.0000,13800
2015-09-15 10:23:59,1575.1000,1578.3000,1575.0000,1577.1000,19500
2015-09-15 10:24:59,1576.3000,1577.9500,1575.0000,1575.0000,4900
2015-09-15 10:25:59,1577.6000,1578.0000,1575.3500,1577.0000,4300
2015-09-15 10:26:59,1577.2500,1578.2500,1577.2500,1578.1000,4200
2015-09-15 10:27:59,1574.3500,1578.0000,1573.7500,1577.2500,20400
2015-09-15 10:28:58,1576.8000,1576.9500,1574.0000,1574.0000,7300
2015-09-15 10:29:58,1577.0000,1577.3000,1576.0000,1576.7000,3600
2015-09-15 10:30:59,1578.0000,1578.5000,1576.8500,1577.0000,11100
2015-09-15 10:31:59,1577.0000,1578.5500,1577.0000,1578.0000,11100
2015-09-15 10:32:59,1576.6500,1577.2500,1576.0000,1577.0000,10800
2015-09-15 10:33:59,1576.5000,1577.2500,1576.2500,1577.2500,3700
2015-09-15 10:34:59,1576.6500,1577.0000,1575.5500,1576.5000,2500
2015-09-15 10:35:59,1576.5000,1577.0000,1575.5000,1576.6500,3200
2015-09-15 10:36:59,1575.5500,1576.4500,1575.2000,1576.4500,2800
2015-09-15 10:37:59,1572.0000,1576.0000,1572.0000,1575.5500,10400
2015-09-15 10:38:59,1572.2500,1572.4500,1571.0000,1571.5000,11500
2015-09-15 10:39:58,1573.1500,1574.1500,1572.2500,1572.2500,6200
2015-09-15 10:40:59,1571.5000,1574.3000,1571.5000,1573.1500,12300
2015-09-15 10:41:00,1568.5000,1571.9000,1568.5000,1571.2000,27900
2015-09-15 10:42:59,1569.8500,1571.4000,1568.5000,1568.5000,16400
2015-09-15 10:43:59,1570.1000,1570.3000,1568.9500,1569.6000,8800
2015-09-15 10:44:59,1570.1000,1570.9000,1569.7000,1570.1000,3600
2015-09-15 10:45:59,1571.8500,1572.4500,1570.2500,1570.5000,12300
2015-09-15 10:46:59,1570.9000,1574.0000,1570.9000,1571.8500,9500
2015-09-15 10:47:59,1569.3000,1571.2000,1569.3000,1571.2000,11000
2015-09-15 10:48:00,1570.0000,1570.5000,1569.0000,1569.2500,4400
2015-09-15 10:49:59,1569.3000,1570.0000,1569.1500,1569.3000,3000
2015-09-15 10:50:59,1570.0000,1570.2500,1569.1000,1569.9000,3600
2015-09-15 10:51:00,1569.0000,1570.2500,1569.0000,1570.0000,5900
2015-09-15 10:52:59,1568.5000,1569.4000,1568.5000,1569.0000,13700
2015-09-15 10:53:00,1567.4000,1569.0000,1566.3000,1568.5000,12300
2015-09-15 10:54:59,1569.0000,1569.0000,1566.2000,1567.0000,6400
2015-09-15 10:55:00,1568.0000,1570.5000,1568.0000,1569.0000,9300
2015-09-15 10:56:59,1570.0000,1570.0000,1568.1000,1568.9000,3400
2015-09-15 10:57:00,1568.7500,1570.0000,1568.5000,1570.0000,5100
2015-09-15 10:58:59,1569.0000,1570.0000,1568.5000,1568.8000,4000
2015-09-15 10:59:59,1568.8000,1570.0000,1568.5000,1569.0000,8800
2015-09-15 11:00:58,1569.6000,1570.0000,1569.0000,1569.8000,2900
2015-09-15 11:01:59,1568.9500,1570.0000,1568.1000,1569.7000,7000
2015-09-15 11:02:59,1568.9500,1569.1500,1568.1000,1568.9500,5200
2015-09-15 11:03:59,1570.0000,1570.0000,1568.5000,1568.5000,3700
2015-09-15 11:04:59,1570.0000,1570.1500,1569.2000,1569.3000,7000
2015-09-15 11:05:59,1569.9000,1570.1500,1569.0500,1569.3000,8400
2015-09-15 11:06:00,1569.0000,1570.2000,1569.0000,1569.4500,5100
2015-09-15 11:07:59,1569.1500,1570.0000,1569.0000,1569.4000,9000
2015-09-15 11:08:00,1569.9000,1569.9000,1569.0000,1569.1500,8200
2015-09-15 11:09:01,1569.2000,1570.0000,1569.0500,1569.8000,2400
2015-09-15 11:10:59,1568.6000,1569.9500,1568.6000,1569.2000,60400
2015-09-15 11:11:59,1568.0500,1569.1500,1568.0000,1568.6000,4800
2015-09-15 11:12:59,1563.0500,1568.9000,1563.0000,1568.0500,29200
2015-09-15 11:13:59,1562.0000,1566.0000,1561.1000,1563.3000,27300
2015-09-15 11:14:58,1561.9500,1562.4500,1560.3500,1561.3500,11100
2015-09-15 11:15:59,1563.0000,1563.4000,1561.6000,1561.8000,13800
2015-09-15 11:16:59,1562.7500,1563.8500,1562.0000,1563.8000,14200
2015-09-15 11:17:59,1564.6000,1564.7000,1562.3000,1563.2000,15300
2015-09-15 11:18:59,1564.8000,1565.5000,1564.0000,1564.6500,6700
2015-09-15 11:19:59,1565.6000,1565.8500,1564.3500,1564.8000,3800
2015-09-15 11:20:58,1564.5000,1565.8000,1564.2500,1565.8000,4100
2015-09-15 11:21:59,1563.0500,1565.0000,1563.0500,1564.5000,8100
2015-09-15 11:22:59,1564.9000,1565.4500,1563.0000,1563.5000,5300
2015-09-15 11:23:59,1564.4000,1564.9000,1563.3000,1564.8500,3900
2015-09-15 11:24:59,1565.3000,1565.6000,1563.4500,1564.2000,6000
2015-09-15 11:25:59,1564.3500,1565.5000,1562.5500,1565.0000,7200
2015-09-15 11:26:59,1563.9000,1564.4500,1561.6000,1563.1500,12300
2015-09-15 11:27:59,1564.1000,1564.9500,1563.0000,1563.3500,8600
2015-09-15 11:28:59,1564.6500,1565.0000,1564.0000,1564.8500,3400
2015-09-15 11:29:00,1564.9000,1565.5500,1564.1500,1564.3500,2600
2015-09-15 11:30:59,1565.0000,1565.9000,1564.2500,1565.1000,3800
2015-09-15 11:31:59,1564.9000,1565.8000,1564.1500,1565.1500,3700
2015-09-15 11:32:59,1563.5500,1564.9000,1563.0000,1564.9000,8900
2015-09-15 11:33:59,1563.5500,1564.8500,1563.0000,1563.1000,5100
2015-09-15 11:34:59,1563.7000,1564.8000,1563.0000,1563.2500,4100
2015-09-15 11:35:59,1563.5500,1564.8000,1563.0500,1564.8000,6500
2015-09-15 11:36:59,1564.7500,1564.8000,1563.5500,1564.4000,3200
2015-09-15 11:37:59,1563.4500,1565.0000,1563.4500,1564.8000,6200
2015-09-15 11:38:59,1564.0000,1564.9500,1563.5000,1564.5500,3300
2015-09-15 11:39:59,1564.0500,1565.0000,1563.4500,1564.4000,5800
2015-09-15 11:40:59,1564.5000,1564.9000,1563.4000,1564.9000,3000
2015-09-15 11:41:59,1565.4000,1565.8000,1564.3500,1564.5000,1800
2015-09-15 11:42:00,1565.2500,1565.6500,1564.5500,1565.6000,2000
2015-09-15 11:43:59,1563.5500,1565.2500,1563.5000,1565.1500,4400
2015-09-15 11:44:59,1564.0000,1565.0000,1563.5000,1564.7500,2900
2015-09-15 11:45:59,1564.6000,1564.9500,1563.4000,1564.0000,4500
2015-09-15 11:46:59,1564.9500,1564.9500,1563.7000,1564.6000,4400
2015-09-15 11:47:59,1565.0000,1565.0000,1563.0000,1564.0500,8900
2015-09-15 11:48:59,1564.8500,1565.4000,1563.9500,1565.0000,58300
2015-09-15 11:49:59,1564.9500,1565.0000,1563.2000,1565.0000,9200
2015-09-15 11:50:59,1565.2000,1565.3000,1564.0000,1564.9500,2900
2015-09-15 11:51:00,1565.0500,1565.3000,1564.1000,1565.1000,5100
2015-09-15 11:52:59,1565.9000,1565.9000,1565.0000,1565.5000,4000
2015-09-15 11:53:00,1565.9500,1566.2500,1564.6000,1566.2500,2800
2015-09-15 11:54:01,1565.5500,1565.9500,1565.0000,1565.5000,2900
2015-09-15 11:55:01,1566.0000,1566.1000,1565.0000,1565.9500,3200
2015-09-15 11:56:59,1565.7000,1566.2000,1565.5000,1565.7500,1500
2015-09-15 11:57:00,1566.0000,1566.0000,1565.0000,1565.5000,2300
2015-09-15 11:58:01,1565.9500,1566.4000,1565.7000,1565.9500,2200
2015-09-15 11:59:59,1565.5000,1566.0000,1565.1500,1565.9500,1700
2015-09-15 12:00:59,1565.9500,1566.3000,1565.2000,1565.2000,3100
2015-09-15 12:01:59,1565.8500,1565.9500,1565.0500,1565.6500,1600
2015-09-15 12:02:59,1566.6500,1566.6500,1565.8000,1566.1000,1400
2015-09-15 12:03:59,1568.0000,1568.5000,1566.7000,1566.8500,4300
2015-09-15 12:04:59,1568.3000,1568.5000,1567.0000,1568.0000,3000
2015-09-15 12:05:00,1566.2000,1569.1000,1566.1500,1568.3000,6400
2015-09-15 12:06:59,1566.4500,1566.9000,1566.0000,1566.2000,3100
2015-09-15 12:07:00,1567.3000,1567.9000,1566.3000,1566.4500,1900
2015-09-15 12:08:59,1566.7000,1567.8000,1566.0000,1567.5500,2600
2015-09-15 12:09:00,1566.5000,1567.6000,1566.1500,1566.9500,2900
2015-09-15 12:10:01,1566.7500,1567.2500,1566.1000,1566.3500,2800
2015-09-15 12:11:59,1566.0000,1567.3500,1566.0000,1567.1000,3400
2015-09-15 12:12:59,1565.0000,1566.4500,1565.0000,1566.4500,4400
2015-09-15 12:13:59,1567.3000,1567.3000,1563.1000,1565.0500,8500
2015-09-15 12:14:00,1566.8500,1568.1000,1566.4000,1567.3500,8600
2015-09-15 12:15:59,1567.0000,1567.0000,1565.4500,1566.8000,4900
2015-09-15 12:16:00,1567.9500,1568.0000,1566.7500,1567.0500,5700
2015-09-15 12:17:59,1569.0000,1569.3500,1568.0500,1568.0500,7000
2015-09-15 12:18:59,1569.4500,1569.4500,1568.4500,1568.7500,9500
2015-09-15 12:19:59,1570.0000,1570.0000,1568.2500,1569.5000,10100
2015-09-15 12:20:59,1569.8000,1570.0000,1567.5000,1569.8000,12500
2015-09-15 12:21:59,1567.6500,1569.8000,1566.0000,1569.5000,18600
2015-09-15 12:22:59,1568.6000,1568.6500,1568.0000,1568.1500,10300
2015-09-15 12:23:59,1569.5000,1569.8000,1568.5500,1568.6000,2400
2015-09-15 12:24:59,1569.5000,1569.8000,1568.3000,1569.7500,2700
2015-09-15 12:25:59,1569.9000,1570.0000,1568.8500,1569.5000,1900
2015-09-15 12:26:59,1570.0000,1570.8000,1569.5000,1569.9000,5000
2015-09-15 12:27:59,1570.0000,1571.3000,1569.7000,1570.4500,6400
2015-09-15 12:28:00,1569.7500,1570.4000,1569.3000,1570.0000,2100
2015-09-15 12:29:01,1570.8500,1571.0000,1569.0500,1569.7000,2900
2015-09-15 12:30:59,1571.5000,1571.5000,1570.3000,1570.7000,2800
2015-09-15 12:31:59,1571.5000,1571.9000,1571.0000,1571.5500,3200
2015-09-15 12:32:00,1570.8500,1571.4500,1570.0000,1571.1000,3900
2015-09-15 12:33:59,1570.3500,1571.3000,1570.3500,1571.3000,2300
2015-09-15 12:34:00,1570.5000,1571.0000,1569.5000,1570.5000,3700
2015-09-15 12:35:02,1570.3500,1570.9000,1569.7000,1570.0000,2000
2015-09-15 12:36:59,1570.1000,1570.9000,1570.1000,1570.3000,1000
2015-09-15 12:37:00,1570.5000,1570.8000,1570.0500,1570.5000,1300
2015-09-15 12:38:59,1570.6000,1571.4000,1570.0000,1570.8000,3200
2015-09-15 12:39:59,1569.9000,1570.6000,1569.2500,1570.6000,4500
2015-09-15 12:40:59,1571.0500,1571.5000,1569.8000,1569.9000,2400
2015-09-15 12:41:00,1570.4000,1571.5500,1570.3000,1571.5000,1700
2015-09-15 12:42:01,1570.4000,1570.6500,1570.4000,1570.4000,900
2015-09-15 12:43:02,1570.9500,1570.9500,1570.0500,1570.2500,1300
2015-09-15 12:44:01,1570.3000,1570.9500,1570.0500,1570.6000,1900
2015-09-15 12:45:00,1570.7000,1570.8000,1570.0000,1570.0500,2600
2015-09-15 12:46:01,1570.9000,1570.9000,1570.0500,1570.6500,1100
2015-09-15 12:47:59,1570.5000,1571.0000,1570.0500,1570.9500,1200
2015-09-15 12:48:00,1571.9000,1572.0000,1570.5000,1570.8000,3400
2015-09-15 12:49:03,1571.9500,1572.0000,1570.7000,1571.6500,1600
2015-09-15 12:50:03,1572.5000,1573.0000,1571.9500,1571.9500,5000
2015-09-15 12:51:09,1571.8500,1572.9000,1571.5500,1572.9000,2300
2015-09-15 12:52:59,1569.9000,1572.5000,1568.5500,1572.4500,8100
2015-09-15 12:53:59,1569.9000,1572.3000,1569.1000,1569.4000,10700
2015-09-15 12:54:59,1569.3500,1570.5000,1568.2000,1569.5000,8300
2015-09-15 12:55:59,1569.7000,1570.3500,1569.3500,1569.4000,4400
2015-09-15 12:56:59,1570.3000,1570.9500,1569.2000,1569.6500,5500
2015-09-15 12:57:58,1572.0000,1573.3500,1570.2500,1570.3000,9400
2015-09-15 12:58:59,1571.5500,1573.8500,1571.0000,1572.0000,4800
2015-09-15 12:59:00,1571.6000,1572.5000,1570.6500,1571.0000,1900
2015-09-15 13:00:59,1572.9000,1573.0000,1572.0500,1572.4500,2400
2015-09-15 13:01:59,1572.6500,1573.0000,1572.0000,1572.8500,3200
2015-09-15 13:02:59,1572.1000,1572.9000,1572.0000,1572.7500,2000
2015-09-15 13:03:59,1572.0500,1572.5000,1572.0000,1572.0000,900
2015-09-15 13:04:59,1573.1000,1573.1000,1572.3000,1572.5000,2000
2015-09-15 13:05:00,1572.5000,1573.2000,1572.5000,1572.5000,1400
2015-09-15 13:06:59,1573.0000,1573.5000,1572.3000,1572.3000,1400
2015-09-15 13:07:59,1572.8000,1573.7000,1572.4500,1572.9000,1900
2015-09-15 13:08:59,1572.4000,1573.5000,1572.4000,1573.2000,2100
2015-09-15 13:09:00,1572.2500,1573.3000,1572.2500,1572.4000,2400
2015-09-15 13:10:59,1573.0000,1573.2500,1572.2500,1572.5500,2400
2015-09-15 13:11:59,1570.7000,1573.3000,1570.3000,1573.0000,10600
2015-09-15 13:12:59,1573.5000,1573.5000,1570.7500,1571.4500,5500
2015-09-15 13:13:00,1572.3000,1573.5500,1571.7000,1573.5000,9500
2015-09-15 13:14:01,1573.4500,1573.7000,1572.4000,1572.4000,1500
2015-09-15 13:15:59,1572.6000,1574.0000,1572.6000,1573.7000,4100
2015-09-15 13:16:59,1572.5500,1573.7000,1572.5500,1572.9000,1400
2015-09-15 13:17:59,1572.0000,1573.5000,1572.0000,1572.2500,2200
2015-09-15 13:18:59,1571.6000,1572.2500,1571.2000,1572.0000,1500
2015-09-15 13:19:00,1570.5500,1571.8500,1570.4000,1571.5000,1900
2015-09-15 13:20:01,1570.5500,1571.1500,1570.2000,1570.7000,2300
2015-09-15 13:21:59,1570.2000,1571.0000,1570.1500,1570.7500,1300
2015-09-15 13:22:00,1570.3000,1571.0000,1569.0000,1570.5000,16800
2015-09-15 13:23:00,1570.1000,1571.4500,1569.6000,1570.3000,4200
2015-09-15 13:24:59,1569.7000,1570.8000,1569.4500,1569.5000,4500
2015-09-15 13:25:59,1569.6000,1570.7000,1569.5500,1570.0000,2500
2015-09-15 13:26:59,1570.0000,1570.8500,1569.6000,1569.6000,3200
2015-09-15 13:27:59,1569.3000,1570.5000,1569.3000,1570.4500,1700
2015-09-15 13:28:59,1569.2000,1570.5000,1569.2000,1570.0000,2400
2015-09-15 13:29:59,1569.2000,1570.0000,1569.1500,1569.1500,2600
2015-09-15 13:30:59,1569.8500,1569.9500,1569.4000,1569.9500,1400
2015-09-15 13:31:59,1569.5000,1570.0000,1569.0000,1569.8500,4400
2015-09-15 13:32:59,1570.0000,1570.0000,1569.0500,1569.5000,3400
2015-09-15 13:33:00,1570.0000,1570.4500,1569.8000,1570.0000,1000
2015-09-15 13:34:59,1569.9500,1570.2000,1569.5500,1570.2000,1400
2015-09-15 13:35:00,1570.0000,1570.0500,1569.1500,1569.9000,3200
2015-09-15 13:36:59,1569.9000,1570.1000,1569.0000,1570.0000,3000
2015-09-15 13:37:00,1569.8000,1570.0000,1569.0000,1569.7000,2300
2015-09-15 13:38:01,1570.0000,1570.2000,1569.1000,1569.8000,1600
2015-09-15 13:39:59,1569.7000,1570.1000,1569.5000,1570.1000,1600
2015-09-15 13:40:59,1569.5000,1570.0000,1569.3500,1569.7000,1500
2015-09-15 13:41:59,1569.9000,1570.0000,1569.1000,1569.5000,1300
2015-09-15 13:42:00,1569.9000,1570.4000,1569.9000,1570.0000,2400
2015-09-15 13:43:59,1569.7000,1570.4000,1569.6000,1570.2000,1400
2015-09-15 13:44:59,1569.0000,1570.0000,1568.9000,1569.7000,4700
2015-09-15 13:45:59,1566.8500,1569.0000,1566.4500,1569.0000,5300
2015-09-15 13:46:59,1568.9000,1569.0000,1566.5000,1566.6000,3800
2015-09-15 13:47:59,1567.1000,1568.9000,1567.1000,1568.9000,7200
2015-09-15 13:48:00,1567.0500,1568.0000,1567.0000,1567.0000,3500
2015-09-15 13:49:01,1566.2500,1567.0500,1566.0000,1567.0500,4600
2015-09-15 13:50:00,1566.8500,1567.3500,1566.2000,1566.5500,1400
2015-09-15 13:51:01,1567.0000,1567.9000,1566.5500,1566.8500,1100
2015-09-15 13:52:02,1566.5000,1567.0000,1566.5000,1567.0000,1200
2015-09-15 13:53:59,1565.0000,1566.8000,1565.0000,1566.8000,4500
2015-09-15 13:54:59,1565.0000,1566.7500,1563.6000,1565.0000,10100
2015-09-15 13:55:59,1562.0500,1565.0000,1562.0000,1565.0000,10500
2015-09-15 13:56:59,1563.2000,1567.0000,1562.0500,1562.5000,9400
2015-09-15 13:57:59,1565.0000,1565.0000,1562.0500,1563.4000,5300
2015-09-15 13:58:59,1564.3000,1566.0000,1564.1000,1565.0000,5300
2015-09-15 13:59:59,1561.3500,1564.4000,1561.0000,1564.4000,11400
2015-09-15 14:00:59,1561.0000,1561.9500,1560.0000,1561.2000,30800
2015-09-15 14:01:59,1560.9500,1561.0000,1558.5000,1560.5000,28700
2015-09-15 14:02:59,1561.8000,1561.9000,1560.0500,1560.1500,6100
2015-09-15 14:03:59,1562.9500,1564.0000,1561.9000,1561.9000,5400
2015-09-15 14:04:59,1561.8500,1562.9500,1561.0000,1562.9500,4600
2015-09-15 14:05:59,1559.5000,1561.8000,1559.0000,1561.5000,6700
2015-09-15 14:06:59,1560.6000,1561.0000,1559.6500,1559.7000,4500
2015-09-15 14:07:59,1561.9500,1563.0000,1560.6000,1560.9500,4100
2015-09-15 14:08:00,1562.8000,1563.5000,1561.9500,1561.9500,2600
2015-09-15 14:09:01,1562.3500,1562.5000,1561.0500,1561.9500,3300
2015-09-15 14:10:59,1562.4500,1563.9000,1561.3000,1562.0000,5400
2015-09-15 14:11:59,1562.5000,1563.9000,1562.2000,1562.4500,2700
2015-09-15 14:12:59,1563.2000,1563.4500,1562.4500,1562.5000,1500
2015-09-15 14:13:59,1563.9500,1564.0000,1563.0000,1563.3000,2100
2015-09-15 14:14:59,1562.9000,1563.7500,1561.8500,1563.7500,3700
2015-09-15 14:15:59,1560.4000,1562.9000,1560.0000,1562.9000,8900
2015-09-15 14:16:00,1559.8000,1561.0000,1559.2000,1560.4000,12200
2015-09-15 14:17:59,1560.0000,1561.0000,1558.8500,1559.8500,13800
2015-09-15 14:18:00,1560.2000,1561.0000,1558.7000,1560.0000,4800
2015-09-15 14:19:01,1561.8500,1561.9000,1559.0000,1560.4000,5500
2015-09-15 14:20:59,1560.7500,1561.8500,1560.0500,1561.8000,2400
2015-09-15 14:21:59,1560.1000,1561.0000,1560.1000,1561.0000,3300
2015-09-15 14:22:59,1559.1000,1560.1000,1559.0000,1560.1000,5900
2015-09-15 14:23:59,1560.9000,1560.9000,1559.0500,1559.9000,6700
2015-09-15 14:24:59,1561.0000,1562.1000,1560.8000,1560.9000,6900
2015-09-15 14:25:59,1561.0000,1562.0000,1560.6500,1561.0000,1600
2015-09-15 14:26:59,1561.9000,1562.0000,1560.3000,1561.0000,2200
2015-09-15 14:27:00,1562.0000,1562.5000,1561.4000,1561.9000,2100
2015-09-15 14:28:58,1561.6000,1562.4000,1561.5000,1562.0000,1200
2015-09-15 14:29:00,1562.0000,1562.4500,1561.0000,1561.6000,2900
2015-09-15 14:30:59,1561.6000,1562.0000,1560.0000,1562.0000,4200
2015-09-15 14:31:59,1562.0000,1562.0000,1560.7000,1561.6000,1900
2015-09-15 14:32:59,1561.3500,1562.8500,1561.1500,1561.5000,2700
2015-09-15 14:33:00,1562.0000,1562.7000,1561.3500,1562.2500,1800
2015-09-15 14:34:01,1562.1500,1562.6500,1562.0000,1562.4000,1400
2015-09-15 14:35:00,1562.0000,1562.1500,1562.0000,1562.1500,1300
2015-09-15 14:36:59,1561.6500,1562.0500,1560.6000,1562.0500,2800
2015-09-15 14:37:01,1562.0000,1562.0000,1560.6000,1561.5500,2100
2015-09-15 14:38:03,1562.2000,1562.2000,1561.3500,1561.9000,1300
2015-09-15 14:39:59,1562.9500,1563.0000,1561.9000,1562.2000,2500
2015-09-15 14:40:59,1563.4500,1563.9000,1562.3000,1562.9500,2600
2015-09-15 14:41:01,1564.4000,1564.4000,1562.7000,1562.7000,3600
2015-09-15 14:42:59,1563.7000,1564.4000,1563.4000,1563.9500,4900
2015-09-15 14:43:00,1563.5500,1564.0000,1563.3000,1563.7000,3100
2015-09-15 14:44:01,1563.9000,1565.0000,1563.0000,1563.5000,6800
2015-09-15 14:45:59,1563.4500,1563.9500,1562.3000,1563.9000,4500
2015-09-15 14:46:59,1564.0000,1564.6500,1562.7000,1563.0000,5200
2015-09-15 14:47:59,1564.9000,1565.0000,1564.0000,1564.5500,13600
2015-09-15 14:48:00,1564.6000,1565.5000,1562.7000,1564.6500,13900
2015-09-15 14:49:00,1561.8500,1564.6000,1561.8000,1564.6000,9000
2015-09-15 14:50:59,1563.9500,1563.9500,1560.4500,1561.3000,6600
2015-09-15 14:51:59,1561.3500,1563.9500,1561.3500,1562.9500,12000
2015-09-15 14:52:00,1562.6000,1562.9000,1561.5000,1562.0500,9100
2015-09-15 14:53:59,1563.0000,1563.5500,1562.4000,1562.4000,11500
2015-09-15 14:54:59,1560.6000,1563.0000,1560.6000,1563.0000,10900
2015-09-15 14:55:59,1561.5500,1561.9500,1560.5000,1560.5000,13000
2015-09-15 14:56:00,1563.0000,1563.1000,1561.6000,1561.7000,7400
2015-09-15 14:57:00,1563.9500,1564.0000,1562.5000,1562.5000,6000
2015-09-15 14:58:59,1563.7000,1564.5500,1563.5000,1563.5000,5900
2015-09-15 14:59:59,1563.9000,1564.5500,1562.9500,1563.8500,6100
2015-09-15 15:00:59,1564.2500,1564.2500,1562.6500,1563.0500,10700
2015-09-15 15:01:59,1564.0000,1565.0000,1563.8000,1564.1500,14200
2015-09-15 15:02:59,1564.0000,1564.9500,1563.5000,1563.8500,10400
2015-09-15 15:03:00,1564.2000,1564.2000,1563.0500,1563.5500,13100
2015-09-15 15:04:59,1563.6500,1564.1500,1563.5000,1564.0000,10100
2015-09-15 15:05:59,1563.8000,1564.1000,1563.3500,1563.5500,14300
2015-09-15 15:06:59,1563.8000,1564.0000,1563.2500,1563.9500,12300
2015-09-15 15:07:59,1560.5000,1563.9500,1560.1500,1563.8000,18300
2015-09-15 15:08:59,1560.9000,1561.9000,1560.1000,1560.5000,11900
2015-09-15 15:09:59,1560.5000,1561.2500,1560.2500,1560.8500,11600
2015-09-15 15:10:59,1559.0000,1561.2500,1558.5000,1560.4500,19200
2015-09-15 15:11:59,1557.2500,1560.0000,1556.5000,1559.0000,21800
2015-09-15 15:12:00,1559.0000,1560.0000,1557.2500,1557.3500,16800
2015-09-15 15:13:59,1555.4500,1560.4500,1555.4500,1559.1000,32000
2015-09-15 15:14:00,1557.1000,1557.4500,1555.0000,1555.1500,13600
2015-09-15 15:15:59,1557.1500,1558.9500,1556.7000,1558.0000,19200
2015-09-15 15:16:59,1555.5000,1556.8500,1554.9000,1556.8500,33700
2015-09-15 15:17:00,1556.2500,1557.1500,1555.1000,1555.5000,14300
2015-09-15 15:18:59,1557.8500,1558.0000,1555.7000,1556.2500,12500
2015-09-15 15:19:00,1557.9000,1558.3500,1557.1500,1558.0000,13000
2015-09-15 15:20:59,1558.7500,1558.8500,1557.5500,1558.0000,11400
2015-09-15 15:21:59,1558.4000,1558.9000,1557.0000,1558.1500,16400
2015-09-15 15:22:59,1558.1500,1558.9500,1557.0000,1558.4000,19100
2015-09-15 15:23:59,1558.2000,1558.4500,1557.8000,1557.8000,10800
2015-09-15 15:24:59,1558.0000,1558.6000,1558.0000,1558.2500,10000
2015-09-15 15:25:59,1557.0000,1558.1500,1556.2500,1558.0000,14000
2015-09-15 15:26:59,1555.4500,1558.0000,1555.0000,1557.0000,117000
2015-09-15 15:27:59,1554.1500,1555.9000,1554.1500,1555.0000,31600
2015-09-15 15:28:59,1551.1500,1554.5000,1551.0000,1554.5000,37100
2015-09-15 15:29:59,1553.0000,1554.6000,1550.1000,1551.0000,21400
2015-09-15 15:30:00,1552.7500,1552.7500,1552.7500,1552.7500,0
