2015-09-10 09:15:59,223.9500,228.0000,223.9500,228.0000,44000
2015-09-10 09:16:59,224.8500,224.9000,223.7000,223.9500,29300
2015-09-10 09:17:00,225.2000,225.2000,224.7000,224.9000,28300
2015-09-10 09:18:00,224.1500,225.3000,224.1000,225.2500,21900
2015-09-10 09:19:01,224.8000,224.8500,224.1000,224.1000,15200
2015-09-10 09:20:59,225.0500,225.2500,224.5000,224.8000,32200
2015-09-10 09:21:00,225.4000,225.4500,225.0000,225.1500,10500
2015-09-10 09:22:59,225.6000,225.7500,225.4000,225.4500,20700
2015-09-10 09:23:00,225.5000,225.7000,225.4000,225.6000,10900
2015-09-10 09:24:04,225.3000,225.6000,225.3000,225.5000,4400
2015-09-10 09:25:01,225.3500,225.4500,225.0000,225.4000,5700
2015-09-10 09:26:08,225.1500,225.3500,225.1000,225.3500,3900
2015-09-10 09:27:01,225.3500,225.4000,225.1500,225.1500,4900
2015-09-10 09:28:02,225.2000,225.3500,225.0500,225.3500,7300
2015-09-10 09:29:01,225.1500,225.3500,225.1000,225.3000,4700
2015-09-10 09:30:59,225.2000,225.3000,225.1000,225.1500,14000
2015-09-10 09:31:00,225.1500,225.2000,225.0000,225.2000,4000
2015-09-10 09:32:00,225.1000,225.2500,225.0000,225.2000,11900
2015-09-10 09:33:08,225.2000,225.6000,224.6000,225.1000,21200
2015-09-10 09:34:59,225.2000,225.2500,225.0000,225.1500,10500
2015-09-10 09:35:01,225.7000,225.7500,225.0500,225.1500,19300
2015-09-10 09:36:03,225.2000,225.6000,225.1500,225.5000,5900
2015-09-10 09:37:00,225.2500,225.3000,225.0500,225.3000,5700
2015-09-10 09:38:59,225.2000,225.3000,225.2000,225.2500,800
2015-09-10 09:39:59,225.3000,225.5000,225.2000,225.2000,3500
2015-09-10 09:40:00,225.4000,225.4000,225.2000,225.2500,3700
2015-09-10 09:41:59,225.0500,225.4500,225.0000,225.4000,9100
2015-09-10 09:42:00,225.2500,225.3000,225.0500,225.3000,2200
2015-09-10 09:43:59,225.2500,225.4000,225.2000,225.2500,4200
2015-09-10 09:44:59,225.3000,225.4000,225.2500,225.2500,1500
2015-09-10 09:45:58,225.0500,225.3000,225.0500,225.3000,9700
2015-09-10 09:46:00,225.1000,225.2500,225.0000,225.2500,5200
2015-09-10 09:47:04,225.2000,225.2500,225.1500,225.1500,1600
2015-09-10 09:48:02,225.2500,225.2500,225.1500,225.2500,1400
2015-09-10 09:49:01,225.2000,225.2500,225.2000,225.2500,600
2015-09-10 09:50:59,225.2500,225.3000,225.1000,225.2500,6600
2015-09-10 09:51:01,225.1500,225.2500,225.1500,225.2500,7400
2015-09-10 09:52:59,225.2000,225.2500,225.1000,225.1500,5900
2015-09-10 09:53:59,225.2000,225.2000,225.1000,225.2000,5500
2015-09-10 09:54:00,225.2500,225.2500,225.1000,225.2000,9200
2015-09-10 09:55:58,225.2000,225.2000,225.1000,225.2000,900
2015-09-10 09:56:00,225.1000,225.2500,225.1000,225.2000,13500
2015-09-10 09:57:01,225.1000,225.2500,225.1000,225.2000,4900
2015-09-10 09:58:01,225.0500,225.2500,225.0000,225.2500,10100
2015-09-10 09:59:59,225.0500,225.0500,224.9500,225.0500,3800
2015-09-10 10:00:00,225.2500,225.2500,225.0500,225.1000,2800
2015-09-10 10:01:00,225.1500,225.2500,224.9000,225.2000,5600
2015-09-10 10:02:58,225.1500,225.1500,225.0000,225.1500,2900
2015-09-10 10:03:00,225.2500,225.2500,225.0500,225.1500,2400
2015-09-10 10:04:01,225.1500,225.2500,225.0000,225.2500,2000
2015-09-10 10:05:00,225.1500,225.1500,225.0000,225.1500,4200
2015-09-10 10:06:00,224.8500,225.1500,224.8500,225.0500,3400
2015-09-10 10:07:00,225.0000,225.0500,224.8000,224.8000,5000
2015-09-10 10:08:05,225.0500,225.1000,224.9000,224.9500,3700
2015-09-10 10:09:01,225.2000,225.2500,224.8500,225.0500,4800
2015-09-10 10:10:00,225.1000,225.2000,225.0000,225.0500,4100
2015-09-10 10:11:03,225.0000,225.1000,224.8500,225.0500,2800
2015-09-10 10:12:01,225.0000,225.1500,224.9500,225.1500,7900
2015-09-10 10:13:01,225.0500,225.1500,225.0000,225.1500,7200
2015-09-10 10:14:59,225.0000,225.1500,225.0000,225.1500,1100
2015-09-10 10:15:00,225.0000,225.1500,224.8500,225.0000,3500
2015-09-10 10:16:00,225.0000,225.0000,224.8500,225.0000,3700
2015-09-10 10:17:59,224.9000,225.0000,224.9000,225.0000,2200
2015-09-10 10:18:00,225.0000,225.0500,224.9000,224.9000,4000
2015-09-10 10:19:01,225.0000,225.1000,224.9000,224.9000,14900
2015-09-10 10:20:00,224.7000,225.0000,224.6500,225.0000,6400
2015-09-10 10:21:00,224.7500,224.9000,224.6500,224.9000,3300
2015-09-10 10:22:02,224.8000,224.8500,224.6500,224.8000,1100
2015-09-10 10:23:59,225.0500,225.0500,224.8500,224.8500,5500
2015-09-10 10:24:00,225.1000,225.1000,224.9000,225.0500,22700
2015-09-10 10:25:59,224.8000,225.1000,224.8000,225.1000,7400
2015-09-10 10:26:01,225.0000,225.0000,224.7000,224.9500,3200
2015-09-10 10:27:00,225.0000,225.0500,224.8500,225.0000,8200
2015-09-10 10:28:00,225.0000,225.1000,225.0000,225.0500,17100
2015-09-10 10:29:09,225.0000,225.1000,224.9500,225.0000,11300
2015-09-10 10:30:59,225.0000,225.5000,225.0000,225.0000,28900
2015-09-10 10:31:00,224.9000,225.2500,224.7000,225.2500,15100
2015-09-10 10:32:59,224.9000,224.9000,224.8000,224.9000,700
2015-09-10 10:33:01,224.9500,224.9500,224.8000,224.9500,5200
2015-09-10 10:34:02,225.0000,225.0500,224.8000,224.9500,36300
2015-09-10 10:35:02,224.9500,225.0000,224.9000,224.9000,10000
2015-09-10 10:36:01,225.0000,225.0000,224.8500,225.0000,4100
2015-09-10 10:37:01,224.9500,225.0000,224.8000,225.0000,3400
2015-09-10 10:38:59,224.9000,225.0000,224.9000,224.9000,3500
2015-09-10 10:39:00,225.0000,225.0000,224.8000,224.9000,1600
2015-09-10 10:40:01,224.9000,225.0000,224.8500,225.0000,2700
2015-09-10 10:41:59,224.8500,225.0000,224.8500,225.0000,2000
2015-09-10 10:42:59,225.0000,225.0500,224.8500,224.8500,5400
2015-09-10 10:43:00,225.0000,225.0000,224.9000,225.0000,3300
2015-09-10 10:44:59,224.9500,225.0500,224.8500,225.0000,7300
2015-09-10 10:45:01,224.8500,225.0000,224.7500,224.9500,3300
2015-09-10 10:46:00,224.9500,224.9500,224.8500,224.8500,2300
2015-09-10 10:47:00,225.0000,225.0000,224.8000,224.9500,1600
2015-09-10 10:48:02,224.9500,225.0000,224.8000,225.0000,1200
2015-09-10 10:49:59,224.9000,224.9500,224.8000,224.9500,1200
2015-09-10 10:50:00,225.0000,225.0000,224.9000,224.9000,800
2015-09-10 10:51:00,225.0500,225.1500,225.0000,225.0000,1400
2015-09-10 10:52:10,225.2000,225.3000,225.2000,225.2000,800
2015-09-10 10:53:04,225.5500,225.5500,225.3000,225.3000,2900
2015-09-10 10:54:00,225.4500,225.7000,225.4500,225.5500,2900
2015-09-10 10:55:08,225.5000,225.5000,225.4500,225.4500,4800
2015-09-10 10:56:02,225.4000,225.5000,225.3500,225.5000,1400
2015-09-10 10:57:01,225.5000,225.5500,225.3000,225.5000,2000
2015-09-10 10:58:09,225.5000,225.5000,225.5000,225.5000,1100
2015-09-10 10:59:03,225.5500,225.5500,225.4500,225.5000,2500
2015-09-10 11:00:01,225.4000,225.5500,225.4000,225.5500,5300
2015-09-10 11:01:01,225.4500,225.5500,225.3500,225.4000,6400
2015-09-10 11:02:05,225.3000,225.5000,225.1500,225.3500,4700
2015-09-10 11:03:02,225.4000,225.5500,225.3000,225.4500,8000
2015-09-10 11:04:00,225.4500,225.5000,225.3000,225.3000,2400
2015-09-10 11:05:57,225.4500,225.5000,225.3000,225.4500,2200
2015-09-10 11:06:01,225.3500,225.4500,225.1500,225.4500,5400
2015-09-10 11:07:00,225.5000,225.5000,225.3000,225.3500,6100
2015-09-10 11:08:59,225.4000,225.5000,225.4000,225.4000,1800
2015-09-10 11:09:57,225.4000,225.4500,225.3000,225.4500,800
2015-09-10 11:10:02,225.5000,225.5000,225.3500,225.4000,2100
2015-09-10 11:11:02,225.4000,225.5000,225.3500,225.5000,1300
2015-09-10 11:12:59,225.3500,225.5000,225.2500,225.5000,3900
2015-09-10 11:13:59,225.4000,225.4000,225.2000,225.3500,3200
2015-09-10 11:14:00,225.3000,225.5000,225.3000,225.3000,6900
2015-09-10 11:15:01,225.5000,225.5000,225.3500,225.4500,14600
2015-09-10 11:16:59,225.5000,225.5000,225.4000,225.5000,19900
2015-09-10 11:17:59,225.4500,225.5000,225.4000,225.4000,30200
2015-09-10 11:18:00,225.4500,225.5000,225.4500,225.4500,16400
2015-09-10 11:19:04,225.4000,225.5000,225.4000,225.4500,17300
2015-09-10 11:20:02,225.4000,225.4500,225.4000,225.4500,3700
2015-09-10 11:21:02,225.5500,225.5500,225.5000,225.5000,12800
2015-09-10 11:22:05,225.5000,225.5500,225.3500,225.5000,30400
2015-09-10 11:23:23,225.4000,225.5000,225.4000,225.5000,9400
2015-09-10 11:24:01,225.4500,225.5000,225.3000,225.5000,2700
2015-09-10 11:25:00,225.2500,225.4000,225.2000,225.3000,4000
2015-09-10 11:26:09,225.5000,225.5000,225.2500,225.3500,26600
2015-09-10 11:27:59,225.3500,225.5000,225.2500,225.5000,31700
2015-09-10 11:28:59,225.0000,225.4500,224.9500,225.3500,81700
2015-09-10 11:29:00,225.0000,225.1000,224.9500,225.0000,56800
2015-09-10 11:30:00,225.1000,225.1000,224.9500,224.9500,7500
2015-09-10 11:31:59,225.1500,225.1500,225.0000,225.0500,3500
2015-09-10 11:32:00,224.9500,225.1500,224.9500,225.1500,61100
2015-09-10 11:33:02,225.0000,225.1000,224.9500,225.1000,9800
2015-09-10 11:34:05,225.0500,225.1000,225.0000,225.1000,5400
2015-09-10 11:35:06,225.4000,225.4000,225.0500,225.1500,4900
2015-09-10 11:36:01,225.3000,225.5000,225.2000,225.5000,13200
2015-09-10 11:37:01,225.1500,225.4000,225.1000,225.4000,2800
2015-09-10 11:38:59,225.1000,225.3000,225.0500,225.1500,5600
2015-09-10 11:39:00,225.0000,225.2500,225.0000,225.1000,4400
2015-09-10 11:40:01,225.0000,225.0500,225.0000,225.0500,3600
2015-09-10 11:41:59,225.1000,225.1000,225.0000,225.0500,8700
2015-09-10 11:42:01,224.9000,225.1000,224.9000,225.1000,90700
2015-09-10 11:43:04,225.0500,225.0500,224.8500,224.9000,30000
2015-09-10 11:44:00,225.0000,225.0500,225.0000,225.0000,3500
2015-09-10 11:45:01,225.1000,225.1000,225.0000,225.1000,3000
2015-09-10 11:46:06,225.0000,225.1500,225.0000,225.0000,4100
2015-09-10 11:47:06,225.0500,225.1000,225.0000,225.0500,5200
2015-09-10 11:48:00,225.2000,225.2000,225.0000,225.0500,8100
2015-09-10 11:49:06,225.2500,225.2500,225.1500,225.1500,1200
2015-09-10 11:50:07,225.0500,225.2500,225.0500,225.2500,10500
2015-09-10 11:51:01,225.1000,225.2500,225.0500,225.0500,3800
2015-09-10 11:52:01,225.2500,225.2500,225.1500,225.2500,13400
2015-09-10 11:53:02,225.2000,225.3000,225.1500,225.3000,7500
2015-09-10 11:54:01,225.2000,225.3000,225.1500,225.3000,5900
2015-09-10 11:55:02,225.1000,225.2500,225.0500,225.2000,10200
2015-09-10 11:56:01,225.1500,225.2500,225.0500,225.2000,32300
2015-09-10 11:57:01,225.2000,225.3000,225.1000,225.2000,5600
2015-09-10 11:58:03,225.3000,225.3000,225.1000,225.2500,1600
2015-09-10 11:59:03,225.2500,225.3000,225.1000,225.3000,3100
2015-09-10 12:00:00,225.2500,225.4000,225.1500,225.2000,19000
2015-09-10 12:01:01,225.1500,225.3500,225.1000,225.3500,5100
2015-09-10 12:02:00,225.3000,225.3000,225.2000,225.2000,3400
2015-09-10 12:03:01,225.4500,225.4500,225.2000,225.3000,2600
2015-09-10 12:04:01,225.6000,225.6500,225.4500,225.4500,3900
2015-09-10 12:05:00,225.4000,225.6500,225.4000,225.5000,3000
2015-09-10 12:06:00,225.7500,225.7500,225.4500,225.6500,8600
2015-09-10 12:07:01,225.6500,225.8500,225.6500,225.6500,3300
2015-09-10 12:08:58,225.8000,225.8500,225.6500,225.6500,10800
2015-09-10 12:09:58,225.8500,225.9000,225.7000,225.8000,14900
2015-09-10 12:10:00,225.8500,225.9000,225.7500,225.8500,12200
2015-09-10 12:11:59,225.8000,225.8000,225.7000,225.7500,12200
2015-09-10 12:12:01,225.8000,225.9000,225.7000,225.8000,9000
2015-09-10 12:13:01,225.7500,225.8000,225.6500,225.8000,9600
2015-09-10 12:14:01,225.8000,225.8500,225.6500,225.7000,12600
2015-09-10 12:15:58,225.9000,225.9000,225.8000,225.8500,19700
2015-09-10 12:16:00,225.9000,225.9500,225.8000,225.8500,10900
2015-09-10 12:17:05,225.8500,225.9000,225.8000,225.8000,5400
2015-09-10 12:18:01,225.8500,225.9000,225.6500,225.8500,11700
2015-09-10 12:19:03,225.8000,225.8500,225.6500,225.8500,9600
2015-09-10 12:20:59,225.8000,225.8500,225.7500,225.7500,5800
2015-09-10 12:21:01,225.7500,225.8500,225.7000,225.8000,9400
2015-09-10 12:22:00,225.5000,225.8500,225.5000,225.8500,16300
2015-09-10 12:23:58,225.8000,226.0000,225.5500,225.8000,15300
2015-09-10 12:24:00,226.0000,226.0000,225.8000,225.8000,5000
2015-09-10 12:25:05,225.8500,226.0000,225.8000,225.9000,6900
2015-09-10 12:26:00,225.7000,225.8500,225.5000,225.8500,4600
2015-09-10 12:27:59,225.8000,225.8500,225.5500,225.7000,27900
2015-09-10 12:28:59,225.8500,225.8500,225.7000,225.8000,4600
2015-09-10 12:29:02,225.5500,225.8500,225.5500,225.7000,2500
2015-09-10 12:30:00,225.5000,225.7000,225.5000,225.6500,8000
2015-09-10 12:31:00,225.5000,225.7500,225.5000,225.7000,7900
2015-09-10 12:32:00,225.6500,225.7000,225.5000,225.6500,9600
2015-09-10 12:33:00,225.5000,225.6500,225.4500,225.6500,11600
2015-09-10 12:34:01,225.6000,225.8000,225.5000,225.7000,4600
2015-09-10 12:35:00,225.5500,225.7000,225.5000,225.5500,1800
2015-09-10 12:36:00,225.6000,225.7500,225.5500,225.7000,2000
2015-09-10 12:37:01,225.6000,225.7000,225.6000,225.7000,1100
2015-09-10 12:38:00,225.6500,225.7000,225.5000,225.7000,6300
2015-09-10 12:39:59,225.5500,225.7000,225.4500,225.7000,7800
2015-09-10 12:40:00,225.6000,225.7000,225.4500,225.5500,14000
2015-09-10 12:41:00,225.5500,225.7000,225.5000,225.6500,6000
2015-09-10 12:42:58,225.6500,225.6500,225.5500,225.6500,3300
2015-09-10 12:43:00,225.6500,225.7000,225.5000,225.6500,20300
2015-09-10 12:44:00,225.5000,225.6500,225.4500,225.6500,39100
2015-09-10 12:45:01,225.6000,225.7500,225.6000,225.7500,2700
2015-09-10 12:46:02,225.5000,225.7000,225.5000,225.5500,7900
2015-09-10 12:47:00,225.4500,225.6500,225.4500,225.6500,6900
2015-09-10 12:48:01,225.5000,225.5500,225.3500,225.5000,17100
2015-09-10 12:49:58,225.5000,225.5500,225.4000,225.5500,3600
2015-09-10 12:50:59,225.4000,225.5000,225.3500,225.5000,9200
2015-09-10 12:51:00,225.4500,225.5000,225.3000,225.5000,7200
2015-09-10 12:52:00,225.2500,225.4500,225.2500,225.4000,2600
2015-09-10 12:53:14,225.3500,225.4000,225.2500,225.3000,1800
2015-09-10 12:54:01,225.2500,225.3000,225.2000,225.3000,10000
2015-09-10 12:55:00,225.3000,225.3000,225.1000,225.2500,31500
2015-09-10 12:56:02,225.2000,225.3000,225.0500,225.2500,51200
2015-09-10 12:57:01,225.4000,225.4500,225.2000,225.3000,15100
2015-09-10 12:58:00,225.4000,225.7000,225.4000,225.5000,6400
2015-09-10 12:59:10,225.4500,225.6000,225.4000,225.5000,2000
2015-09-10 13:00:02,225.5000,225.6500,225.4500,225.6000,9000
2015-09-10 13:01:01,225.4000,225.6500,225.4000,225.5000,4000
2015-09-10 13:02:13,225.2500,225.5500,225.2500,225.4000,15000
2015-09-10 13:03:01,225.3000,225.4000,225.2500,225.3000,2600
2015-09-10 13:04:01,225.2500,225.4500,225.2500,225.4500,10500
2015-09-10 13:05:02,225.2000,225.3000,225.2000,225.3000,6700
2015-09-10 13:06:03,225.2500,225.3000,225.2500,225.3000,8500
2015-09-10 13:07:08,225.3000,225.3000,225.2500,225.3000,5300
2015-09-10 13:08:59,225.3000,225.3000,225.2500,225.3000,7900
2015-09-10 13:09:59,225.4500,225.4500,225.2000,225.3000,5100
2015-09-10 13:10:00,225.2000,225.4500,225.2000,225.4500,14500
2015-09-10 13:11:08,225.2500,225.4000,225.2500,225.4000,8900
2015-09-10 13:12:01,225.2500,225.3000,225.2500,225.3000,2000
2015-09-10 13:13:01,225.3000,225.3000,225.2500,225.3000,11700
2015-09-10 13:14:05,225.4000,225.4000,225.2500,225.2500,1200
2015-09-10 13:15:01,225.2000,225.4000,225.2000,225.4000,10600
2015-09-10 13:16:14,225.0500,225.2000,225.0500,225.2000,5700
2015-09-10 13:17:59,225.2500,225.3000,225.0000,225.2000,14700
2015-09-10 13:18:00,225.1500,225.2500,225.1500,225.1500,4500
2015-09-10 13:19:59,225.0500,225.2500,225.0000,225.1500,8100
2015-09-10 13:20:00,225.1000,225.1000,225.0000,225.0500,11100
2015-09-10 13:21:00,225.2000,225.2500,225.1500,225.2000,8400
2015-09-10 13:22:03,225.0500,225.3000,225.0500,225.2000,14300
2015-09-10 13:23:05,225.0500,225.1500,225.0500,225.1000,2400
2015-09-10 13:24:01,225.1500,225.1500,225.0500,225.1500,7600
2015-09-10 13:25:07,225.3500,225.3500,225.1000,225.2500,14700
2015-09-10 13:26:01,225.0500,225.3500,225.0500,225.3500,10600
2015-09-10 13:27:01,225.4500,225.4500,225.2500,225.2500,8000
2015-09-10 13:28:03,225.5000,225.5000,225.3500,225.4000,7500
2015-09-10 13:29:00,225.3500,225.6000,225.3500,225.5000,13300
2015-09-10 13:30:02,225.4000,225.4500,225.2000,225.4500,10900
2015-09-10 13:31:06,225.2000,225.3000,225.1000,225.3000,11700
2015-09-10 13:32:02,225.2500,225.3000,225.1000,225.1000,9400
2015-09-10 13:33:01,225.3000,225.4500,225.2000,225.2500,5500
2015-09-10 13:34:01,225.2500,225.6500,225.2000,225.2500,17900
2015-09-10 13:35:06,225.2000,225.3000,225.2000,225.3000,8300
2015-09-10 13:36:02,225.4000,225.4000,225.2500,225.2500,9500
2015-09-10 13:37:03,225.4000,225.4000,225.2500,225.4000,7300
2015-09-10 13:38:02,225.3000,225.3000,225.2000,225.3000,9900
2015-09-10 13:39:00,225.3000,225.4000,225.2000,225.2000,9700
2015-09-10 13:40:14,225.3000,225.3000,225.2000,225.3000,9000
2015-09-10 13:41:09,225.1500,225.3000,225.1500,225.2500,4900
2015-09-10 13:42:01,225.3000,225.3000,225.1500,225.3000,10700
2015-09-10 13:43:04,225.2000,225.3000,225.2000,225.3000,9600
2015-09-10 13:44:03,225.2500,225.3000,225.1500,225.2000,8500
2015-09-10 13:45:02,225.3000,225.3000,225.2000,225.3000,17200
2015-09-10 13:46:14,225.2500,225.3000,225.2000,225.2000,3800
2015-09-10 13:47:00,225.3000,225.3000,225.1500,225.3000,8700
2015-09-10 13:48:01,225.4500,225.4500,225.2000,225.3000,14800
2015-09-10 13:49:01,225.3000,225.6000,225.3000,225.4000,8900
2015-09-10 13:50:04,225.8000,225.8500,225.3000,225.5000,18400
2015-09-10 13:51:59,225.9000,225.9000,225.7500,225.8000,13100
2015-09-10 13:52:59,225.9500,226.0000,225.8000,225.8000,14100
2015-09-10 13:53:00,225.7500,226.0500,225.7500,226.0000,9200
2015-09-10 13:54:02,225.2500,225.8500,225.2500,225.8500,16600
2015-09-10 13:55:59,225.5000,225.5500,225.2500,225.2500,41200
2015-09-10 13:56:00,225.6000,225.6500,225.5000,225.5000,39200
2015-09-10 13:57:00,225.5000,225.6500,225.3000,225.5500,29400
2015-09-10 13:58:00,225.6000,225.6000,225.5000,225.5000,17600
2015-09-10 13:59:59,225.2500,225.5000,225.0500,225.5000,24500
2015-09-10 14:00:59,225.0500,225.3500,225.0000,225.3500,9700
2015-09-10 14:01:59,225.0000,225.1500,225.0000,225.0000,16000
2015-09-10 14:02:59,225.1000,225.1000,224.9000,225.0000,24400
2015-09-10 14:03:00,225.0500,225.1000,224.9000,225.0500,12900
2015-09-10 14:04:57,225.0000,225.0500,225.0000,225.0500,16400
2015-09-10 14:05:00,225.0500,225.1500,225.0000,225.0000,12500
2015-09-10 14:06:05,225.1000,225.1500,225.0000,225.0000,4500
2015-09-10 14:07:01,225.0000,225.1000,225.0000,225.1000,15900
2015-09-10 14:08:06,224.9000,225.1000,224.9000,225.0000,7400
2015-09-10 14:09:59,224.9500,225.0000,224.9000,225.0000,8300
2015-09-10 14:10:00,225.0000,225.1000,224.9000,224.9000,19700
2015-09-10 14:11:59,225.0000,225.0000,224.9000,225.0000,8700
2015-09-10 14:12:00,225.0000,225.1000,225.0000,225.0000,18100
2015-09-10 14:13:59,225.0500,225.1500,225.0000,225.0000,8400
2015-09-10 14:14:00,225.0000,225.0000,225.0000,225.0000,12300
2015-09-10 14:15:59,225.0000,225.0500,224.9500,225.0000,4800
2015-09-10 14:16:00,225.0000,225.0500,224.9500,225.0000,7100
2015-09-10 14:17:01,225.0000,225.0000,224.9500,225.0000,11900
2015-09-10 14:18:01,225.0500,225.0500,224.9500,225.0000,16800
2015-09-10 14:19:14,225.0000,225.0500,224.9500,225.0000,11600
2015-09-10 14:20:59,225.0000,225.1000,225.0000,225.1000,5500
2015-09-10 14:21:00,225.1000,225.2000,225.0500,225.0500,2200
2015-09-10 14:22:02,225.0500,225.1000,225.0500,225.0500,1200
2015-09-10 14:23:03,225.1000,225.1000,225.0500,225.0500,1300
2015-09-10 14:24:04,225.1000,225.2500,225.0500,225.1000,2200
2015-09-10 14:25:03,225.2000,225.2500,225.1000,225.2500,800
2015-09-10 14:26:01,225.2000,225.2000,225.1000,225.2000,2100
2015-09-10 14:27:01,225.1000,225.2500,225.1000,225.2000,1700
2015-09-10 14:28:58,225.0000,225.1500,225.0000,225.1000,8100
2015-09-10 14:29:59,225.0000,225.2500,224.9500,225.0500,14600
2015-09-10 14:30:01,224.6500,225.0000,224.5000,224.9500,15800
2015-09-10 14:31:00,224.6000,224.8000,224.5500,224.7500,6500
2015-09-10 14:32:00,224.6000,224.7500,224.6000,224.6000,1500
2015-09-10 14:33:59,224.6000,224.6500,224.4500,224.6000,8900
2015-09-10 14:34:00,224.8000,224.9000,224.4500,224.5500,28400
2015-09-10 14:35:59,224.7500,224.8000,224.6500,224.8000,7900
2015-09-10 14:36:59,224.7000,224.7500,224.7000,224.7500,12800
2015-09-10 14:37:00,224.8500,224.9000,224.7500,224.7500,17600
2015-09-10 14:38:02,224.8000,224.8500,224.7500,224.8000,6200
2015-09-10 14:39:59,224.8000,224.8000,224.7500,224.8000,9900
2015-09-10 14:40:01,224.7500,224.8000,224.7500,224.8000,14100
2015-09-10 14:41:00,224.8000,224.8500,224.7500,224.8000,8300
2015-09-10 14:42:00,224.8000,224.8500,224.7500,224.8500,11600
2015-09-10 14:43:02,224.8000,224.8000,224.7500,224.7500,8700
2015-09-10 14:44:07,224.7500,224.8000,224.7500,224.7500,13700
2015-09-10 14:45:00,224.7500,224.8500,224.7500,224.7500,16400
2015-09-10 14:46:05,225.0000,225.0500,224.7500,224.8000,9900
2015-09-10 14:47:03,225.0000,225.0500,225.0000,225.0500,9000
2015-09-10 14:48:00,225.0000,225.0500,225.0000,225.0000,19400
2015-09-10 14:49:00,225.0000,225.0500,225.0000,225.0000,15000
2015-09-10 14:50:02,224.7500,225.0000,224.7500,225.0000,17900
2015-09-10 14:51:59,225.0500,225.0500,224.8500,224.8500,21200
2015-09-10 14:52:00,225.0000,225.0500,225.0000,225.0500,9500
2015-09-10 14:53:00,225.0000,225.0500,224.9500,224.9500,10600
2015-09-10 14:54:01,224.9500,225.0500,224.9500,225.0000,12500
2015-09-10 14:55:02,225.0000,225.0500,224.9500,224.9500,9500
2015-09-10 14:56:00,225.0500,225.0500,224.9000,225.0000,12900
2015-09-10 14:57:04,225.0500,225.0500,224.9500,225.0500,11200
2015-09-10 14:58:02,225.1000,225.2000,225.0500,225.0500,11300
2015-09-10 14:59:01,225.1000,225.2000,225.0000,225.1000,8900
2015-09-10 15:00:00,225.2000,225.2500,225.1000,225.2000,16200
2015-09-10 15:01:59,225.5000,225.5000,225.2000,225.2000,28600
2015-09-10 15:02:59,225.5000,225.6500,225.5000,225.5000,15700
2015-09-10 15:03:59,225.5000,225.5500,225.4000,225.5500,13500
2015-09-10 15:04:00,225.3500,225.5000,225.3500,225.4500,13500
2015-09-10 15:05:00,225.4500,225.5000,225.3500,225.4000,16400
2015-09-10 15:06:00,225.7000,225.7000,225.4000,225.4500,18300
2015-09-10 15:07:59,225.6500,225.7500,225.5000,225.6500,22100
2015-09-10 15:08:59,225.5500,225.6500,225.4000,225.6500,22900
2015-09-10 15:09:59,225.8500,225.8500,225.5500,225.6000,16100
2015-09-10 15:10:00,225.8000,225.9500,225.7000,225.8500,28200
2015-09-10 15:11:58,226.1500,226.1500,225.8000,225.8000,29700
2015-09-10 15:12:59,226.4000,226.7500,226.1000,226.1000,38700
2015-09-10 15:13:00,226.5500,226.5500,226.3000,226.4000,27100
2015-09-10 15:14:59,226.5500,226.7000,226.5000,226.5500,39300
2015-09-10 15:15:59,226.5000,226.6500,226.5000,226.6000,43100
2015-09-10 15:16:59,227.0000,227.0000,226.5000,226.5500,48500
2015-09-10 15:17:59,227.0500,227.1000,226.8500,226.8500,19500
2015-09-10 15:18:59,227.0000,227.1000,226.9000,227.0500,25500
2015-09-10 15:19:00,227.0500,227.1000,226.9000,226.9000,18800
2015-09-10 15:20:59,227.3500,227.3500,227.0000,227.0500,21400
2015-09-10 15:21:58,227.7500,227.8000,227.3000,227.3000,26700
2015-09-10 15:22:00,227.8500,227.9000,227.7500,227.7500,17200
2015-09-10 15:23:59,227.9000,228.0000,227.8000,227.8500,28800
2015-09-10 15:24:59,228.0000,228.1000,227.9000,227.9500,20600
2015-09-10 15:25:59,228.0000,228.0500,228.0000,228.0000,24400
2015-09-10 15:26:59,228.0500,228.0500,228.0000,228.0000,24200
2015-09-10 15:27:00,228.2000,228.3000,227.9500,228.0000,37000
2015-09-10 15:28:59,228.9000,229.0000,228.1500,228.3000,43500
2015-09-10 15:29:00,229.0500,229.8500,229.0000,229.0000,50100
2015-09-10 15:30:00,228.9500,228.9500,228.9500,228.9500,100
2015-09-11 09:15:00,229.4500,229.4500,228.4500,228.4500,20600
2015-09-11 09:16:59,230.1000,230.3500,229.6500,229.8000,19300
2015-09-11 09:17:00,230.8000,230.8000,229.4000,230.0000,33100
2015-09-11 09:18:59,231.4000,231.9000,230.7000,230.7000,41000
2015-09-11 09:19:00,231.4000,231.4000,231.4000,231.4000,24600
2015-09-11 09:20:26,230.0500,230.2500,230.0500,230.2500,6100
2015-09-11 09:21:03,229.7500,230.4500,229.3500,230.1500,18000
2015-09-11 09:22:03,230.3500,230.3500,229.8500,229.8500,14000
2015-09-11 09:23:02,230.0000,230.4500,230.0000,230.2000,17200
2015-09-11 09:24:01,230.6500,230.6500,229.9000,230.0000,8600
2015-09-11 09:25:59,230.2000,230.6000,230.0500,230.4000,15100
2015-09-11 09:26:00,229.6000,230.0000,229.6000,229.9500,9900
2015-09-11 09:27:00,229.5500,229.8000,229.5000,229.6500,6900
2015-09-11 09:28:59,229.7000,229.9000,229.5000,229.6000,11000
2015-09-11 09:29:00,229.7500,229.9000,229.5500,229.7000,5600
2015-09-11 09:30:58,229.7500,229.8500,229.5500,229.8000,6500
2015-09-11 09:31:59,229.1500,229.7500,229.1000,229.6500,7700
2015-09-11 09:32:59,229.2500,229.5000,229.1000,229.1500,7300
2015-09-11 09:33:59,229.0000,229.5000,228.6500,229.3000,26600
2015-09-11 09:34:00,229.4000,229.9000,229.0500,229.2000,12000
2015-09-11 09:35:59,229.7000,229.9000,229.4500,229.4500,5600
2015-09-11 09:36:59,229.9000,229.9500,229.7000,229.7000,2800
2015-09-11 09:37:00,229.7000,229.9500,229.6000,229.8500,6000
2015-09-11 09:38:05,229.8000,229.9000,229.7500,229.9000,1800
2015-09-11 09:39:01,229.6000,229.8500,229.6000,229.8000,4000
2015-09-11 09:40:59,229.8000,229.9500,229.6000,229.6500,7300
2015-09-11 09:41:00,229.2500,229.9000,229.1500,229.8000,9600
2015-09-11 09:42:59,229.3500,229.6500,229.1000,229.3000,9900
2015-09-11 09:43:00,229.3000,229.5000,229.2000,229.3500,4900
2015-09-11 09:44:01,229.3500,229.5000,229.2000,229.3000,3900
2015-09-11 09:45:59,229.5000,229.5000,229.2500,229.5000,3900
2015-09-11 09:46:59,229.3000,229.4500,229.2000,229.4500,5500
2015-09-11 09:47:00,229.1000,229.3000,228.7000,229.3000,8800
2015-09-11 09:48:01,228.9000,229.3000,228.9000,229.1000,8800
2015-09-11 09:49:02,229.0500,229.2000,228.9000,229.0000,1600
2015-09-11 09:50:59,229.6000,229.6500,229.0500,229.2000,8000
2015-09-11 09:51:59,229.5500,229.7500,229.4500,229.5000,5600
2015-09-11 09:52:59,229.5500,229.7500,229.5000,229.5500,1700
2015-09-11 09:53:59,229.5000,229.7500,229.3000,229.6500,3900
2015-09-11 09:54:59,229.3500,229.6500,229.1000,229.4000,10100
2015-09-11 09:55:59,229.4000,229.6000,229.3500,229.3500,5400
2015-09-11 09:56:59,229.6000,229.6000,229.3500,229.5000,7000
2015-09-11 09:57:59,229.5000,229.6000,229.3000,229.5500,5600
2015-09-11 09:58:58,229.5000,229.6000,229.3000,229.3000,1900
2015-09-11 09:59:59,229.8000,229.8000,229.5000,229.5000,7600
2015-09-11 10:00:59,229.8000,229.9000,229.6000,229.7000,8300
2015-09-11 10:01:00,229.9000,229.9000,229.6000,229.8000,5700
2015-09-11 10:02:05,229.7000,230.0000,229.7000,229.9000,4200
2015-09-11 10:03:05,229.7500,229.9000,229.7000,229.7000,2000
2015-09-11 10:04:00,229.6500,229.9000,229.6500,229.8000,2800
2015-09-11 10:05:59,229.5500,229.8000,229.5500,229.7500,3100
2015-09-11 10:06:59,229.4500,229.7000,229.1500,229.7000,8700
2015-09-11 10:07:59,229.0500,229.5500,229.0500,229.3500,4700
2015-09-11 10:08:00,228.9500,229.3500,228.9500,229.0500,11100
2015-09-11 10:09:01,229.0000,229.0000,228.8500,228.9500,3700
2015-09-11 10:10:01,228.9000,229.2000,228.9000,229.0000,4300
2015-09-11 10:11:09,229.0000,229.1500,229.0000,229.0000,1200
2015-09-11 10:12:01,229.0000,229.1000,228.9500,229.1000,3400
2015-09-11 10:13:04,229.0000,229.0000,228.9000,228.9500,2300
2015-09-11 10:14:00,229.0000,229.0000,228.9000,229.0000,3900
2015-09-11 10:15:59,229.0000,229.0000,228.9500,229.0000,2800
2015-09-11 10:16:00,229.0000,229.0000,228.9500,229.0000,3200
2015-09-11 10:17:03,229.0500,229.1000,228.9500,229.0000,2500
2015-09-11 10:18:58,228.8000,229.1000,228.8000,229.0500,5400
2015-09-11 10:19:00,228.7000,229.0000,228.7000,229.0000,2400
2015-09-11 10:20:02,228.9000,228.9000,228.6500,228.7500,5100
2015-09-11 10:21:02,228.5500,228.9000,228.5500,228.9000,12600
2015-09-11 10:22:01,228.5500,228.8000,228.5500,228.5500,2400
2015-09-11 10:23:02,228.5000,228.6500,228.3500,228.5000,13300
2015-09-11 10:24:04,228.5000,228.6000,228.5000,228.6000,4700
2015-09-11 10:25:04,228.5000,228.6000,228.5000,228.6000,2500
2015-09-11 10:26:02,228.5500,228.6000,228.5000,228.5000,1800
2015-09-11 10:27:01,228.5000,228.5500,228.5000,228.5500,3300
2015-09-11 10:28:04,228.6000,228.6000,228.4500,228.5000,11000
2015-09-11 10:29:00,228.6000,228.6500,228.4000,228.6000,2900
2015-09-11 10:30:04,228.8000,228.8000,228.6000,228.6000,2000
2015-09-11 10:31:02,228.8000,228.9000,228.7500,228.8000,2600
2015-09-11 10:32:00,228.7500,228.9000,228.6000,228.9000,3300
2015-09-11 10:33:04,228.7500,228.7500,228.5000,228.7000,1500
2015-09-11 10:34:00,228.5000,228.7500,228.4000,228.7500,4100
2015-09-11 10:35:02,228.5000,228.6500,228.5000,228.6000,2800
2015-09-11 10:36:55,228.7500,228.7500,228.4500,228.5500,4800
2015-09-11 10:37:59,228.5500,228.7500,228.2000,228.6000,4900
2015-09-11 10:38:00,228.2500,228.6500,228.2500,228.4500,3000
2015-09-11 10:39:05,228.2500,228.4500,228.2000,228.2500,2600
2015-09-11 10:40:02,228.5500,228.6000,228.3500,228.3500,6600
2015-09-11 10:41:00,228.5500,228.6000,228.4500,228.5000,11300
2015-09-11 10:42:02,228.5000,228.7000,228.4500,228.5500,5000
2015-09-11 10:43:00,228.5000,228.6500,228.4500,228.6000,6200
2015-09-11 10:44:58,228.8500,228.9000,228.5500,228.6000,4200
2015-09-11 10:45:00,228.9500,229.0000,228.8500,228.9000,4200
2015-09-11 10:46:02,228.5500,228.9500,228.5000,228.9500,4900
2015-09-11 10:47:02,228.7000,228.9500,228.6500,228.7000,2200
2015-09-11 10:48:04,228.8500,229.0000,228.7500,228.8500,1200
2015-09-11 10:49:00,228.6000,229.0000,228.6000,228.8500,2600
2015-09-11 10:50:00,228.8000,228.8500,228.6500,228.7500,7700
2015-09-11 10:51:59,228.6500,228.7500,228.5500,228.7500,3400
2015-09-11 10:52:58,228.6500,228.6500,228.5000,228.6500,2800
2015-09-11 10:53:00,228.7000,228.8000,228.6000,228.6500,2500
2015-09-11 10:54:01,228.9500,229.0000,228.8000,228.9500,4000
2015-09-11 10:55:59,229.0500,229.3000,228.9500,228.9500,5900
2015-09-11 10:56:00,229.0000,229.2000,229.0000,229.0500,6400
2015-09-11 10:57:59,229.0000,229.2500,228.9500,228.9500,4500
2015-09-11 10:58:00,229.0500,229.3000,229.0000,229.0000,3900
2015-09-11 10:59:59,229.0500,229.1500,229.0000,229.0000,1700
2015-09-11 11:00:00,228.8500,229.1500,228.7000,229.0500,9000
2015-09-11 11:01:00,229.0000,229.0000,228.6000,228.7000,9500
2015-09-11 11:02:00,228.9000,229.1000,228.9000,228.9000,6700
2015-09-11 11:03:06,228.9000,229.1500,228.9000,229.0000,2900
2015-09-11 11:04:00,229.0000,229.1500,228.9000,228.9000,3100
2015-09-11 11:05:59,229.0000,229.1500,229.0000,229.0000,2600
2015-09-11 11:06:59,229.1000,229.1500,229.0000,229.0000,2800
2015-09-11 11:07:59,229.0500,229.1000,229.0000,229.0000,2400
2015-09-11 11:08:00,229.0500,229.1500,229.0000,229.0500,5700
2015-09-11 11:09:59,229.1500,229.1500,229.0500,229.0500,1400
2015-09-11 11:10:00,228.9500,229.1500,228.9500,229.1000,14400
2015-09-11 11:11:59,229.0000,229.0000,228.8500,228.9500,38500
2015-09-11 11:12:59,229.0500,229.2000,229.0000,229.0000,8200
2015-09-11 11:13:59,229.0000,229.1500,229.0000,229.0500,15500
2015-09-11 11:14:00,229.0500,229.1500,229.0000,229.0000,9500
2015-09-11 11:15:05,229.0000,229.3000,228.9500,229.1500,16700
2015-09-11 11:16:01,229.0000,229.1000,228.9500,229.0000,2000
2015-09-11 11:17:59,229.0000,229.1000,228.9500,229.0000,4500
2015-09-11 11:18:59,229.0000,229.1500,228.9000,229.0000,7400
2015-09-11 11:19:00,228.9500,229.1000,228.9000,228.9000,7600
2015-09-11 11:20:59,229.0000,229.1500,228.9500,229.0000,3100
2015-09-11 11:21:59,229.1500,229.2000,229.0000,229.0000,2800
2015-09-11 11:22:59,229.1000,229.2500,229.1000,229.2000,2400
2015-09-11 11:23:59,229.1500,229.3000,229.1000,229.1000,3300
2015-09-11 11:24:00,229.0500,229.3000,229.0500,229.1500,3700
2015-09-11 11:25:00,229.0000,229.2000,229.0000,229.0500,5000
2015-09-11 11:26:59,229.2500,229.2500,229.0000,229.0000,6500
2015-09-11 11:27:59,229.2500,229.2500,229.1000,229.1000,1900
2015-09-11 11:28:59,229.2000,229.2500,229.0500,229.2500,2600
2015-09-11 11:29:00,229.0500,229.2000,229.0500,229.0500,3300
2015-09-11 11:30:01,229.0000,229.2000,229.0000,229.2000,12600
2015-09-11 11:31:07,229.0500,229.2000,229.0000,229.0500,5700
2015-09-11 11:32:59,229.0000,229.1500,229.0000,229.0500,6900
2015-09-11 11:33:57,229.0000,229.2000,229.0000,229.0000,4900
2015-09-11 11:34:01,229.1500,229.1500,229.0000,229.1500,1800
2015-09-11 11:35:09,229.2000,229.3500,229.1500,229.1500,4300
2015-09-11 11:36:01,229.2500,229.3500,229.2000,229.2000,2500
2015-09-11 11:37:03,229.3000,229.3000,229.2500,229.3000,3000
2015-09-11 11:38:00,229.6000,229.6000,229.2000,229.2500,6200
2015-09-11 11:39:59,229.3500,229.6000,229.3500,229.6000,3500
2015-09-11 11:40:00,229.5500,229.6000,229.3500,229.3500,2000
2015-09-11 11:41:02,229.5500,229.7500,229.5000,229.5500,4300
2015-09-11 11:42:59,229.7000,229.8500,229.6000,229.7000,4100
2015-09-11 11:43:00,229.8000,229.8000,229.6000,229.6000,4200
2015-09-11 11:44:02,229.9000,229.9000,229.6500,229.8500,2900
2015-09-11 11:45:01,229.8000,229.8500,229.6000,229.8500,6900
2015-09-11 11:46:59,229.8000,229.8500,229.7000,229.8000,3100
2015-09-11 11:47:00,229.6500,229.8500,229.6500,229.7000,6800
2015-09-11 11:48:00,229.6000,229.8000,229.5500,229.7500,4200
2015-09-11 11:49:01,229.7000,229.7000,229.5500,229.6000,6000
2015-09-11 11:50:59,229.8000,229.8000,229.5500,229.5500,4600
2015-09-11 11:51:01,229.7000,229.8000,229.7000,229.7500,3700
2015-09-11 11:52:59,230.0000,230.0000,229.6500,229.7000,7600
2015-09-11 11:53:00,230.2500,230.2500,229.9000,229.9000,9700
2015-09-11 11:54:01,230.1500,230.3000,230.1500,230.3000,5700
2015-09-11 11:55:58,230.1500,230.2500,230.1000,230.2000,2300
2015-09-11 11:56:00,230.0000,230.1500,230.0000,230.1000,3000
2015-09-11 11:57:58,230.0500,230.1500,230.0000,230.1000,6100
2015-09-11 11:58:03,230.0000,230.1500,229.9500,230.0500,4200
2015-09-11 11:59:05,230.2500,230.2500,230.0500,230.0500,2200
2015-09-11 12:00:06,230.2500,230.2500,230.1500,230.1500,2400
2015-09-11 12:01:01,230.2000,230.2000,230.1000,230.2000,3600
2015-09-11 12:02:00,230.0500,230.2000,230.0500,230.1000,3100
2015-09-11 12:03:59,230.1000,230.1500,229.9500,230.1500,13400
2015-09-11 12:04:00,230.1000,230.1500,229.9500,230.0000,4700
2015-09-11 12:05:00,230.1500,230.2000,229.9500,230.1500,4100
2015-09-11 12:06:01,230.1500,230.2000,230.1500,230.2000,4100
2015-09-11 12:07:00,230.0000,230.1500,230.0000,230.1000,8000
2015-09-11 12:08:03,230.0500,230.1500,229.9500,230.0000,7400
2015-09-11 12:09:02,230.0000,230.0500,230.0000,230.0000,3700
2015-09-11 12:10:04,230.1000,230.1500,230.0000,230.1500,8700
2015-09-11 12:11:00,230.1000,230.1000,230.0000,230.0000,2300
2015-09-11 12:12:06,230.1000,230.1000,230.0000,230.1000,1600
2015-09-11 12:13:05,230.0500,230.1500,230.0000,230.1000,3200
2015-09-11 12:14:02,230.1500,230.1500,230.0000,230.0500,2400
2015-09-11 12:15:01,230.1500,230.1500,230.1000,230.1500,3300
2015-09-11 12:16:02,230.3000,230.3000,230.1000,230.1000,3000
2015-09-11 12:17:00,230.2500,230.3000,230.0000,230.3000,3400
2015-09-11 12:18:00,230.1000,230.2500,230.1000,230.2500,2200
2015-09-11 12:19:01,230.0500,230.2000,230.0500,230.1500,2800
2015-09-11 12:20:02,230.0000,230.1500,229.9500,230.1000,4500
2015-09-11 12:21:00,230.1000,230.1000,230.0000,230.0000,1600
2015-09-11 12:22:07,230.0500,230.1000,230.0000,230.1000,2100
2015-09-11 12:23:00,230.1000,230.1000,230.0000,230.1000,10700
2015-09-11 12:24:05,230.0000,230.1000,230.0000,230.1000,2200
2015-09-11 12:25:04,230.1000,230.1000,230.0000,230.0500,3100
2015-09-11 12:26:59,230.2500,230.2500,230.0500,230.0500,2500
2015-09-11 12:27:59,230.2000,230.2500,230.1000,230.2000,1700
2015-09-11 12:28:00,230.1000,230.2000,230.1000,230.1000,1800
2015-09-11 12:29:00,230.1000,230.2000,230.0000,230.2000,4900
2015-09-11 12:30:01,230.2000,230.2000,230.2000,230.2000,2700
2015-09-11 12:31:01,229.9500,230.1000,229.9500,230.0000,6800
2015-09-11 12:32:04,230.0000,230.1000,229.9500,230.0000,10800
2015-09-11 12:33:00,230.0000,230.1000,229.9500,230.0000,10500
2015-09-11 12:34:59,230.1000,230.1000,229.9000,230.0000,12500
2015-09-11 12:35:59,230.0000,230.1000,229.9500,230.0000,9200
2015-09-11 12:36:01,230.0000,230.0500,229.9000,230.0000,13800
2015-09-11 12:37:58,229.9000,230.1000,229.6500,230.1000,22300
2015-09-11 12:38:59,230.2000,230.2000,229.8500,229.9000,6900
2015-09-11 12:39:00,230.4000,230.4000,230.1500,230.2500,8500
2015-09-11 12:40:02,230.2500,230.4000,230.2000,230.3000,3100
2015-09-11 12:41:01,230.3000,230.4000,230.2000,230.2500,2600
2015-09-11 12:42:01,230.3000,230.5000,230.3000,230.3000,10500
2015-09-11 12:43:01,230.3500,230.5000,230.3500,230.5000,4900
2015-09-11 12:44:59,230.3000,230.4000,230.3000,230.3500,4600
2015-09-11 12:45:59,230.3500,230.4000,230.3000,230.4000,5800
2015-09-11 12:46:00,230.3500,230.4500,230.3500,230.3500,4300
2015-09-11 12:47:59,230.5000,230.5500,230.3500,230.3500,5100
2015-09-11 12:48:00,230.5500,230.5500,230.4500,230.5000,3600
2015-09-11 12:49:01,230.5500,230.5500,230.4500,230.5000,2400
2015-09-11 12:50:00,230.5500,230.5500,230.4500,230.5000,4900
2015-09-11 12:51:58,230.1000,230.5000,230.1000,230.5000,15100
2015-09-11 12:52:59,229.9000,230.0500,229.8500,230.0500,16600
2015-09-11 12:53:59,230.1000,230.1000,229.9000,229.9000,12600
2015-09-11 12:54:59,230.0000,230.2000,229.8000,230.2000,20400
2015-09-11 12:55:00,230.0500,230.1000,229.9000,230.0000,11600
2015-09-11 12:56:58,230.0500,230.0500,230.0000,230.0500,3600
2015-09-11 12:57:00,230.0000,230.0500,230.0000,230.0000,3800
2015-09-11 12:58:59,230.0000,230.1000,230.0000,230.0000,6100
2015-09-11 12:59:01,230.0000,230.1000,230.0000,230.0000,2800
2015-09-11 13:00:03,230.1000,230.1000,230.0000,230.1000,5100
2015-09-11 13:01:59,230.1000,230.2000,230.0000,230.0000,6000
2015-09-11 13:02:00,230.2500,230.2500,230.0500,230.0500,4700
2015-09-11 13:03:00,230.1000,230.1500,230.0500,230.1500,1500
2015-09-11 13:04:00,230.0000,230.2000,230.0000,230.1000,6300
2015-09-11 13:05:00,230.1500,230.2000,230.0000,230.1500,3800
2015-09-11 13:06:00,230.1000,230.2000,230.0500,230.0500,3100
2015-09-11 13:07:59,230.0000,230.2000,230.0000,230.1000,35400
2015-09-11 13:08:00,230.0000,230.1000,229.9500,230.0000,14500
2015-09-11 13:09:59,230.0000,230.0000,229.5500,230.0000,63100
2015-09-11 13:10:59,230.0000,230.0500,230.0000,230.0000,23000
2015-09-11 13:11:59,229.9500,230.1500,229.9500,230.0000,35300
2015-09-11 13:12:00,229.7000,230.0000,229.6500,230.0000,39500
2015-09-11 13:13:00,229.7500,230.1000,229.6500,229.7000,7500
2015-09-11 13:14:59,229.8500,230.0000,229.7500,229.7500,4400
2015-09-11 13:15:01,229.8500,230.0000,229.8000,229.8000,15500
2015-09-11 13:16:01,230.0000,230.0500,229.8500,229.8500,7400
2015-09-11 13:17:59,230.0000,230.1000,229.9500,230.0000,26500
2015-09-11 13:18:59,230.0000,230.1000,230.0000,230.0000,13500
2015-09-11 13:19:01,230.1000,230.1000,229.9500,230.0000,11600
2015-09-11 13:20:59,230.2000,230.3000,230.1000,230.1000,5100
2015-09-11 13:21:00,230.2000,230.3000,230.0000,230.2000,4200
2015-09-11 13:22:00,230.2500,230.2500,230.0500,230.0500,3300
2015-09-11 13:23:00,230.0500,230.1500,230.0000,230.1500,3400
2015-09-11 13:24:00,230.0500,230.0500,230.0000,230.0000,10900
2015-09-11 13:25:00,230.1000,230.2000,230.0000,230.0000,2300
2015-09-11 13:26:00,230.3500,230.3500,230.0500,230.0500,2800
2015-09-11 13:27:00,230.1500,230.2500,230.1000,230.2500,3700
2015-09-11 13:28:00,230.1000,230.3000,230.1000,230.2000,2800
2015-09-11 13:29:01,230.1000,230.1500,230.1000,230.1500,1500
2015-09-11 13:30:00,230.2500,230.4000,230.1000,230.1000,3700
2015-09-11 13:31:00,230.1000,230.4500,230.1000,230.3500,6500
2015-09-11 13:32:00,230.0500,230.1500,230.0000,230.0500,7200
2015-09-11 13:33:00,230.0500,230.4000,230.0000,230.0500,7100
2015-09-11 13:34:02,230.0500,230.1000,230.0000,230.0000,6300
2015-09-11 13:35:06,230.0500,230.1000,230.0000,230.0500,16100
2015-09-11 13:36:00,230.0000,230.2500,230.0000,230.1000,16500
2015-09-11 13:37:00,230.2000,230.2000,230.0000,230.0000,2700
2015-09-11 13:38:59,230.1000,230.2000,229.9500,230.0500,10000
2015-09-11 13:39:59,230.2000,230.2500,230.0500,230.1000,1800
2015-09-11 13:40:00,230.1000,230.4000,230.0500,230.2500,6100
2015-09-11 13:41:00,230.2500,230.4000,230.1000,230.1000,4500
2015-09-11 13:42:02,230.2500,230.4000,230.1000,230.1500,6500
2015-09-11 13:43:00,230.0500,230.3000,230.0000,230.2500,5900
2015-09-11 13:44:00,230.1500,230.2000,230.0000,230.0500,3400
2015-09-11 13:45:01,230.0000,230.2000,230.0000,230.1500,24000
2015-09-11 13:46:55,230.0500,230.2000,230.0000,230.0000,5300
2015-09-11 13:47:00,230.0000,230.1500,229.8000,230.0500,14700
2015-09-11 13:48:01,230.0000,230.0500,230.0000,230.0000,12100
2015-09-11 13:49:00,230.0000,230.1000,230.0000,230.0000,14800
2015-09-11 13:50:59,230.3000,230.5000,230.0000,230.0000,13800
2015-09-11 13:51:00,230.1500,230.5000,230.1000,230.2000,22100
2015-09-11 13:52:00,230.4500,230.4500,230.1000,230.1500,14900
2015-09-11 13:53:00,230.6500,230.7500,230.3500,230.4500,14300
2015-09-11 13:54:01,230.6000,230.8500,230.5500,230.6500,7500
2015-09-11 13:55:59,230.4000,230.7500,230.4000,230.6000,6700
2015-09-11 13:56:59,230.6000,230.6000,230.4000,230.4000,13400
2015-09-11 13:57:59,230.6000,230.7000,230.3000,230.6000,10400
2015-09-11 13:58:00,230.5000,230.6000,230.3500,230.4000,10800
2015-09-11 13:59:01,230.5500,230.6000,230.5000,230.5000,5800
2015-09-11 14:00:59,230.4000,230.7000,230.4000,230.5000,10500
2015-09-11 14:01:00,230.0500,230.3500,229.9000,230.3500,9900
2015-09-11 14:02:00,230.0000,230.1000,230.0000,230.0500,9900
2015-09-11 14:03:00,230.0000,230.1000,229.9500,230.0000,6200
2015-09-11 14:04:00,230.1000,230.1000,230.0000,230.0000,4100
2015-09-11 14:05:00,230.3500,230.3500,230.1000,230.1000,3000
2015-09-11 14:06:04,230.4000,230.4000,230.0500,230.3500,7200
2015-09-11 14:07:00,230.2500,230.4500,230.2000,230.4000,10400
2015-09-11 14:08:59,230.4500,230.4500,230.2500,230.2500,2800
2015-09-11 14:09:59,230.5000,230.6000,230.3500,230.4500,8700
2015-09-11 14:10:00,230.3500,230.5000,230.3500,230.4500,7500
2015-09-11 14:11:59,230.4500,230.4500,230.2500,230.3500,8400
2015-09-11 14:12:59,230.3500,230.6000,230.3000,230.4500,9300
2015-09-11 14:13:00,230.3500,230.5000,230.3000,230.3500,8500
2015-09-11 14:14:00,230.4000,230.4000,230.2500,230.3000,12200
2015-09-11 14:15:59,230.4000,230.4000,230.3000,230.3000,4200
2015-09-11 14:16:59,230.3000,230.4500,230.2500,230.3500,12000
2015-09-11 14:17:59,230.2500,230.4000,230.1000,230.2500,43000
2015-09-11 14:18:59,230.2000,230.2500,229.9500,230.1000,34600
2015-09-11 14:19:59,230.1000,230.2500,230.0500,230.1000,9200
2015-09-11 14:20:59,230.1000,230.2500,230.0000,230.1000,22600
2015-09-11 14:21:59,230.0500,230.1000,229.9000,230.1000,18100
2015-09-11 14:22:58,230.0500,230.2000,230.0000,230.0500,9700
2015-09-11 14:23:59,230.2000,230.2000,230.0000,230.1000,15100
2015-09-11 14:24:59,230.1500,230.2000,230.0000,230.2000,9600
2015-09-11 14:25:59,230.1000,230.1500,230.0000,230.1500,10900
2015-09-11 14:26:59,230.0500,230.1000,229.9500,230.1000,82600
2015-09-11 14:27:59,230.1000,230.1500,230.0000,230.1000,9400
2015-09-11 14:28:59,230.0000,230.1000,230.0000,230.0000,22100
2015-09-11 14:29:00,230.0500,230.1000,230.0000,230.1000,11300
2015-09-11 14:30:00,230.0500,230.2000,230.0000,230.1000,34500
2015-09-11 14:31:01,230.0500,230.0500,229.9500,230.0000,32400
2015-09-11 14:32:59,230.0500,230.2000,230.0000,230.0500,12100
2015-09-11 14:33:59,230.0500,230.0500,229.9500,230.0500,16400
2015-09-11 14:34:00,230.0500,230.1500,229.9000,230.1500,23000
2015-09-11 14:35:59,230.0500,230.1000,229.9500,230.0500,15100
2015-09-11 14:36:00,230.1000,230.1000,229.9500,230.0500,20500
2015-09-11 14:37:59,230.0000,230.0500,229.9500,230.0500,14400
2015-09-11 14:38:59,229.9000,230.0500,229.9000,230.0000,31500
2015-09-11 14:39:59,229.3000,230.0500,229.1500,230.0500,19000
2015-09-11 14:40:59,228.8500,229.5000,228.6500,229.5000,34800
2015-09-11 14:41:00,229.2500,229.2500,228.8500,228.9000,13900
2015-09-11 14:42:59,229.3500,229.5000,229.0500,229.2500,27500
2015-09-11 14:43:00,229.1000,229.7000,229.0000,229.3000,118900
2015-09-11 14:44:59,228.9000,229.1000,228.8500,229.1000,13900
2015-09-11 14:45:59,228.5000,228.9500,228.4500,228.9000,17200
2015-09-11 14:46:59,228.0000,228.4000,227.7000,228.3000,32400
2015-09-11 14:47:59,228.5500,228.7000,227.8500,228.0000,8800
2015-09-11 14:48:59,228.4500,228.7000,228.1000,228.5500,12200
2015-09-11 14:49:59,228.7000,228.8000,228.4500,228.6000,8300
2015-09-11 14:50:58,228.6500,228.9000,228.6000,228.9000,8100
2015-09-11 14:51:00,228.6500,228.8000,228.5000,228.6500,18300
2015-09-11 14:52:59,229.1000,229.1000,228.6500,228.6500,35300
2015-09-11 14:53:00,229.0500,229.1500,228.9000,229.1500,10500
2015-09-11 14:54:00,229.0000,229.1000,228.8000,229.0500,10400
2015-09-11 14:55:59,229.1500,229.1500,228.9500,229.1000,7400
2015-09-11 14:56:59,229.0500,229.2000,229.0000,229.1500,14700
2015-09-11 14:57:00,229.1000,229.2000,228.9500,229.0500,6700
2015-09-11 14:58:59,229.1500,229.1500,228.9000,229.1000,16200
2015-09-11 14:59:59,229.2500,229.3500,229.0000,229.0500,10700
2015-09-11 15:00:59,228.9000,229.2500,228.9000,229.2500,16100
2015-09-11 15:01:59,228.9000,229.1000,228.9000,229.0000,15400
2015-09-11 15:02:59,229.0500,229.2000,228.9000,229.0000,12900
2015-09-11 15:03:00,229.1000,229.2000,229.0000,229.1000,8600
2015-09-11 15:04:59,229.1000,229.1500,228.9000,229.0500,17700
2015-09-11 15:05:59,229.0500,229.1500,228.9000,229.1500,10900
2015-09-11 15:06:00,228.9500,229.0500,228.9000,229.0500,9300
2015-09-11 15:07:59,228.9500,229.0000,228.9000,228.9500,15400
2015-09-11 15:08:59,228.9000,229.0000,228.9000,228.9000,8800
2015-09-11 15:09:00,228.8500,228.9500,228.7500,228.9500,15300
2015-09-11 15:10:56,228.3500,228.8500,228.3500,228.8500,14600
2015-09-11 15:11:02,228.7000,228.8000,228.3500,228.4000,27600
2015-09-11 15:12:00,228.5500,228.7000,228.4500,228.7000,27700
2015-09-11 15:13:59,228.5500,228.7000,228.4500,228.5500,19000
2015-09-11 15:14:58,228.2000,228.5000,228.0500,228.5000,33400
2015-09-11 15:15:59,228.1500,228.3500,228.0000,228.1000,66800
2015-09-11 15:16:59,228.2000,228.5000,228.0000,228.1500,28300
2015-09-11 15:17:59,228.1000,228.4000,228.0000,228.4000,25200
2015-09-11 15:18:00,228.1500,228.2500,228.0000,228.2000,23800
2015-09-11 15:19:59,228.0500,228.2000,228.0000,228.2000,13300
2015-09-11 15:20:59,227.6500,228.1500,227.5500,228.1500,66500
2015-09-11 15:21:58,228.0000,228.2000,227.2000,227.6000,42500
2015-09-11 15:22:00,228.3500,228.3500,227.9000,228.0000,36300
2015-09-11 15:23:00,228.2500,228.5000,228.1000,228.3500,12900
2015-09-11 15:24:59,228.2000,228.3000,227.7500,228.2500,15600
2015-09-11 15:25:59,228.1000,228.3000,227.9500,228.1500,13200
2015-09-11 15:26:00,228.1500,228.1500,228.0000,228.1000,16300
2015-09-11 15:27:01,228.7000,228.7000,228.1500,228.1500,35500
2015-09-11 15:28:59,229.0000,229.1500,228.6000,228.7500,28900
2015-09-11 15:29:59,228.3500,229.1000,228.3500,229.1000,12000
2015-09-11 15:30:00,229.1000,229.1000,229.1000,229.1000,0
2015-09-14 09:15:01,227.2500,229.0000,227.2500,229.0000,23600
2015-09-14 09:16:01,226.9000,227.3000,226.7000,227.3000,25300
2015-09-14 09:17:03,226.7000,227.2000,226.3000,226.7000,18700
2015-09-14 09:18:00,227.0000,227.0500,226.6000,226.8000,8600
2015-09-14 09:19:00,227.2000,227.2000,226.7000,227.0000,12700
2015-09-14 09:20:00,227.1500,227.4500,227.0500,227.2000,6200
2015-09-14 09:21:01,227.1000,227.5500,227.0500,227.3000,10700
2015-09-14 09:22:01,227.1000,227.2000,226.8000,227.0500,3900
2015-09-14 09:23:59,227.4500,227.5500,227.0500,227.2500,8800
2015-09-14 09:24:01,227.4500,227.4500,227.3000,227.4000,4300
2015-09-14 09:25:01,227.3000,227.5000,227.2500,227.5000,5100
2015-09-14 09:26:00,227.1500,227.3500,227.0500,227.2500,5400
2015-09-14 09:27:02,226.8500,227.2000,226.7500,227.1000,8600
2015-09-14 09:28:01,226.7000,226.8000,226.5500,226.8000,9900
2015-09-14 09:29:00,226.5500,226.7000,226.4500,226.7000,10400
2015-09-14 09:30:12,227.0000,227.4000,227.0000,227.0000,3100
2015-09-14 09:31:01,227.0500,227.1500,226.8500,226.9500,4700
2015-09-14 09:32:00,226.7500,227.0000,226.6000,227.0000,4400
2015-09-14 09:33:07,226.5000,226.8500,226.0000,226.8000,12300
2015-09-14 09:34:03,226.5500,226.6000,226.3500,226.5000,4300
2015-09-14 09:35:00,226.5000,226.9000,226.5000,226.5000,4700
2015-09-14 09:36:01,226.5000,226.6000,226.3000,226.4000,1200
2015-09-14 09:37:01,226.6000,226.7000,226.5000,226.6000,4400
2015-09-14 09:38:00,226.7000,226.9500,226.5000,226.6000,3000
2015-09-14 09:39:00,226.9500,226.9500,226.5500,226.9500,5300
2015-09-14 09:40:01,227.3000,227.3000,226.7500,226.7500,9300
2015-09-14 09:41:00,226.9000,227.3000,226.9000,227.3000,1300
2015-09-14 09:42:01,227.0000,227.0000,226.6500,226.9000,7300
2015-09-14 09:43:04,226.8000,227.0000,226.7000,227.0000,2300
2015-09-14 09:44:10,227.0500,227.1000,226.8500,226.9500,2600
2015-09-14 09:45:07,227.3500,227.4500,227.0500,227.1000,4300
2015-09-14 09:46:02,227.3500,227.3500,227.2500,227.2500,900
2015-09-14 09:47:06,227.3500,227.3500,227.1000,227.2500,2500
2015-09-14 09:48:00,227.3000,227.3500,227.0500,227.3500,1800
2015-09-14 09:49:03,227.2500,227.2500,227.0500,227.0500,2300
2015-09-14 09:50:06,227.3500,227.3500,227.1000,227.2500,900
2015-09-14 09:51:02,227.2500,227.4000,227.1500,227.3500,1800
2015-09-14 09:52:00,227.3000,227.3500,227.1000,227.1000,600
2015-09-14 09:53:01,227.2000,227.2500,227.1000,227.1500,500
2015-09-14 09:54:06,227.2500,227.2500,227.2000,227.2000,2400
2015-09-14 09:55:05,227.2000,227.2000,227.0500,227.1000,1900
2015-09-14 09:56:13,227.3000,227.3000,227.1500,227.2500,3200
2015-09-14 09:57:01,227.3000,227.4000,227.2000,227.2000,3100
2015-09-14 09:58:06,227.2500,227.3500,227.2000,227.3000,300
2015-09-14 09:59:00,226.9000,227.2500,226.9000,227.2500,3300
2015-09-14 10:00:08,227.1000,227.1000,226.8000,226.8500,7100
2015-09-14 10:01:07,226.9000,227.1000,226.8000,227.0000,1600
2015-09-14 10:02:00,227.0000,227.0500,226.8500,226.9000,1200
2015-09-14 10:03:01,226.9000,226.9500,226.6500,226.9000,7500
2015-09-14 10:04:59,227.4000,227.4000,226.9000,227.0000,10700
2015-09-14 10:05:59,227.8000,227.8000,227.3500,227.3500,8400
2015-09-14 10:06:00,227.5000,227.8000,227.5000,227.8000,7300
2015-09-14 10:07:59,227.4000,227.5000,227.4000,227.5000,3600
2015-09-14 10:08:00,227.4000,227.4500,227.2500,227.4000,3200
2015-09-14 10:09:03,227.2000,227.4500,227.2000,227.4000,4200
2015-09-14 10:10:01,227.4500,227.4500,227.2500,227.2500,2600
2015-09-14 10:11:00,227.8000,227.8000,227.4500,227.4500,7500
2015-09-14 10:12:59,228.3500,228.4000,227.8500,227.8500,12900
2015-09-14 10:13:01,227.9000,228.4500,227.9000,228.4000,8300
2015-09-14 10:14:59,228.0000,228.3000,227.8500,227.9000,8500
2015-09-14 10:15:00,227.8000,228.0500,227.7000,228.0500,6600
2015-09-14 10:16:59,228.0500,228.0500,227.7500,227.8000,5400
2015-09-14 10:17:00,227.8500,228.0500,227.7000,228.0500,3400
2015-09-14 10:18:59,227.9000,228.0000,227.7000,227.8000,6700
2015-09-14 10:19:00,228.1500,228.3500,227.5000,227.8000,9600
2015-09-14 10:20:02,228.1000,228.2000,227.8000,228.0500,10700
2015-09-14 10:21:59,228.0000,228.2500,227.8500,227.9000,2000
2015-09-14 10:22:01,228.0000,228.2500,228.0000,228.0000,7600
2015-09-14 10:23:00,227.8500,228.0000,227.7000,228.0000,8800
2015-09-14 10:24:01,227.9000,227.9000,227.7000,227.8500,3800
2015-09-14 10:25:04,227.4500,227.9500,227.3000,227.9500,13900
2015-09-14 10:26:06,227.4000,227.5000,227.1000,227.3500,6000
2015-09-14 10:27:00,227.4000,227.4000,227.3000,227.4000,3300
2015-09-14 10:28:03,227.4500,227.4500,227.3000,227.3000,5900
2015-09-14 10:29:01,227.3000,227.3000,227.2000,227.3000,1800
2015-09-14 10:30:59,227.3500,227.4000,227.2000,227.3000,3300
2015-09-14 10:31:00,227.2500,227.4000,227.2500,227.3500,1300
2015-09-14 10:32:05,227.2500,227.3000,227.1500,227.2000,2200
2015-09-14 10:33:14,227.3000,227.3500,227.1000,227.1000,3300
2015-09-14 10:34:04,227.2500,227.4500,227.2000,227.3500,5000
2015-09-14 10:35:04,226.9000,227.2500,226.7500,227.2500,7400
2015-09-14 10:36:01,227.0000,227.2000,227.0000,227.0500,3300
2015-09-14 10:37:03,227.0000,227.2500,227.0000,227.0000,8700
2015-09-14 10:38:00,227.1000,227.3000,227.1000,227.3000,700
2015-09-14 10:39:59,227.1500,227.2500,227.0000,227.2500,2600
2015-09-14 10:40:00,227.1000,227.2000,227.0000,227.1500,800
2015-09-14 10:41:01,227.3000,227.3000,227.1000,227.1000,2400
2015-09-14 10:42:06,227.5000,227.5000,227.3000,227.3000,1500
2015-09-14 10:43:00,227.6000,227.7000,227.3500,227.5000,2400
2015-09-14 10:44:00,227.7000,227.7500,227.5000,227.6000,2700
2015-09-14 10:45:58,227.7500,227.8000,227.6000,227.6000,3300
2015-09-14 10:46:00,227.6000,227.6500,227.4500,227.6000,1600
2015-09-14 10:47:17,227.3500,227.5000,227.3500,227.5000,1400
2015-09-14 10:48:59,227.3000,227.4500,227.1000,227.3500,3800
2015-09-14 10:49:00,227.3500,227.3500,227.1000,227.3000,3000
2015-09-14 10:50:01,227.3500,227.4000,227.2500,227.2500,2100
2015-09-14 10:51:00,227.3500,227.4000,227.2000,227.4000,4500
2015-09-14 10:52:59,227.1500,227.3500,227.1000,227.2000,9900
2015-09-14 10:53:00,227.3000,227.3000,227.1000,227.3000,4900
2015-09-14 10:54:07,227.4000,227.4000,227.2500,227.3500,1200
2015-09-14 10:55:18,227.4000,227.4000,227.2500,227.4000,500
2015-09-14 10:56:01,227.2000,227.4000,227.1500,227.4000,1700
2015-09-14 10:57:08,227.2500,227.4000,227.2000,227.4000,1600
2015-09-14 10:58:06,227.4500,227.4500,227.2000,227.3000,1500
2015-09-14 10:59:03,227.3500,227.4500,227.3500,227.4500,3900
2015-09-14 11:00:00,227.5000,227.5000,227.3500,227.4500,1700
2015-09-14 11:01:03,227.5500,227.5500,227.4500,227.4500,900
2015-09-14 11:02:00,227.5500,227.5500,227.4000,227.5000,3100
2015-09-14 11:03:00,227.5000,227.5000,227.4000,227.4000,1300
2015-09-14 11:04:01,227.3500,227.6000,227.3500,227.5000,1100
2015-09-14 11:05:00,227.4500,227.5500,227.3500,227.3500,1200
2015-09-14 11:06:00,227.4000,227.6000,227.3500,227.4500,1000
2015-09-14 11:07:00,227.3500,227.4000,227.2000,227.3500,3500
2015-09-14 11:08:00,227.1500,227.3500,227.1000,227.2000,2000
2015-09-14 11:09:59,227.4500,227.5000,227.1500,227.3000,4200
2015-09-14 11:10:00,227.5500,227.5500,227.3500,227.3500,1000
2015-09-14 11:11:00,227.5000,227.6000,227.4500,227.4500,1800
2015-09-14 11:12:00,227.6000,227.6000,227.4500,227.4500,5300
2015-09-14 11:13:58,227.7500,227.8500,227.5000,227.5000,5600
2015-09-14 11:14:00,227.6500,227.8000,227.6500,227.7500,1100
2015-09-14 11:15:00,227.8000,227.8000,227.7000,227.7000,500
2015-09-14 11:16:01,227.6000,227.8000,227.6000,227.7500,8200
2015-09-14 11:17:00,227.6000,227.7000,227.6000,227.6000,800
2015-09-14 11:18:00,227.5500,227.6500,227.5500,227.6000,800
2015-09-14 11:19:00,227.5000,227.6500,227.5000,227.5500,1100
2015-09-14 11:20:00,227.6000,227.6000,227.5000,227.5500,700
2015-09-14 11:21:59,227.6000,227.7000,227.5000,227.6000,2800
2015-09-14 11:22:59,227.6000,227.6000,227.5000,227.5000,1600
2015-09-14 11:23:00,227.5000,227.6000,227.5000,227.5000,2600
2015-09-14 11:24:00,227.6000,227.6500,227.5000,227.5000,300
2015-09-14 11:25:00,227.5000,227.6000,227.5000,227.5000,2000
2015-09-14 11:26:00,227.5000,227.6000,227.5000,227.5000,2500
2015-09-14 11:27:00,227.5000,227.6000,227.5000,227.5000,2600
2015-09-14 11:28:59,227.5000,227.5500,227.5000,227.5000,4800
2015-09-14 11:29:59,227.5000,227.6000,227.5000,227.5500,3100
2015-09-14 11:30:59,227.5000,227.5500,227.4500,227.5000,3400
2015-09-14 11:31:59,227.5500,227.6000,227.5000,227.5000,3000
2015-09-14 11:32:59,227.5000,227.6000,227.5000,227.5500,1400
2015-09-14 11:33:00,227.5500,227.6500,227.5000,227.5000,1400
2015-09-14 11:34:00,227.5000,227.6000,227.5000,227.5000,1400
2015-09-14 11:35:59,227.5000,227.5500,227.5000,227.5000,2400
2015-09-14 11:36:00,227.5000,227.5500,227.5000,227.5000,1900
2015-09-14 11:37:59,227.5000,227.5500,227.5000,227.5000,1500
2015-09-14 11:38:59,227.5000,227.6000,227.5000,227.5000,900
2015-09-14 11:39:59,227.4500,227.6000,227.4500,227.5000,2400
2015-09-14 11:40:59,227.5500,227.6000,227.4500,227.4500,3200
2015-09-14 11:41:00,227.5000,227.6000,227.5000,227.5500,2500
2015-09-14 11:42:58,227.5000,227.6000,227.5000,227.5000,5400
2015-09-14 11:43:59,227.6000,227.6000,227.5000,227.5000,1200
2015-09-14 11:44:59,227.5500,227.6500,227.5500,227.6000,1300
2015-09-14 11:45:58,227.5500,227.6000,227.5500,227.5500,1400
2015-09-14 11:46:59,227.5000,227.6000,227.5000,227.5500,1300
2015-09-14 11:47:59,227.5000,227.6000,227.5000,227.5000,1400
2015-09-14 11:48:59,227.6000,227.6000,227.5000,227.5000,1900
2015-09-14 11:49:00,227.5000,227.6000,227.5000,227.5500,1300
2015-09-14 11:50:59,227.5500,227.6500,227.5000,227.5000,3100
2015-09-14 11:51:00,227.5000,227.6000,227.5000,227.5500,1500
2015-09-14 11:52:59,227.5500,227.6000,227.5000,227.5000,2000
2015-09-14 11:53:59,227.5000,227.6000,227.5000,227.5500,1000
2015-09-14 11:54:58,227.5000,227.5500,227.5000,227.5000,2400
2015-09-14 11:55:59,227.5000,227.5500,227.5000,227.5000,1500
2015-09-14 11:56:59,227.5000,227.6000,227.5000,227.5000,1700
2015-09-14 11:57:59,227.5000,227.5500,227.5000,227.5000,1500
2015-09-14 11:58:59,227.5000,227.6000,227.5000,227.5000,2300
2015-09-14 11:59:59,227.5000,227.6500,227.5000,227.5000,2000
2015-09-14 12:00:00,227.5500,227.6500,227.5000,227.5000,2800
2015-09-14 12:01:59,227.5500,227.6500,227.5500,227.5500,800
2015-09-14 12:02:59,227.6000,227.7500,227.5500,227.5500,3300
2015-09-14 12:03:00,227.6500,227.8000,227.6000,227.6000,1700
2015-09-14 12:04:59,227.6500,227.8000,227.6500,227.7500,1100
2015-09-14 12:05:59,227.6500,227.7500,227.6000,227.6500,1800
2015-09-14 12:06:59,227.6000,227.7500,227.6000,227.6500,2600
2015-09-14 12:07:59,227.5000,227.6000,227.5000,227.6000,1400
2015-09-14 12:08:59,227.5000,227.6000,227.5000,227.5000,6400
2015-09-14 12:09:59,227.5000,227.5500,227.5000,227.5500,9400
2015-09-14 12:10:59,227.5000,227.6500,227.5000,227.5000,800
2015-09-14 12:11:59,227.5000,227.5500,227.5000,227.5000,8500
2015-09-14 12:12:59,227.5500,227.6500,227.5000,227.5000,1100
2015-09-14 12:13:00,227.5000,227.5500,227.5000,227.5000,1700
2015-09-14 12:14:59,227.5000,227.5500,227.5000,227.5500,9600
2015-09-14 12:15:59,227.5000,227.5500,227.5000,227.5000,3000
2015-09-14 12:16:59,227.5500,227.5500,227.5000,227.5000,2000
2015-09-14 12:17:00,227.5000,227.5500,227.5000,227.5000,600
2015-09-14 12:18:59,227.4500,227.5500,227.4500,227.5000,5200
2015-09-14 12:19:59,227.4500,227.5500,227.4500,227.4500,8200
2015-09-14 12:20:59,227.4500,227.5500,227.4500,227.4500,800
2015-09-14 12:21:59,227.5000,227.5500,227.4500,227.4500,2300
2015-09-14 12:22:59,227.5000,227.5500,227.5000,227.5000,1400
2015-09-14 12:23:58,227.5000,227.6000,227.5000,227.5000,1300
2015-09-14 12:24:59,227.5000,227.5500,227.5000,227.5000,1100
2015-09-14 12:25:58,227.5000,227.6000,227.5000,227.5000,2900
2015-09-14 12:26:00,227.5000,227.6000,227.5000,227.5000,1000
2015-09-14 12:27:00,227.5000,227.5500,227.5000,227.5000,600
2015-09-14 12:28:58,227.5000,227.5500,227.5000,227.5000,1200
2015-09-14 12:29:58,227.5000,227.5500,227.5000,227.5000,1900
2015-09-14 12:30:58,227.5500,227.6000,227.5000,227.5000,1800
2015-09-14 12:31:58,227.5000,227.6000,227.5000,227.5500,2500
2015-09-14 12:32:00,227.5000,227.6000,227.5000,227.5000,1500
2015-09-14 12:33:00,227.5000,227.5500,227.5000,227.5000,3100
2015-09-14 12:34:58,227.4500,227.5500,227.4500,227.5500,1900
2015-09-14 12:35:00,227.5500,227.5500,227.4500,227.4500,6700
2015-09-14 12:36:00,227.5500,227.7000,227.5500,227.6000,3600
2015-09-14 12:37:00,227.6500,227.8500,227.5500,227.7000,5100
2015-09-14 12:38:57,227.6500,227.7500,227.6000,227.6000,1700
2015-09-14 12:39:00,227.7000,227.8000,227.6500,227.6500,1300
2015-09-14 12:40:00,227.7500,227.8500,227.7000,227.7000,2200
2015-09-14 12:41:59,227.8000,228.0000,227.7500,227.7500,2600
2015-09-14 12:42:00,227.7500,228.0000,227.7500,227.8000,15400
2015-09-14 12:43:59,227.8500,227.9500,227.7500,227.7500,1900
2015-09-14 12:44:00,227.8500,227.9500,227.8000,227.8500,2500
2015-09-14 12:45:58,228.0000,228.0000,227.8000,227.8500,1600
2015-09-14 12:46:58,227.9500,228.0000,227.9000,227.9500,2900
2015-09-14 12:47:00,227.9500,228.0000,227.9500,227.9500,1200
2015-09-14 12:48:59,227.9500,228.0000,227.9000,227.9500,1200
2015-09-14 12:49:00,227.9000,228.0500,227.9000,227.9000,5200
2015-09-14 12:50:01,228.0000,228.1000,227.9000,227.9500,1700
2015-09-14 12:51:59,228.1000,228.1500,227.9000,228.0000,1100
2015-09-14 12:52:59,228.1500,228.1500,228.0000,228.1000,2100
2015-09-14 12:53:58,228.0000,228.1500,228.0000,228.0000,1300
2015-09-14 12:54:59,228.1500,228.3500,228.0000,228.0000,6800
2015-09-14 12:55:59,228.1000,228.2500,228.0000,228.2500,2800
2015-09-14 12:56:59,228.0500,228.1500,228.0000,228.0000,1900
2015-09-14 12:57:59,228.0500,228.2000,228.0000,228.0500,2800
2015-09-14 12:58:59,228.0500,228.2000,228.0500,228.0500,1500
2015-09-14 12:59:58,228.0500,228.1000,228.0000,228.0500,900
2015-09-14 13:00:58,228.1500,228.2500,228.0500,228.0500,3800
2015-09-14 13:01:59,228.2000,228.3000,228.1500,228.2500,1800
2015-09-14 13:02:58,228.0500,228.2000,228.0500,228.1500,700
2015-09-14 13:03:58,228.1000,228.1500,228.0000,228.0500,1900
2015-09-14 13:04:58,228.0500,228.2000,228.0500,228.1000,2000
2015-09-14 13:05:00,228.0000,228.2000,228.0000,228.0500,800
2015-09-14 13:06:00,228.0000,228.2000,228.0000,228.0500,2000
2015-09-14 13:07:57,228.0000,228.2000,228.0000,228.0000,4700
2015-09-14 13:08:59,228.0500,228.0500,228.0000,228.0000,1200
2015-09-14 13:09:58,228.0000,228.1000,228.0000,228.0500,1300
2015-09-14 13:10:00,228.0500,228.1000,228.0000,228.0000,3000
2015-09-14 13:11:00,228.0500,228.1000,228.0500,228.0500,1900
2015-09-14 13:12:58,228.0000,228.1000,228.0000,228.0000,600
2015-09-14 13:13:00,228.0500,228.1500,228.0000,228.0000,1500
2015-09-14 13:14:58,228.1000,228.1500,228.0500,228.0500,2500
2015-09-14 13:15:00,228.1500,228.1500,228.1000,228.1000,1100
2015-09-14 13:16:00,228.0000,228.1500,228.0000,228.1000,1100
2015-09-14 13:17:59,228.1000,228.2000,228.0000,228.2000,1900
2015-09-14 13:18:59,228.0500,228.1000,228.0000,228.0500,600
2015-09-14 13:19:58,228.0000,228.1000,228.0000,228.0500,1300
2015-09-14 13:20:59,228.0000,228.0500,228.0000,228.0000,2000
2015-09-14 13:21:58,228.0000,228.1000,228.0000,228.0000,1800
2015-09-14 13:22:58,228.1000,228.1500,228.0000,228.0000,1200
2015-09-14 13:23:00,228.0000,228.1500,228.0000,228.1000,1300
2015-09-14 13:24:58,228.0000,228.0500,228.0000,228.0000,2400
2015-09-14 13:25:59,228.0000,228.0500,228.0000,228.0000,2200
2015-09-14 13:26:58,228.0000,228.1000,228.0000,228.0000,1500
2015-09-14 13:27:59,228.0000,228.0500,228.0000,228.0000,1500
2015-09-14 13:28:59,228.0000,228.0500,228.0000,228.0000,1600
2015-09-14 13:29:00,228.0000,228.0500,228.0000,228.0000,5100
2015-09-14 13:30:58,228.0000,228.0500,228.0000,228.0500,1000
2015-09-14 13:31:00,228.0000,228.0500,228.0000,228.0000,1700
2015-09-14 13:32:01,228.0500,228.1000,228.0000,228.0000,3100
2015-09-14 13:33:00,228.0500,228.1500,228.0500,228.0500,1100
2015-09-14 13:34:00,228.0500,228.1500,228.0500,228.0500,1200
2015-09-14 13:35:00,228.0000,228.1500,228.0000,228.0500,1400
2015-09-14 13:36:59,228.0000,228.1000,228.0000,228.0500,4100
2015-09-14 13:37:58,228.1000,228.1000,228.0000,228.0000,2300
2015-09-14 13:38:00,228.0000,228.2000,228.0000,228.1000,4600
2015-09-14 13:39:59,228.0500,228.0500,228.0000,228.0000,5100
2015-09-14 13:40:00,228.0500,228.1000,228.0000,228.0000,10000
2015-09-14 13:41:00,228.0000,228.1500,228.0000,228.0500,2100
2015-09-14 13:42:57,228.0000,228.1000,228.0000,228.0000,7100
2015-09-14 13:43:00,228.0000,228.1000,228.0000,228.0000,1000
2015-09-14 13:44:00,228.0000,228.0500,228.0000,228.0000,3300
2015-09-14 13:45:58,228.0500,228.1000,228.0000,228.0000,1900
2015-09-14 13:46:00,228.0000,228.1000,228.0000,228.0500,3400
2015-09-14 13:47:00,228.0000,228.0500,228.0000,228.0000,4000
2015-09-14 13:48:00,228.0000,228.0500,228.0000,228.0000,4700
2015-09-14 13:49:58,228.0000,228.0500,228.0000,228.0000,3400
2015-09-14 13:50:00,228.0000,228.0500,228.0000,228.0000,3400
2015-09-14 13:51:58,228.0000,228.1500,228.0000,228.0000,6900
2015-09-14 13:52:59,228.0000,228.1000,228.0000,228.0000,2600
2015-09-14 13:53:00,228.0000,228.0500,228.0000,228.0000,11500
2015-09-14 13:54:59,228.0000,228.1000,227.9500,228.0000,10900
2015-09-14 13:55:00,227.8500,227.9500,227.8500,227.9500,4900
2015-09-14 13:56:59,227.8500,227.9000,227.5500,227.8500,5300
2015-09-14 13:57:00,227.8500,227.9500,227.8000,227.8000,1400
2015-09-14 13:58:00,227.8500,227.9000,227.8000,227.8500,1900
2015-09-14 13:59:59,227.9000,227.9500,227.8000,227.8000,1600
2015-09-14 14:00:00,227.7500,227.9000,227.7500,227.8000,1300
2015-09-14 14:01:58,227.7500,227.8500,227.7000,227.8000,500
2015-09-14 14:02:00,227.7500,227.8500,227.7500,227.7500,1500
2015-09-14 14:03:00,227.7500,227.8000,227.7500,227.7500,4100
2015-09-14 14:04:00,227.8000,227.8500,227.7000,227.7500,700
2015-09-14 14:05:58,227.7500,227.9000,227.7500,227.8000,2100
2015-09-14 14:06:00,227.7500,227.8500,227.7500,227.7500,1100
2015-09-14 14:07:59,227.8000,227.8500,227.7500,227.7500,1200
2015-09-14 14:08:59,227.8000,227.8500,227.7500,227.8000,1500
2015-09-14 14:09:00,227.7000,227.9000,227.7000,227.8000,600
2015-09-14 14:10:59,227.7500,227.7500,227.7000,227.7000,1700
2015-09-14 14:11:01,227.7500,227.8000,227.7500,227.7500,6300
2015-09-14 14:12:00,227.7500,227.8000,227.7000,227.7500,17100
2015-09-14 14:13:00,227.8000,227.8500,227.7500,227.7500,2500
2015-09-14 14:14:00,227.7500,227.8000,227.7500,227.8000,5600
2015-09-14 14:15:00,227.7500,227.9000,227.7500,227.7500,5600
2015-09-14 14:16:00,227.8500,227.9500,227.7500,227.7500,3000
2015-09-14 14:17:01,227.8000,227.9000,227.8000,227.8500,600
2015-09-14 14:18:00,227.7500,227.9500,227.7500,227.8000,2800
2015-09-14 14:19:00,227.8000,227.8000,227.7500,227.7500,1300
2015-09-14 14:20:00,227.7500,227.9000,227.7500,227.7500,1600
2015-09-14 14:21:00,227.7500,227.8500,227.7500,227.7500,1200
2015-09-14 14:22:00,227.7500,227.8000,227.7500,227.7500,4600
2015-09-14 14:23:58,227.7500,227.9000,227.7500,227.7500,2800
2015-09-14 14:24:00,227.8000,227.8500,227.7500,227.7500,1100
2015-09-14 14:25:05,227.7500,227.9000,227.7500,227.8500,1900
2015-09-14 14:26:00,227.7500,227.8000,227.7500,227.7500,1700
2015-09-14 14:27:59,227.7500,227.8500,227.7500,227.7500,2000
2015-09-14 14:28:59,227.7500,227.8000,227.7500,227.7500,1900
2015-09-14 14:29:59,227.7500,227.8500,227.7500,227.7500,1800
2015-09-14 14:30:00,227.8000,227.9000,227.7500,227.7500,4900
2015-09-14 14:31:00,227.8500,227.9500,227.8000,227.8000,5100
2015-09-14 14:32:00,227.9500,228.0000,227.8500,227.8500,5800
2015-09-14 14:33:00,228.3500,228.5500,227.9500,227.9500,11400
2015-09-14 14:34:00,228.5000,228.6000,228.3500,228.3500,7000
2015-09-14 14:35:58,228.5000,228.7000,228.5000,228.5500,8500
2015-09-14 14:36:00,228.7000,228.7500,228.5000,228.5000,7000
2015-09-14 14:37:59,228.8000,228.8500,228.7000,228.7000,2800
2015-09-14 14:38:00,229.3500,229.6000,228.8000,228.8000,21900
2015-09-14 14:39:59,229.2000,229.3500,228.8500,229.3500,15000
2015-09-14 14:40:00,228.6000,229.2000,228.5500,229.2000,6100
2015-09-14 14:41:59,228.4500,228.7000,228.4500,228.6000,9800
2015-09-14 14:42:59,228.8500,228.8500,228.3500,228.4000,10400
2015-09-14 14:43:59,229.1500,229.2000,228.9000,228.9000,7000
2015-09-14 14:44:00,229.3000,229.3000,229.0000,229.2000,7000
2015-09-14 14:45:59,229.3500,229.4500,229.2500,229.3000,18000
2015-09-14 14:46:01,229.7000,229.9000,229.2500,229.4000,16400
2015-09-14 14:47:00,229.4500,229.9000,229.3500,229.9000,12000
2015-09-14 14:48:00,229.5000,229.7500,229.4500,229.4500,9400
2015-09-14 14:49:01,229.5500,229.7000,229.2500,229.7000,9000
2015-09-14 14:50:59,229.6000,229.7000,229.5000,229.5500,5000
2015-09-14 14:51:00,229.3500,229.7000,229.3500,229.6000,4000
2015-09-14 14:52:00,229.4500,229.5500,229.4000,229.4000,8100
2015-09-14 14:53:00,229.4500,229.5000,229.4000,229.4500,4200
2015-09-14 14:54:59,229.4000,229.5500,229.3000,229.4500,10600
2015-09-14 14:55:59,229.3500,229.7000,229.3500,229.5000,13800
2015-09-14 14:56:00,229.4500,229.5500,229.4000,229.4000,2200
2015-09-14 14:57:58,229.4500,229.4500,229.2500,229.4500,7600
2015-09-14 14:58:00,229.4500,229.5000,229.3000,229.3000,5600
2015-09-14 14:59:00,229.4500,229.5000,229.3500,229.4500,5100
2015-09-14 15:00:00,229.6000,229.7000,229.4000,229.5000,18700
2015-09-14 15:01:59,229.7000,229.7500,229.6000,229.7000,9300
2015-09-14 15:02:59,229.8000,230.0000,229.7000,229.7000,20100
2015-09-14 15:03:59,229.7500,229.9000,229.6500,229.8000,13300
2015-09-14 15:04:00,229.3000,229.7500,229.3000,229.7500,23200
2015-09-14 15:05:59,229.2000,229.5000,229.1500,229.3000,10700
2015-09-14 15:06:59,229.2500,229.3500,229.1500,229.2000,15600
2015-09-14 15:07:00,229.4000,229.4500,229.2000,229.2500,8300
2015-09-14 15:08:00,229.5000,229.6000,229.3500,229.4000,28400
2015-09-14 15:09:59,229.6000,229.6000,229.4000,229.4000,14800
2015-09-14 15:10:00,229.8000,229.9000,229.6000,229.6000,20200
2015-09-14 15:11:59,229.8500,229.9000,229.7000,229.8000,31100
2015-09-14 15:12:59,229.8000,229.9000,229.7000,229.8500,19600
2015-09-14 15:13:59,229.9000,229.9500,229.7500,229.8000,28500
2015-09-14 15:14:00,230.2000,230.4000,229.8500,229.8500,43900
2015-09-14 15:15:59,230.2500,230.4000,229.9500,230.4000,45800
2015-09-14 15:16:00,230.0000,230.3500,230.0000,230.2500,26600
2015-09-14 15:17:59,230.2000,230.2500,230.0000,230.0000,21200
2015-09-14 15:18:00,230.0000,230.1500,229.9000,230.0500,31800
2015-09-14 15:19:59,229.9000,230.1000,229.9000,230.0000,36800
2015-09-14 15:20:58,229.8000,229.9500,229.7500,229.9000,30300
2015-09-14 15:21:59,229.7500,229.9000,229.6500,229.8000,20300
2015-09-14 15:22:58,229.8000,229.8500,229.7500,229.8000,17000
2015-09-14 15:23:59,229.5000,230.0000,229.5000,229.8000,26900
2015-09-14 15:24:58,229.4500,229.8500,229.3500,229.7500,18100
2015-09-14 15:25:00,229.1500,229.6000,229.1500,229.3000,20300
2015-09-14 15:26:59,228.8500,229.2000,228.7000,229.1500,27800
2015-09-14 15:27:59,228.7500,228.8000,228.5500,228.7500,31700
2015-09-14 15:28:59,228.3000,228.8000,228.1500,228.8000,22500
2015-09-14 15:29:01,229.0000,229.4000,228.1000,228.3500,26700
2015-09-14 15:30:00,229.6500,229.6500,229.6500,229.6500,2900
2015-09-15 09:15:59,229.3500,229.6500,228.9500,229.6500,27100
2015-09-15 09:16:59,229.7500,230.0000,229.0500,229.3500,12600
2015-09-15 09:17:00,229.9000,229.9000,229.6000,229.7000,7800
2015-09-15 09:18:59,230.4500,230.5000,229.7500,229.8500,14300
2015-09-15 09:19:59,229.9500,230.5000,229.9500,230.5000,23300
2015-09-15 09:20:58,229.9000,230.0000,229.5000,229.9500,8600
2015-09-15 09:21:00,230.7000,230.7000,229.7000,229.7500,5000
2015-09-15 09:22:59,230.9000,231.0000,230.5000,230.6500,17100
2015-09-15 09:23:59,231.5500,231.7500,230.9000,230.9000,18800
2015-09-15 09:24:00,231.4500,231.5500,231.1000,231.5500,11800
2015-09-15 09:25:59,231.2500,231.5500,231.0500,231.5500,17400
2015-09-15 09:26:59,231.4500,231.6500,231.2500,231.2500,7700
2015-09-15 09:27:00,231.4500,231.5000,231.3000,231.4500,3800
2015-09-15 09:28:59,231.1000,231.6000,231.0000,231.5500,13600
2015-09-15 09:29:00,231.4500,231.5000,231.0000,231.0000,7700
2015-09-15 09:30:59,231.3000,231.5000,231.2000,231.4500,5600
2015-09-15 09:31:59,231.2500,231.4500,231.2000,231.4500,11200
2015-09-15 09:32:59,231.0000,231.4000,230.7500,231.2500,15300
2015-09-15 09:33:00,230.6500,231.1000,230.6500,231.0000,7200
2015-09-15 09:34:59,230.3000,230.7500,230.2500,230.7500,5600
2015-09-15 09:35:59,230.5000,230.5500,230.2500,230.3000,14400
2015-09-15 09:36:59,230.3500,230.6500,230.1500,230.5000,3300
2015-09-15 09:37:59,230.6500,231.0000,230.1500,230.1500,7200
2015-09-15 09:38:00,230.9000,230.9000,230.4500,230.5000,5200
2015-09-15 09:39:00,230.6000,231.1500,230.4500,230.8500,7400
2015-09-15 09:40:59,230.4500,230.8500,230.3500,230.6500,3700
2015-09-15 09:41:59,230.1500,230.5500,230.1000,230.4500,5700
2015-09-15 09:42:59,230.3500,230.4000,230.1000,230.1500,3500
2015-09-15 09:43:59,230.4500,230.5000,230.1500,230.4000,5800
2015-09-15 09:44:00,230.3000,230.6500,230.2500,230.5000,2200
2015-09-15 09:45:03,230.6500,230.6500,230.2500,230.3000,5500
2015-09-15 09:46:59,231.2000,231.2500,230.6500,230.6500,13200
2015-09-15 09:47:00,231.2000,231.3000,230.7500,231.1000,10400
2015-09-15 09:48:59,231.4000,231.4500,231.2000,231.2000,5500
2015-09-15 09:49:00,231.2000,231.4500,231.0000,231.4000,4100
2015-09-15 09:50:59,231.4000,231.4000,231.0500,231.1500,4600
2015-09-15 09:51:00,231.6000,231.7000,231.4000,231.4000,8500
2015-09-15 09:52:59,231.7500,231.9000,231.6500,231.7000,14600
2015-09-15 09:53:59,231.7000,231.7000,231.5000,231.7000,4400
2015-09-15 09:54:00,231.7000,231.8500,231.6000,231.7500,3500
2015-09-15 09:55:59,231.7000,231.8500,231.6000,231.6500,15100
2015-09-15 09:56:59,231.6000,231.8000,231.5500,231.7000,3100
2015-09-15 09:57:00,231.6000,231.7000,231.5500,231.6000,2800
2015-09-15 09:58:06,231.5000,231.6500,231.4500,231.5500,6000
2015-09-15 09:59:59,231.3000,231.5000,231.1000,231.4000,5700
2015-09-15 10:00:59,231.4500,231.5000,231.1500,231.3000,4900
2015-09-15 10:01:59,231.5000,231.7000,231.4000,231.4500,6000
2015-09-15 10:02:59,231.4000,231.6500,231.3500,231.5000,3500
2015-09-15 10:03:00,230.9500,231.3500,230.3500,231.3500,11400
2015-09-15 10:04:00,230.9000,231.1000,230.7000,230.7000,8300
2015-09-15 10:05:59,231.1000,231.1500,230.8500,230.9000,2800
2015-09-15 10:06:59,230.9500,231.1500,230.8500,231.0500,8800
2015-09-15 10:07:58,230.9000,231.0000,230.6500,230.9500,3400
2015-09-15 10:08:59,230.9000,231.2000,230.7000,230.9000,7600
2015-09-15 10:09:59,230.8000,230.9500,230.7500,230.9000,4600
2015-09-15 10:10:00,230.4000,230.8000,230.4000,230.8000,2500
2015-09-15 10:11:00,230.2000,230.5000,230.1000,230.4500,13200
2015-09-15 10:12:04,230.4000,230.6500,230.2000,230.2500,2400
2015-09-15 10:13:59,230.7000,230.7500,230.4000,230.5000,2500
2015-09-15 10:14:00,230.6000,230.7000,230.5000,230.7000,1800
2015-09-15 10:15:59,230.7000,230.8000,230.5500,230.6000,3000
2015-09-15 10:16:00,230.5000,230.7000,230.3000,230.7000,4300
2015-09-15 10:17:59,230.7000,230.7500,230.4000,230.5000,4700
2015-09-15 10:18:59,230.5500,230.7000,230.5000,230.7000,2000
2015-09-15 10:19:59,230.4000,230.6000,230.3000,230.5500,5000
2015-09-15 10:20:59,230.5500,230.5500,230.3500,230.4000,3400
2015-09-15 10:21:59,230.7000,230.7000,230.4500,230.5500,5900
2015-09-15 10:22:59,230.4500,230.6500,230.2500,230.6500,4500
2015-09-15 10:23:00,230.2500,230.5000,230.2500,230.5000,2300
2015-09-15 10:24:59,230.1500,230.4000,230.1000,230.2000,4700
2015-09-15 10:25:00,230.2500,230.2500,230.0500,230.1500,3900
2015-09-15 10:26:59,230.2000,230.2500,230.0500,230.2500,4300
2015-09-15 10:27:59,230.2500,230.2500,230.0500,230.2000,2400
2015-09-15 10:28:59,230.1500,230.2500,230.1000,230.2500,1600
2015-09-15 10:29:59,230.1500,230.1500,230.0500,230.1500,1900
2015-09-15 10:30:59,230.1000,230.1500,230.0500,230.1500,1700
2015-09-15 10:31:00,230.1000,230.2500,230.0500,230.1000,3800
2015-09-15 10:32:59,230.2500,230.2500,230.1000,230.2500,13300
2015-09-15 10:33:59,230.1500,230.2500,230.1000,230.2500,2100
2015-09-15 10:34:59,230.1500,230.2000,230.0500,230.1500,2400
2015-09-15 10:35:59,230.1000,230.2000,230.0500,230.2000,1400
2015-09-15 10:36:59,230.1000,230.1500,230.0000,230.1500,5200
2015-09-15 10:37:00,229.8000,230.0500,229.8000,230.0500,4900
2015-09-15 10:38:05,229.9500,230.0000,229.8000,229.9000,9900
2015-09-15 10:39:00,229.8500,230.0000,229.7500,229.9000,1200
2015-09-15 10:40:59,229.7500,229.9500,229.6500,229.9000,1200
2015-09-15 10:41:59,229.8000,229.9000,229.7000,229.7500,2400
2015-09-15 10:42:00,230.0500,230.1500,229.7000,229.8000,6100
2015-09-15 10:43:00,230.5000,230.5000,229.9000,230.1000,9400
2015-09-15 10:44:59,230.3500,230.9500,230.3500,230.4500,14100
2015-09-15 10:45:59,230.1500,230.4000,230.0000,230.4000,11400
2015-09-15 10:46:59,230.1000,230.2500,229.9000,230.1500,6400
2015-09-15 10:47:59,230.2000,230.5000,230.0500,230.1000,2900
2015-09-15 10:48:00,230.1000,230.2500,229.9500,230.2500,2600
2015-09-15 10:49:59,230.1000,230.1000,230.0000,230.0500,2000
2015-09-15 10:50:00,229.9000,230.1000,229.9000,230.1000,1700
2015-09-15 10:51:59,230.0000,230.1500,229.9000,230.0000,2300
2015-09-15 10:52:00,229.6000,230.0000,229.6000,230.0000,2400
2015-09-15 10:53:59,229.7000,229.7500,229.5000,229.7000,3700
2015-09-15 10:54:58,229.6000,229.7500,229.5000,229.7500,1100
2015-09-15 10:55:59,229.7000,229.7000,229.6000,229.6500,1300
2015-09-15 10:56:00,229.8500,229.8500,229.6000,229.7000,2600
2015-09-15 10:57:58,229.9000,230.0000,229.7000,229.8500,5200
2015-09-15 10:58:59,230.1000,230.2000,229.7500,229.9000,6200
2015-09-15 10:59:59,230.1500,230.2000,230.0500,230.1500,1300
2015-09-15 11:00:59,230.0500,230.1500,230.0000,230.1500,1800
2015-09-15 11:01:00,230.0000,230.1000,229.9000,230.0500,1500
2015-09-15 11:02:59,229.9500,230.1500,229.9000,230.1000,1000
2015-09-15 11:03:59,230.1000,230.1000,229.9500,229.9500,1500
2015-09-15 11:04:59,230.1000,230.2500,230.0000,230.1000,2500
2015-09-15 11:05:59,230.2000,230.2000,230.0500,230.1000,2300
2015-09-15 11:06:59,230.4000,230.4000,230.1000,230.2000,4700
2015-09-15 11:07:00,230.2000,230.4500,230.1000,230.4000,6400
2015-09-15 11:08:01,230.3000,230.4500,230.2500,230.3000,2800
2015-09-15 11:09:59,230.4000,230.4500,230.3000,230.4000,3700
2015-09-15 11:10:59,230.5500,230.6000,230.3000,230.4000,6900
2015-09-15 11:11:59,230.3500,230.5500,230.3000,230.5500,2600
2015-09-15 11:12:59,230.3000,230.4500,230.2500,230.3500,1700
2015-09-15 11:13:59,230.2500,230.3000,230.0500,230.3000,5300
2015-09-15 11:14:59,230.1500,230.2500,230.0000,230.2500,4600
2015-09-15 11:15:59,230.1000,230.1500,230.0000,230.1500,8800
2015-09-15 11:16:00,230.0000,230.1500,229.9000,230.1500,4400
2015-09-15 11:17:59,229.9500,230.0500,229.9000,230.0500,1500
2015-09-15 11:18:00,229.8500,230.0500,229.8500,229.9500,2400
2015-09-15 11:19:58,229.8000,229.8500,229.8000,229.8000,1700
2015-09-15 11:20:00,229.8000,230.0000,229.8000,229.8500,2200
2015-09-15 11:21:59,229.6000,229.8500,229.5500,229.8500,4600
2015-09-15 11:22:59,229.8500,229.9500,229.6000,229.6000,3500
2015-09-15 11:23:00,229.7500,229.9000,229.7000,229.8500,3400
2015-09-15 11:24:59,229.9500,230.0000,229.4500,229.7500,3200
2015-09-15 11:25:59,229.4500,229.9000,229.2500,229.9000,16400
2015-09-15 11:26:59,229.4000,229.5000,229.2500,229.4000,6700
2015-09-15 11:27:59,229.3500,229.4000,229.2500,229.4000,4300
2015-09-15 11:28:59,229.2000,229.3500,229.1000,229.3000,10400
2015-09-15 11:29:59,228.6000,229.2000,228.4000,229.2000,23200
2015-09-15 11:30:00,228.6000,228.8500,228.5500,228.6000,13400
2015-09-15 11:31:02,228.3000,228.6500,228.3000,228.6500,6600
2015-09-15 11:32:01,228.2000,228.4500,228.2000,228.3000,6900
2015-09-15 11:33:59,228.0000,228.2500,228.0000,228.2000,13300
2015-09-15 11:34:00,228.0500,228.3500,227.8000,228.0000,6300
2015-09-15 11:35:59,228.0000,228.4000,228.0000,228.1500,16400
2015-09-15 11:36:59,227.8500,228.0000,227.7000,227.9000,2900
2015-09-15 11:37:59,227.9500,228.2500,227.7000,227.8500,12200
2015-09-15 11:38:59,227.9000,227.9500,227.7000,227.9500,4000
2015-09-15 11:39:59,227.2500,227.8000,227.2000,227.8000,18500
2015-09-15 11:40:00,226.8500,227.1500,226.7000,227.1000,13800
2015-09-15 11:41:59,226.8500,226.9500,226.7000,226.8500,4700
2015-09-15 11:42:59,227.1500,227.2500,226.6500,226.6500,13200
2015-09-15 11:43:58,227.2500,227.4000,226.9000,227.2000,16300
2015-09-15 11:44:00,227.0500,227.4000,227.0500,227.3000,17200
2015-09-15 11:45:03,226.8000,227.1500,226.7500,227.1500,14000
2015-09-15 11:46:59,226.4500,227.0000,226.4500,226.8000,46800
2015-09-15 11:47:59,226.0000,226.4500,225.8000,226.4500,57900
2015-09-15 11:48:00,226.2000,226.5000,225.9000,226.0000,49500
2015-09-15 11:49:59,226.5000,226.6000,226.2500,226.3000,16000
2015-09-15 11:50:00,226.4500,226.5500,226.2500,226.5000,24200
2015-09-15 11:51:01,226.6500,226.6500,226.3000,226.3500,4200
2015-09-15 11:52:00,226.5000,226.7000,226.5000,226.6500,6200
2015-09-15 11:53:59,226.8000,226.8000,226.5000,226.5500,7800
2015-09-15 11:54:58,226.8000,226.9000,226.5500,226.6500,13000
2015-09-15 11:55:00,226.6000,226.8500,226.5000,226.8000,3700
2015-09-15 11:56:59,226.6000,226.8000,226.5500,226.8000,1500
2015-09-15 11:57:00,226.8500,226.8500,226.5500,226.6000,1000
2015-09-15 11:58:05,226.7000,226.9500,226.6500,226.9500,4700
2015-09-15 11:59:05,226.9000,227.0000,226.7000,226.7500,2400
2015-09-15 12:00:59,227.5500,227.5500,226.9000,226.9000,10000
2015-09-15 12:01:00,227.1500,227.4500,227.1500,227.4500,2700
2015-09-15 12:02:00,227.1000,227.3000,227.0500,227.1500,2400
2015-09-15 12:03:01,227.3000,227.3000,227.0500,227.2000,3100
2015-09-15 12:04:00,227.1000,227.4500,227.1000,227.4000,2000
2015-09-15 12:05:59,227.1500,227.2500,227.1000,227.1000,3200
2015-09-15 12:06:00,227.1000,227.2500,227.0000,227.2000,2900
2015-09-15 12:07:02,227.2500,227.3500,227.0000,227.1000,1800
2015-09-15 12:08:02,227.2000,227.4000,227.1500,227.2000,2300
2015-09-15 12:09:02,227.1500,227.3500,227.1000,227.2500,3300
2015-09-15 12:10:04,227.2000,227.3000,227.1000,227.2000,900
2015-09-15 12:11:04,227.2500,227.4000,227.0500,227.2000,3300
2015-09-15 12:12:04,227.0500,227.2500,227.0500,227.2500,1300
2015-09-15 12:13:59,227.3000,227.3000,227.0500,227.2000,1000
2015-09-15 12:14:00,227.0500,227.3000,227.0000,227.3000,9000
2015-09-15 12:15:01,227.2500,227.4500,227.0500,227.1500,2800
2015-09-15 12:16:06,227.4000,227.4500,227.2500,227.2500,1200
2015-09-15 12:17:59,227.5000,227.5500,227.4000,227.4000,5800
2015-09-15 12:18:00,227.5000,227.6000,227.4500,227.5500,3300
2015-09-15 12:19:06,227.4500,227.6000,227.4500,227.5500,2500
2015-09-15 12:20:57,227.4500,227.6000,227.4500,227.4500,2200
2015-09-15 12:21:01,227.5000,227.7000,227.4500,227.5000,2300
2015-09-15 12:22:05,227.5500,227.7000,227.5500,227.6500,1500
2015-09-15 12:23:00,227.5500,227.8000,227.5500,227.7000,1100
2015-09-15 12:24:01,227.5000,227.6000,227.4500,227.5000,2800
2015-09-15 12:25:01,227.5000,227.5500,227.5000,227.5500,1200
2015-09-15 12:26:01,227.5000,227.5500,227.5000,227.5500,2900
2015-09-15 12:27:06,227.5500,227.6500,227.5000,227.5000,2000
2015-09-15 12:28:07,227.5500,227.6000,227.5000,227.6000,700
2015-09-15 12:29:05,227.7500,227.8500,227.5000,227.5000,3400
2015-09-15 12:30:01,227.7500,227.8000,227.6500,227.8000,900
2015-09-15 12:31:02,227.9500,228.0000,227.6500,227.7500,5200
2015-09-15 12:32:04,228.0000,228.2000,227.8500,228.0000,3300
2015-09-15 12:33:02,228.1000,228.2000,228.0000,228.1000,1600
2015-09-15 12:34:01,228.0000,228.1500,228.0000,228.0500,1200
2015-09-15 12:35:02,227.6000,228.1000,227.6000,228.1000,1300
2015-09-15 12:36:06,227.7500,227.9500,227.6000,227.8000,2100
2015-09-15 12:37:03,228.0000,228.0000,227.8000,227.9500,1100
2015-09-15 12:38:02,228.0000,228.1000,227.8500,227.9500,4700
2015-09-15 12:39:04,227.9000,228.1000,227.9000,228.0000,1000
2015-09-15 12:40:06,228.0000,228.1500,227.9000,228.1000,1800
2015-09-15 12:41:04,228.0500,228.1000,228.0000,228.0000,1400
2015-09-15 12:42:03,227.9000,228.1000,227.9000,228.1000,2100
2015-09-15 12:43:00,227.8500,228.0000,227.8500,227.9500,1300
2015-09-15 12:44:03,227.6500,227.9000,227.5000,227.9000,2900
2015-09-15 12:45:12,227.7000,227.9500,227.5500,227.7000,2100
2015-09-15 12:46:01,227.5000,227.6500,227.5000,227.6500,1000
2015-09-15 12:47:00,227.6000,227.7000,227.4500,227.5500,3200
2015-09-15 12:48:01,227.6500,228.0000,227.6000,227.7000,900
2015-09-15 12:49:03,227.6500,227.6500,227.6500,227.6500,2400
2015-09-15 12:50:47,227.9500,227.9500,227.8500,227.9000,400
2015-09-15 12:51:16,227.8500,228.0000,227.8000,227.8500,1300
2015-09-15 12:52:06,227.7000,228.0000,227.6500,227.8500,3000
2015-09-15 12:53:06,227.5500,227.7500,227.5000,227.6500,1300
2015-09-15 12:54:00,227.5000,227.6000,227.4500,227.5000,2800
2015-09-15 12:55:02,227.6000,227.8000,227.5000,227.5500,1200
2015-09-15 12:56:04,227.7000,227.7000,227.5500,227.6500,600
2015-09-15 12:57:05,227.6500,227.8000,227.5500,227.6500,800
2015-09-15 12:58:04,227.6000,227.7500,227.5000,227.7000,700
2015-09-15 12:59:06,227.5000,227.7000,227.5000,227.5500,1500
2015-09-15 13:00:02,227.5000,227.7500,227.5000,227.5500,1500
2015-09-15 13:01:01,227.7000,227.9000,227.5000,227.7000,5100
2015-09-15 13:02:02,227.5500,227.8500,227.5000,227.7000,1300
2015-09-15 13:03:00,227.6500,227.7500,227.5000,227.6000,1100
2015-09-15 13:04:04,227.5500,227.8000,227.5000,227.8000,500
2015-09-15 13:05:00,227.6500,227.7500,227.5500,227.5500,1000
2015-09-15 13:06:03,227.7000,227.8000,227.5000,227.8000,3100
2015-09-15 13:07:00,228.1000,228.2000,227.8000,227.8000,7600
2015-09-15 13:08:00,228.1000,228.2500,228.1000,228.1000,3800
2015-09-15 13:09:01,228.1000,228.2000,227.9000,228.1000,3000
2015-09-15 13:10:00,228.0500,228.2500,228.0500,228.1000,800
2015-09-15 13:11:00,228.0500,228.2500,228.0000,228.1000,900
2015-09-15 13:12:03,228.1000,228.3000,228.0000,228.1500,2500
2015-09-15 13:13:57,228.2000,228.4000,228.2000,228.2000,6800
2015-09-15 13:14:00,228.3000,228.4500,228.2500,228.3500,6200
2015-09-15 13:15:04,228.5000,228.6500,228.3000,228.4000,4100
2015-09-15 13:16:03,228.5000,228.6000,228.5000,228.5500,4500
2015-09-15 13:17:09,228.5000,228.5500,228.3500,228.5500,3500
2015-09-15 13:18:00,228.5000,228.6000,228.5000,228.5500,2400
2015-09-15 13:19:00,228.5000,228.6000,228.4500,228.5000,1200
2015-09-15 13:20:03,228.5000,228.6000,228.4500,228.5000,3200
2015-09-15 13:21:00,228.5000,228.6000,228.5000,228.6000,2200
2015-09-15 13:22:06,228.5000,228.6000,228.5000,228.5500,800
2015-09-15 13:23:04,228.5000,228.5500,228.4000,228.5500,3100
2015-09-15 13:24:00,228.6000,228.6000,228.5000,228.5000,1700
2015-09-15 13:25:06,228.5000,228.6500,228.5000,228.6500,1600
2015-09-15 13:26:05,228.5000,228.6000,228.5000,228.5000,1100
2015-09-15 13:27:59,228.5000,228.5500,228.5000,228.5500,2200
2015-09-15 13:28:00,228.5000,228.6000,228.4500,228.4500,1300
2015-09-15 13:29:06,228.5000,228.5500,228.4000,228.5500,6000
2015-09-15 13:30:58,228.5500,228.5500,228.5000,228.5000,2000
2015-09-15 13:31:01,228.5500,228.6000,228.5000,228.5500,2200
2015-09-15 13:32:59,228.5500,228.5500,228.4500,228.4500,1900
2015-09-15 13:33:02,228.5000,228.5500,228.5000,228.5500,1900
2015-09-15 13:34:00,228.5000,228.5500,228.4000,228.5500,8200
2015-09-15 13:35:02,228.5000,228.5500,228.3000,228.5500,5200
2015-09-15 13:36:02,228.5000,228.5500,228.4000,228.5500,4400
2015-09-15 13:37:03,228.5000,228.5500,228.3000,228.5500,16800
2015-09-15 13:38:04,228.4000,228.5500,228.4000,228.5000,5600
2015-09-15 13:39:02,228.4500,228.5000,228.4000,228.4000,2500
2015-09-15 13:40:04,228.5000,228.5500,228.4000,228.4500,4000
2015-09-15 13:41:06,228.6500,228.7000,228.5000,228.5500,4300
2015-09-15 13:42:00,228.8500,229.0000,228.6500,228.7500,8800
2015-09-15 13:43:00,228.8500,229.0000,228.7000,228.9000,2100
2015-09-15 13:44:04,228.9500,229.0000,228.8500,228.8500,2700
2015-09-15 13:45:04,228.8500,229.0000,228.8500,229.0000,900
2015-09-15 13:46:06,228.7500,229.0000,228.7500,228.8500,600
2015-09-15 13:47:01,228.7500,228.9000,228.7000,228.7000,900
2015-09-15 13:48:06,228.7000,228.8500,228.7000,228.8000,1800
2015-09-15 13:49:03,228.6000,228.7500,228.5500,228.7500,3300
2015-09-15 13:50:01,228.7500,228.8000,228.6000,228.7000,2400
2015-09-15 13:51:02,228.8500,228.8500,228.6500,228.6500,3500
2015-09-15 13:52:00,229.0500,229.2000,228.8500,228.8500,6900
2015-09-15 13:53:00,229.0500,229.1000,228.9000,229.0500,13300
2015-09-15 13:54:59,229.0000,229.0500,228.9000,228.9000,14700
2015-09-15 13:55:00,228.8500,229.0500,228.7500,229.0000,11700
2015-09-15 13:56:00,228.5000,228.9000,228.5000,228.8000,18500
2015-09-15 13:57:59,229.0500,229.0500,228.3500,228.5500,35400
2015-09-15 13:58:00,229.1000,229.2000,229.0000,229.1000,4900
2015-09-15 13:59:59,229.0000,229.2000,229.0000,229.0500,6500
2015-09-15 14:00:00,229.1000,229.2500,228.6000,229.0000,22800
2015-09-15 14:01:03,228.7500,229.2500,228.7000,229.2500,3600
2015-09-15 14:02:00,228.8000,228.9500,228.6500,228.9500,5700
2015-09-15 14:03:02,228.8000,229.0000,228.7000,228.7000,2700
2015-09-15 14:04:01,228.8000,228.9500,228.7000,228.8000,1900
2015-09-15 14:05:58,228.7500,228.9000,228.7500,228.8000,1000
2015-09-15 14:06:01,228.8500,228.9500,228.7500,228.7500,3100
2015-09-15 14:07:08,229.0000,229.0000,228.8000,228.8000,4400
2015-09-15 14:08:03,228.9500,229.1500,228.8000,229.1500,2500
2015-09-15 14:09:01,228.8000,228.9000,228.7000,228.8000,4100
2015-09-15 14:10:03,228.6500,228.9500,228.6000,228.8000,3600
2015-09-15 14:11:00,228.8500,228.9500,228.6500,228.8500,2900
2015-09-15 14:12:02,229.1000,229.1000,228.7500,228.7500,800
2015-09-15 14:13:08,229.0000,229.1500,228.9500,229.1000,1800
2015-09-15 14:14:01,229.0500,229.1000,228.9500,228.9500,1200
2015-09-15 14:15:59,228.7500,229.0500,228.7500,229.0500,1900
2015-09-15 14:16:00,228.5000,228.9000,228.5000,228.5500,10700
2015-09-15 14:17:08,228.6000,228.7000,228.5000,228.5500,2800
2015-09-15 14:18:01,228.6500,228.7000,228.6000,228.6500,800
2015-09-15 14:19:07,228.5500,228.6500,228.5500,228.6000,500
2015-09-15 14:20:02,228.5500,228.7000,228.5000,228.6500,3300
2015-09-15 14:21:00,228.7500,228.7500,228.6000,228.6000,2100
2015-09-15 14:22:01,228.7000,228.7500,228.6500,228.6500,5100
2015-09-15 14:23:59,228.8000,228.9000,228.7000,228.7500,1600
2015-09-15 14:24:00,228.7500,228.9000,228.7500,228.8000,3200
2015-09-15 14:25:01,228.8000,228.9500,228.7500,228.8000,1800
2015-09-15 14:26:04,228.8500,228.9000,228.7000,228.8000,3900
2015-09-15 14:27:04,228.7500,228.9000,228.7500,228.7500,400
2015-09-15 14:28:59,228.7000,228.8000,228.6500,228.7500,7200
2015-09-15 14:29:00,228.8500,229.0000,228.7000,228.7000,2600
2015-09-15 14:30:00,228.9000,228.9500,228.7500,228.8500,4600
2015-09-15 14:31:01,228.8000,228.9000,228.7500,228.8000,1700
2015-09-15 14:32:04,228.7000,228.8500,228.7000,228.8000,2400
2015-09-15 14:33:00,228.6500,228.8000,228.6500,228.7000,3100
2015-09-15 14:34:03,228.7500,228.8000,228.6500,228.7500,1000
2015-09-15 14:35:03,228.7500,228.8000,228.6500,228.7500,2000
2015-09-15 14:36:01,228.7500,228.8000,228.6500,228.8000,1600
2015-09-15 14:37:01,228.7500,228.7500,228.6500,228.6500,2500
2015-09-15 14:38:03,228.8000,228.8500,228.6500,228.6500,2300
2015-09-15 14:39:59,229.1000,229.2000,228.8000,228.8000,23500
2015-09-15 14:40:00,229.3500,229.4000,229.1000,229.1000,4500
2015-09-15 14:41:00,229.3000,229.4000,229.1000,229.1500,3600
2015-09-15 14:42:02,229.4000,229.4500,229.2000,229.4000,8600
2015-09-15 14:43:02,229.7000,229.7000,229.3000,229.4500,17800
2015-09-15 14:44:01,229.5500,229.8000,229.5500,229.5500,8900
2015-09-15 14:45:00,229.4500,229.6500,229.4500,229.5500,10700
2015-09-15 14:46:59,229.5500,229.7000,229.4500,229.6000,6300
2015-09-15 14:47:00,229.6500,229.8000,229.5000,229.5500,9200
2015-09-15 14:48:02,229.5000,229.8000,229.5000,229.7500,6900
2015-09-15 14:49:01,229.5000,229.6500,229.5000,229.6500,6700
2015-09-15 14:50:01,229.6000,229.7500,229.5000,229.6000,9400
2015-09-15 14:51:59,229.5000,229.7500,229.5000,229.6000,8100
2015-09-15 14:52:59,229.8000,229.9000,229.5000,229.7000,5700
2015-09-15 14:53:59,229.9000,230.0000,229.7000,229.7500,7100
2015-09-15 14:54:00,229.8500,230.0000,229.7000,229.9000,4600
2015-09-15 14:55:01,229.8000,229.9500,229.7000,229.7000,5000
2015-09-15 14:56:00,229.6500,229.9500,229.6500,229.8000,6200
2015-09-15 14:57:00,229.6500,229.9000,229.6000,229.7000,5300
2015-09-15 14:58:01,229.8000,229.9000,229.7000,229.8000,3600
2015-09-15 14:59:02,229.8000,229.9500,229.7000,229.9000,6700
2015-09-15 15:00:00,229.7000,229.9500,229.6500,229.7500,9000
2015-09-15 15:01:02,229.6500,229.8000,229.6500,229.7500,10300
2015-09-15 15:02:01,229.5000,229.8500,229.3000,229.6500,17000
2015-09-15 15:03:01,229.6000,229.7500,229.5000,229.5000,10400
2015-09-15 15:04:02,229.7500,229.9000,229.6500,229.8500,12100
2015-09-15 15:05:59,229.7000,229.9500,229.6000,229.9500,13300
2015-09-15 15:06:58,229.5500,229.8000,229.5000,229.8000,11300
2015-09-15 15:07:00,229.5500,229.6500,229.5000,229.6000,9700
2015-09-15 15:08:59,229.5000,229.6500,229.5000,229.5500,8800
2015-09-15 15:09:59,229.5000,229.6500,229.5000,229.6500,15300
2015-09-15 15:10:00,229.5000,229.6000,229.5000,229.6000,16600
2015-09-15 15:11:01,229.5500,229.6000,229.3500,229.5500,19400
2015-09-15 15:12:59,229.3000,229.5500,229.2000,229.5000,20200
2015-09-15 15:13:00,229.2000,229.4000,229.0500,229.3000,16200
2015-09-15 15:14:01,229.2000,229.3000,229.1000,229.3000,12800
2015-09-15 15:15:00,229.1000,229.2500,229.0000,229.2000,17300
2015-09-15 15:16:59,229.0500,229.3000,229.0000,229.2500,21600
2015-09-15 15:17:00,229.0000,229.1500,229.0000,229.0500,18600
2015-09-15 15:18:00,229.2000,229.2000,229.0000,229.1000,24700
2015-09-15 15:19:59,229.1500,229.2000,229.0000,229.0000,17400
2015-09-15 15:20:59,229.2500,229.3000,229.0500,229.0500,14700
2015-09-15 15:21:00,229.1500,229.3000,229.0500,229.2500,9900
2015-09-15 15:22:01,229.0000,229.3000,229.0000,229.3000,12000
2015-09-15 15:23:00,229.0000,229.2000,229.0000,229.0500,8600
2015-09-15 15:24:01,229.0500,229.0500,229.0000,229.0000,18600
2015-09-15 15:25:01,229.1000,229.4000,229.0000,229.0000,30600
2015-09-15 15:26:59,229.2500,229.3000,229.0500,229.1000,14000
2015-09-15 15:27:00,229.2500,229.3000,229.1000,229.1500,30100
2015-09-15 15:28:59,229.3000,229.3500,229.1000,229.2500,13900
2015-09-15 15:29:00,229.3500,229.3500,229.3500,229.3500,0
