2015-09-10 09:15:59,225.6500,226.6500,225.0000,226.3000,270900
2015-09-10 09:16:58,226.5000,226.8000,225.5000,225.8000,136800
2015-09-10 09:17:59,226.5000,226.9000,226.3000,226.5500,127100
2015-09-10 09:18:59,225.6000,226.6000,225.6000,226.6000,79400
2015-09-10 09:19:59,225.6500,226.1000,225.5500,225.9000,108700
2015-09-10 09:20:59,225.7000,225.8500,225.3000,225.7500,88500
2015-09-10 09:21:59,226.2500,226.5000,225.6500,225.7000,135100
2015-09-10 09:22:59,225.9000,226.3000,225.6000,226.2500,67700
2015-09-10 09:23:59,225.7500,226.2500,225.7000,225.9000,61400
2015-09-10 09:24:59,225.7000,226.0000,225.5500,225.8500,66300
2015-09-10 09:25:59,225.9000,225.9500,225.0000,225.6000,121100
2015-09-10 09:26:59,225.3500,225.9500,225.2500,225.9000,46700
2015-09-10 09:27:59,225.1500,225.6000,225.1500,225.3000,41300
2015-09-10 09:28:59,225.2500,225.4000,225.0500,225.2000,45800
2015-09-10 09:29:59,225.3000,225.7000,225.2000,225.4500,54800
2015-09-10 09:30:59,225.2500,225.5500,225.1000,225.3500,64600
2015-09-10 09:31:59,224.6000,225.3000,224.6000,225.2500,174300
2015-09-10 09:32:59,224.7000,224.8000,224.4000,224.6000,83800
2015-09-10 09:33:59,224.9000,225.0000,224.6500,224.7000,54700
2015-09-10 09:34:59,224.5500,224.9500,224.5000,224.9500,44300
2015-09-10 09:35:59,224.7500,224.8000,224.5500,224.5500,38900
2015-09-10 09:36:59,224.7000,224.8000,224.2500,224.7500,76200
2015-09-10 09:37:59,224.9500,225.1500,224.5500,224.6500,74900
2015-09-10 09:38:59,224.8500,225.0000,224.6500,224.8500,47800
2015-09-10 09:39:00,224.9500,225.1500,224.7000,224.8500,29400
2015-09-10 09:40:59,225.1000,225.1000,224.9000,225.0000,30300
2015-09-10 09:41:59,224.6000,225.3000,224.5000,225.1000,74200
2015-09-10 09:42:00,225.3000,225.3500,224.7000,224.7000,57200
2015-09-10 09:43:59,225.3000,225.4000,225.1000,225.3500,36500
2015-09-10 09:44:59,225.4000,225.4500,225.1500,225.4000,32600
2015-09-10 09:45:00,225.5000,225.5000,225.3000,225.4500,35400
2015-09-10 09:46:59,225.3500,225.5000,225.2500,225.5000,22100
2015-09-10 09:47:59,225.1500,225.4000,225.0000,225.3000,25700
2015-09-10 09:48:59,225.3000,225.3500,225.0500,225.1500,18000
2015-09-10 09:49:59,225.3500,225.4000,225.1500,225.3000,12800
2015-09-10 09:50:59,225.4000,225.5500,225.2000,225.3000,57200
2015-09-10 09:51:00,225.6000,225.6000,225.3000,225.3500,25200
2015-09-10 09:52:59,225.2500,225.6000,225.2500,225.5000,23200
2015-09-10 09:53:59,225.5000,225.5500,225.2500,225.2500,24100
2015-09-10 09:54:59,225.2000,225.5500,225.1000,225.5500,34600
2015-09-10 09:55:00,225.0000,225.3500,225.0000,225.2000,40200
2015-09-10 09:56:59,225.1000,225.2000,225.0000,225.1500,35100
2015-09-10 09:57:00,224.8000,225.5500,224.8000,225.2000,102200
2015-09-10 09:58:59,224.6000,225.1000,224.6000,224.9500,66900
2015-09-10 09:59:59,224.9500,224.9500,224.5500,224.6000,44000
2015-09-10 10:00:59,224.9000,224.9500,224.7500,224.9000,15700
2015-09-10 10:01:59,224.9000,224.9000,224.6000,224.9000,24400
2015-09-10 10:02:59,224.9500,225.0000,224.7000,224.9000,26600
2015-09-10 10:03:59,224.9500,225.0500,224.7000,225.0000,28000
2015-09-10 10:04:59,225.0500,225.0500,224.9000,224.9500,27700
2015-09-10 10:05:59,224.9000,225.1500,224.8500,225.0000,22100
2015-09-10 10:06:59,224.7500,225.0500,224.7000,224.9000,21100
2015-09-10 10:07:59,224.5500,224.8000,224.5500,224.8000,31700
2015-09-10 10:08:59,224.6000,224.6500,224.1000,224.6000,125400
2015-09-10 10:09:59,224.9000,224.9500,224.4500,224.4500,22200
2015-09-10 10:10:59,224.9500,225.0000,224.8000,225.0000,24400
2015-09-10 10:11:59,224.9000,225.0000,224.8000,224.8500,26900
2015-09-10 10:12:59,225.0000,225.0000,224.8000,224.9000,22900
2015-09-10 10:13:59,225.0000,225.1500,224.8500,224.8500,24400
2015-09-10 10:14:59,225.0000,225.1000,224.9000,225.0000,15600
2015-09-10 10:15:00,224.8500,225.0500,224.7000,225.0500,32300
2015-09-10 10:16:59,224.9000,224.9000,224.7500,224.8500,12000
2015-09-10 10:17:59,224.9000,224.9500,224.8000,224.8500,22000
2015-09-10 10:18:00,225.0000,225.1000,224.8500,224.9000,29300
2015-09-10 10:19:59,225.0000,225.1500,224.9000,225.1000,19000
2015-09-10 10:20:59,224.7500,225.1000,224.7000,225.0000,25100
2015-09-10 10:21:00,224.8000,224.9000,224.7000,224.8000,9700
2015-09-10 10:22:00,224.8000,224.8000,224.6000,224.8000,25900
2015-09-10 10:23:59,224.9000,224.9500,224.6000,224.8000,27200
2015-09-10 10:24:59,225.0500,225.0500,224.8500,225.0000,26600
2015-09-10 10:25:00,225.0000,225.0500,224.8500,225.0000,18700
2015-09-10 10:26:59,225.0000,225.0500,224.8500,224.9500,9600
2015-09-10 10:27:59,224.9000,225.1000,224.8000,225.0000,16000
2015-09-10 10:28:00,225.1000,225.1000,224.8500,224.9000,15500
2015-09-10 10:29:59,225.0500,225.1500,225.0000,225.1000,17100
2015-09-10 10:30:59,225.1500,225.1500,224.9500,225.0000,12700
2015-09-10 10:31:59,225.1500,225.2000,225.0500,225.1500,13900
2015-09-10 10:32:00,225.1000,225.2000,225.0000,225.1500,22500
2015-09-10 10:33:59,224.8500,225.2000,224.6000,225.2000,60100
2015-09-10 10:34:00,224.8500,224.9500,224.6500,224.8000,33700
2015-09-10 10:35:01,225.0000,225.1000,224.8500,224.9000,30100
2015-09-10 10:36:00,225.2000,225.2500,224.9500,225.0000,21800
2015-09-10 10:37:59,225.2000,225.2500,225.0500,225.1500,21900
2015-09-10 10:38:59,225.1500,225.2500,225.0000,225.2000,19400
2015-09-10 10:39:00,225.2000,225.2500,225.0000,225.1000,15400
2015-09-10 10:40:59,225.3000,225.5000,225.2000,225.2500,60900
2015-09-10 10:41:00,225.5000,225.6500,225.2500,225.3000,30500
2015-09-10 10:42:59,225.5000,225.5500,225.4000,225.5000,20400
2015-09-10 10:43:00,225.3000,225.5000,225.2000,225.5000,36300
2015-09-10 10:44:59,225.2500,225.4000,225.1500,225.3000,18500
2015-09-10 10:45:00,225.2000,225.3500,225.0000,225.3500,25600
2015-09-10 10:46:59,224.8000,225.2500,224.8000,225.1500,36900
2015-09-10 10:47:00,225.0000,225.1000,224.8000,224.8000,14500
2015-09-10 10:48:00,225.1500,225.1500,224.8000,225.1000,22100
2015-09-10 10:49:59,225.0500,225.2500,225.0000,225.1500,10900
2015-09-10 10:50:00,225.1500,225.1500,225.0000,225.0500,11200
2015-09-10 10:51:00,225.2000,225.2500,225.0500,225.1500,14300
2015-09-10 10:52:00,225.2000,225.3000,225.1000,225.2000,13100
2015-09-10 10:53:01,225.4000,225.4500,225.1500,225.1500,17200
2015-09-10 10:54:59,225.4500,225.5500,225.3500,225.4000,25800
2015-09-10 10:55:59,225.3000,225.5500,225.3000,225.4500,15400
2015-09-10 10:56:59,225.2500,225.4500,225.0500,225.4000,29700
2015-09-10 10:57:00,225.3500,225.5000,225.3000,225.3500,16600
2015-09-10 10:58:59,225.6000,225.6000,225.3500,225.4000,12900
2015-09-10 10:59:59,225.6000,225.6500,225.4000,225.5000,31300
2015-09-10 11:00:59,225.6500,225.7000,225.4000,225.6000,36500
2015-09-10 11:01:59,225.7500,225.9000,225.5000,225.5000,47700
2015-09-10 11:02:00,225.6000,225.8000,225.5000,225.7500,29100
2015-09-10 11:03:00,225.6000,225.6000,225.5000,225.5500,18800
2015-09-10 11:04:01,225.5500,225.6000,225.3500,225.5500,19200
2015-09-10 11:05:00,225.5000,225.6000,225.3500,225.5500,31000
2015-09-10 11:06:59,225.6500,225.6500,225.5000,225.6000,11400
2015-09-10 11:07:00,225.7000,225.7500,225.5500,225.5500,16300
2015-09-10 11:08:59,225.7000,225.7500,225.6000,225.7500,14500
2015-09-10 11:09:59,225.6000,225.7000,225.4000,225.7000,25100
2015-09-10 11:10:59,225.7000,225.7500,225.6000,225.6500,12100
2015-09-10 11:11:59,225.7000,225.7500,225.5000,225.6500,20700
2015-09-10 11:12:59,225.3500,225.7000,225.3500,225.7000,34100
2015-09-10 11:13:59,225.5500,225.5500,225.3000,225.3500,15000
2015-09-10 11:14:59,225.5000,225.7000,225.4500,225.5500,14500
2015-09-10 11:15:00,225.7000,225.7000,225.5000,225.5000,15600
2015-09-10 11:16:01,225.7000,225.8000,225.6000,225.6500,24300
2015-09-10 11:17:59,225.6500,225.7500,225.5500,225.7500,6400
2015-09-10 11:18:00,225.6500,225.8000,225.5000,225.6500,13300
2015-09-10 11:19:00,225.5000,225.7000,225.3500,225.5500,23000
2015-09-10 11:20:01,225.7000,225.7000,225.4000,225.5500,7400
2015-09-10 11:21:02,225.7000,225.7000,225.4500,225.7000,10700
2015-09-10 11:22:01,225.7000,225.7000,225.5000,225.7000,9000
2015-09-10 11:23:59,225.7000,225.7000,225.5500,225.7000,6800
2015-09-10 11:24:59,225.6500,225.7000,225.5500,225.7000,6300
2015-09-10 11:25:00,225.4500,225.6000,225.4000,225.6000,9800
2015-09-10 11:26:59,225.5000,225.5000,225.2500,225.4000,20800
2015-09-10 11:27:59,225.6000,225.6500,225.4000,225.5000,14300
2015-09-10 11:28:59,225.7000,225.7000,225.5500,225.6500,4900
2015-09-10 11:29:59,225.6000,225.7000,225.4500,225.7000,7600
2015-09-10 11:30:01,225.7500,225.7500,225.6000,225.6500,17500
2015-09-10 11:31:01,225.8000,225.9000,225.6500,225.7000,24100
2015-09-10 11:32:01,225.6500,225.8500,225.5500,225.8500,16500
2015-09-10 11:33:01,225.6500,225.7000,225.5000,225.6000,25500
2015-09-10 11:34:00,225.4500,225.7000,225.2500,225.6500,24400
2015-09-10 11:35:01,225.2500,225.4000,225.2000,225.3500,21300
2015-09-10 11:36:00,225.4000,225.5500,225.2500,225.4000,20800
2015-09-10 11:37:59,225.2000,225.5000,225.2000,225.3500,27600
2015-09-10 11:38:00,225.2500,225.4000,225.2000,225.2500,14200
2015-09-10 11:39:01,225.3000,225.3500,225.2000,225.3000,6900
2015-09-10 11:40:02,225.2000,225.4500,225.2000,225.2500,8300
2015-09-10 11:41:59,225.0500,225.2500,225.0500,225.2500,16400
2015-09-10 11:42:59,225.0500,225.2500,225.0500,225.1500,19400
2015-09-10 11:43:00,225.3000,225.3500,225.0500,225.1500,6200
2015-09-10 11:44:01,225.4000,225.4000,225.1500,225.1500,9300
2015-09-10 11:45:59,225.3500,225.4000,225.2000,225.4000,5300
2015-09-10 11:46:59,225.2000,225.3000,225.1000,225.3000,15800
2015-09-10 11:47:00,225.2000,225.2500,225.1500,225.2500,10400
2015-09-10 11:48:01,225.4000,225.4500,225.1500,225.2500,22600
2015-09-10 11:49:01,225.4500,225.5000,225.3000,225.4000,14400
2015-09-10 11:50:59,225.6500,225.6500,225.3500,225.4500,21700
2015-09-10 11:51:59,225.9000,225.9000,225.6000,225.6500,68200
2015-09-10 11:52:00,225.5000,225.9000,225.3500,225.9000,35100
2015-09-10 11:53:59,225.8500,225.9000,225.4000,225.4000,26600
2015-09-10 11:54:59,225.7000,225.9500,225.7000,225.8500,17100
2015-09-10 11:55:00,225.6500,225.8000,225.6000,225.7000,14500
2015-09-10 11:56:59,225.6000,225.6500,225.5000,225.6500,9000
2015-09-10 11:57:00,225.6000,225.8000,225.5500,225.6000,15400
2015-09-10 11:58:01,225.7000,225.7500,225.5500,225.6500,8500
2015-09-10 11:59:00,225.8500,225.9000,225.7000,225.7500,21100
2015-09-10 12:00:59,226.2500,226.4500,225.8500,225.9500,144400
2015-09-10 12:01:59,226.1000,226.3500,226.1000,226.2500,44100
2015-09-10 12:02:00,226.1500,226.3000,226.1000,226.1500,33700
2015-09-10 12:03:59,226.2500,226.3000,226.1000,226.3000,27100
2015-09-10 12:04:59,226.2500,226.4000,226.1500,226.1500,55900
2015-09-10 12:05:59,226.3500,226.4500,226.2000,226.3000,39700
2015-09-10 12:06:59,226.6000,226.7500,226.2500,226.4000,85200
2015-09-10 12:07:59,226.8000,226.9500,226.5000,226.5000,89400
2015-09-10 12:08:59,226.6000,226.8500,226.5500,226.7500,48300
2015-09-10 12:09:00,226.3000,226.6000,226.2000,226.5500,51600
2015-09-10 12:10:59,226.1500,226.4000,226.1500,226.4000,28400
2015-09-10 12:11:59,226.3000,226.3000,226.1000,226.1500,23500
2015-09-10 12:12:59,226.3500,226.4500,226.2500,226.2500,24500
2015-09-10 12:13:00,226.1500,226.4000,226.1000,226.4000,27000
2015-09-10 12:14:01,225.8500,226.2000,225.8000,226.2000,49700
2015-09-10 12:15:00,225.8500,225.9000,225.8000,225.8500,24400
2015-09-10 12:16:00,225.8500,226.0000,225.8000,225.9000,30600
2015-09-10 12:17:03,225.4500,226.0000,225.3000,225.8500,62200
2015-09-10 12:18:59,225.5500,225.8000,225.4000,225.4000,23900
2015-09-10 12:19:59,225.6000,225.7500,225.5000,225.5500,28600
2015-09-10 12:20:59,225.4000,225.5500,225.3000,225.5500,35800
2015-09-10 12:21:00,225.4000,225.5000,225.2500,225.3500,21300
2015-09-10 12:22:59,225.4000,225.4500,225.3000,225.4000,9600
2015-09-10 12:23:01,225.5000,225.5000,225.3500,225.3500,26200
2015-09-10 12:24:01,225.8000,225.8000,225.5000,225.6000,12600
2015-09-10 12:25:59,225.6000,225.7500,225.5000,225.7500,17500
2015-09-10 12:26:58,225.6000,225.7000,225.5000,225.6000,5700
2015-09-10 12:27:59,225.7500,225.7500,225.5500,225.6000,7200
2015-09-10 12:28:59,225.9000,225.9000,225.6500,225.6500,20600
2015-09-10 12:29:00,225.8000,225.9500,225.6500,225.8000,24700
2015-09-10 12:30:59,225.8500,226.1000,225.8000,225.8500,38800
2015-09-10 12:31:59,225.8000,226.0000,225.7000,225.8000,30700
2015-09-10 12:32:59,225.7500,225.9500,225.6500,225.9000,24400
2015-09-10 12:33:59,225.7500,225.8500,225.6500,225.7500,21700
2015-09-10 12:34:00,225.8500,225.9000,225.7000,225.8000,9100
2015-09-10 12:35:00,226.0000,226.0000,225.8500,225.9000,13700
2015-09-10 12:36:59,225.9000,226.1500,225.9000,226.0000,27500
2015-09-10 12:37:59,226.2500,226.4500,225.9000,225.9000,35500
2015-09-10 12:38:59,226.3000,226.3500,226.1500,226.3000,27200
2015-09-10 12:39:59,226.0000,226.3000,226.0000,226.1500,22100
2015-09-10 12:40:00,226.0500,226.2500,226.0000,226.0500,23800
2015-09-10 12:41:59,226.1500,226.2000,226.0500,226.1000,13900
2015-09-10 12:42:00,226.1000,226.2000,226.0000,226.1000,9400
2015-09-10 12:43:59,226.1000,226.1500,226.0000,226.1000,10100
2015-09-10 12:44:59,226.0500,226.0500,225.9000,226.0500,11100
2015-09-10 12:45:01,226.0500,226.0500,226.0500,226.0500,700
2015-09-10 12:46:48,225.7000,225.8000,225.6500,225.7500,35400
2015-09-10 12:47:05,225.7000,225.7000,225.7000,225.7000,2400
2015-09-10 12:48:59,225.6000,225.7000,225.5500,225.6000,38300
2015-09-10 12:49:00,225.3500,225.6000,225.3000,225.5500,35900
2015-09-10 12:50:05,225.5500,225.6500,225.3500,225.4500,30500
2015-09-10 12:51:59,225.6500,225.6500,225.4000,225.5500,7700
2015-09-10 12:52:59,225.5000,225.6500,225.4000,225.5500,15100
2015-09-10 12:53:59,225.4500,225.6500,225.4500,225.5500,10200
2015-09-10 12:54:58,225.6000,225.6500,225.4500,225.6500,6600
2015-09-10 12:55:01,225.3500,225.6000,225.3000,225.6000,16400
2015-09-10 12:56:59,225.1500,225.3500,225.1000,225.3500,39400
2015-09-10 12:57:59,225.3000,225.3000,225.1000,225.1500,15500
2015-09-10 12:58:58,225.3000,225.4500,225.2500,225.2500,20800
2015-09-10 12:59:00,225.4500,225.5000,225.2500,225.4000,28300
2015-09-10 13:00:59,225.5500,225.7000,225.4000,225.4500,12100
2015-09-10 13:01:00,225.6000,225.7000,225.4500,225.5000,21700
2015-09-10 13:02:01,225.4000,225.6000,225.3000,225.6000,12800
2015-09-10 13:03:01,225.6000,225.6500,225.4500,225.5000,8000
2015-09-10 13:04:01,225.6500,225.6500,225.5000,225.6000,13000
2015-09-10 13:05:59,225.6500,225.6500,225.5000,225.6500,7000
2015-09-10 13:06:00,225.7500,225.7500,225.6000,225.6000,16700
2015-09-10 13:07:59,225.8500,225.8500,225.7000,225.8000,9900
2015-09-10 13:08:00,226.0500,226.1500,225.8000,225.8500,38400
2015-09-10 13:09:01,226.1000,226.2000,225.9000,226.1000,29800
2015-09-10 13:10:59,226.0000,226.2000,225.9000,226.1000,19900
2015-09-10 13:11:59,225.8000,225.9000,225.6500,225.9000,19800
2015-09-10 13:12:58,225.7000,225.8000,225.6000,225.7500,6900
2015-09-10 13:13:00,225.9000,225.9000,225.6500,225.7500,7200
2015-09-10 13:14:59,226.1000,226.1500,225.7500,225.9000,26500
2015-09-10 13:15:00,225.9500,226.1500,225.8000,226.1000,15100
2015-09-10 13:16:01,226.0500,226.1000,225.8500,225.9500,12100
2015-09-10 13:17:59,226.0000,226.1000,225.8500,226.1000,11900
2015-09-10 13:18:00,226.1500,226.2000,226.1000,226.1000,52000
2015-09-10 13:19:02,226.0500,226.2000,226.0500,226.1500,28700
2015-09-10 13:20:01,226.1500,226.1500,225.9000,226.0000,29700
2015-09-10 13:21:01,226.4000,226.4500,226.1000,226.1500,68400
2015-09-10 13:22:00,226.5500,226.6500,226.3500,226.4000,87700
2015-09-10 13:23:59,226.8000,226.9500,226.6000,226.7000,84000
2015-09-10 13:24:59,226.6000,226.8000,226.4500,226.7000,45400
2015-09-10 13:25:59,226.3500,226.7500,226.2000,226.6000,30500
2015-09-10 13:26:00,226.6000,226.6500,226.3500,226.3500,32100
2015-09-10 13:27:59,226.9000,227.1500,226.4500,226.4500,157800
2015-09-10 13:28:59,227.0000,227.0000,226.7000,226.8000,53700
2015-09-10 13:29:59,226.8500,227.2000,226.8500,227.0000,59800
2015-09-10 13:30:59,226.7500,226.9000,226.5000,226.8000,40400
2015-09-10 13:31:59,226.5000,226.7000,226.4500,226.5000,43800
2015-09-10 13:32:59,226.3000,226.6000,226.2500,226.5500,28600
2015-09-10 13:33:00,226.5000,226.5500,226.2000,226.3000,34400
2015-09-10 13:34:59,226.5500,226.5500,226.4000,226.5500,16800
2015-09-10 13:35:59,226.5500,226.6000,226.4000,226.5000,18200
2015-09-10 13:36:00,226.7500,226.7500,226.4500,226.4500,30900
2015-09-10 13:37:59,226.7000,226.9000,226.5000,226.8000,50300
2015-09-10 13:38:59,226.7000,226.9000,226.6500,226.7500,27500
2015-09-10 13:39:00,226.7000,226.8000,226.5500,226.5500,40500
2015-09-10 13:40:01,226.6500,226.7000,226.6000,226.6500,14100
2015-09-10 13:41:59,226.5000,226.6500,226.5000,226.6500,28100
2015-09-10 13:42:59,226.4500,226.6000,226.4500,226.6000,20100
2015-09-10 13:43:58,225.8000,226.5000,225.7500,226.4500,119500
2015-09-10 13:44:59,225.9500,226.0500,225.8000,225.8000,48700
2015-09-10 13:45:00,225.9500,226.2000,225.9000,226.0000,56700
2015-09-10 13:46:59,226.0000,226.1500,225.9500,226.1000,49800
2015-09-10 13:47:59,226.2000,226.2500,225.9500,226.0000,47500
2015-09-10 13:48:59,226.6500,226.7000,226.2000,226.2000,32200
2015-09-10 13:49:59,226.5000,226.6500,226.3000,226.6500,28900
2015-09-10 13:50:59,226.7500,226.9000,226.5000,226.5500,46500
2015-09-10 13:51:59,227.6500,227.8000,226.7000,226.7500,248700
2015-09-10 13:52:59,227.5500,227.8500,227.5000,227.7000,87100
2015-09-10 13:53:59,227.4500,227.6500,227.3500,227.5500,41300
2015-09-10 13:54:59,227.3500,227.7000,227.3500,227.4500,48000
2015-09-10 13:55:59,227.3000,227.6000,227.2000,227.3500,28500
2015-09-10 13:56:59,227.0000,227.3000,226.8500,227.2500,37700
2015-09-10 13:57:59,226.7500,226.9500,226.5500,226.8500,50000
2015-09-10 13:58:59,226.3000,226.7500,226.1000,226.7000,48800
2015-09-10 13:59:59,226.3500,226.4000,226.0000,226.3000,67000
2015-09-10 14:00:59,226.2500,226.5000,226.1000,226.2500,25100
2015-09-10 14:01:00,225.9000,226.2000,225.7500,226.2000,67800
2015-09-10 14:02:59,225.5000,225.8500,225.3000,225.8500,96500
2015-09-10 14:03:59,225.8000,226.0000,225.4500,225.5000,38700
2015-09-10 14:04:59,225.7000,225.9000,225.6000,225.8000,78500
2015-09-10 14:05:59,225.9000,226.0000,225.5500,225.7000,40400
2015-09-10 14:06:59,225.9000,226.0000,225.7500,225.9000,19500
2015-09-10 14:07:00,225.8000,226.0000,225.7000,225.9500,24500
2015-09-10 14:08:02,225.7000,225.8500,225.6000,225.8500,28400
2015-09-10 14:09:02,225.6500,225.8000,225.3500,225.6000,44300
2015-09-10 14:10:59,225.8000,226.0000,225.5500,225.7500,37500
2015-09-10 14:11:59,225.7500,226.0000,225.7000,225.9000,25000
2015-09-10 14:12:59,225.6000,225.8500,225.4500,225.7500,30400
2015-09-10 14:13:00,225.5500,225.7500,225.5000,225.6000,23000
2015-09-10 14:14:01,225.5000,225.6500,225.3000,225.6500,85200
2015-09-10 14:15:59,225.4000,225.5500,225.3000,225.4500,68300
2015-09-10 14:16:59,225.1500,225.5000,225.1500,225.3500,44600
2015-09-10 14:17:59,225.1000,225.4000,225.0000,225.1500,195000
2015-09-10 14:18:00,225.0000,225.3000,224.8500,225.1000,115700
2015-09-10 14:19:59,225.3500,225.4000,225.0000,225.1000,29700
2015-09-10 14:20:59,225.4500,225.4500,225.2500,225.2500,39400
2015-09-10 14:21:00,225.4500,225.5000,225.2500,225.4000,15200
2015-09-10 14:22:59,225.4500,225.5000,225.3000,225.4000,24800
2015-09-10 14:23:00,225.6000,225.6000,225.4500,225.5000,28700
2015-09-10 14:24:02,225.8500,225.8500,225.5500,225.6000,17400
2015-09-10 14:25:58,226.0000,226.0000,225.7000,225.7500,36900
2015-09-10 14:26:00,225.9500,226.0000,225.8000,225.9000,13500
2015-09-10 14:27:59,225.8000,225.9500,225.6000,225.9500,46800
2015-09-10 14:28:59,225.7500,225.8000,225.6000,225.8000,11100
2015-09-10 14:29:59,225.7500,225.9000,225.7000,225.7500,11500
2015-09-10 14:30:00,225.7000,225.8500,225.6500,225.8000,14400
2015-09-10 14:31:00,225.7000,225.7500,225.5500,225.7500,12500
2015-09-10 14:32:59,225.7000,225.8000,225.6000,225.6500,9100
2015-09-10 14:33:01,225.8000,225.8500,225.7000,225.8000,12200
2015-09-10 14:34:59,225.9500,225.9500,225.7500,225.8500,25500
2015-09-10 14:35:59,226.4000,226.5000,225.9500,225.9500,56900
2015-09-10 14:36:59,226.3000,226.5000,226.2500,226.4500,42900
2015-09-10 14:37:00,226.2500,226.5000,226.1000,226.5000,20100
2015-09-10 14:38:00,226.3500,226.4000,226.2500,226.3000,13800
2015-09-10 14:39:00,226.1500,226.4000,226.1000,226.2500,14500
2015-09-10 14:40:00,226.0000,226.2500,226.0000,226.1500,11600
2015-09-10 14:41:01,226.0000,226.1000,225.8000,226.0000,29000
2015-09-10 14:42:01,225.8000,226.0000,225.7000,225.8500,21000
2015-09-10 14:43:59,225.8000,225.9000,225.7000,225.8500,19600
2015-09-10 14:44:00,225.8500,225.9000,225.6500,225.8000,21800
2015-09-10 14:45:02,225.8500,225.9500,225.8000,225.8500,12200
2015-09-10 14:46:01,226.1000,226.1000,225.7000,225.9500,21900
2015-09-10 14:47:01,226.0000,226.1500,225.9000,226.1000,7100
2015-09-10 14:48:59,225.7000,225.9500,225.6000,225.9500,28500
2015-09-10 14:49:59,225.3000,225.7000,225.1500,225.7000,58600
2015-09-10 14:50:59,225.3500,225.4000,225.2000,225.2000,18300
2015-09-10 14:51:59,225.4000,225.6000,225.3000,225.4000,20800
2015-09-10 14:52:00,225.6000,225.7500,225.4000,225.5500,19800
2015-09-10 14:53:01,225.7000,225.7500,225.5500,225.7000,6100
2015-09-10 14:54:00,225.5500,225.7000,225.3000,225.7000,21300
2015-09-10 14:55:59,225.4500,225.6500,225.4000,225.6000,12200
2015-09-10 14:56:00,225.5500,225.6000,225.4000,225.4500,9200
2015-09-10 14:57:59,225.7000,225.7000,225.5000,225.5500,15600
2015-09-10 14:58:00,225.6500,225.8000,225.6000,225.6500,15800
2015-09-10 14:59:59,225.8500,226.0000,225.6500,225.7000,47400
2015-09-10 15:00:00,226.0000,226.1000,225.8000,225.9500,45600
2015-09-10 15:01:02,226.0000,226.1000,225.8500,225.9500,46500
2015-09-10 15:02:59,225.9000,226.0000,225.8500,225.9500,17100
2015-09-10 15:03:59,225.9000,226.0000,225.8500,225.9500,18100
2015-09-10 15:04:59,226.2000,226.4500,225.8000,225.9500,89500
2015-09-10 15:05:00,226.1500,226.2500,226.0000,226.2500,43000
2015-09-10 15:06:59,226.3000,226.5000,226.1500,226.1500,57600
2015-09-10 15:07:59,226.4000,226.5000,226.2500,226.3000,50500
2015-09-10 15:08:59,226.9000,226.9000,226.1500,226.4000,123300
2015-09-10 15:09:59,226.9500,226.9500,226.6500,226.9000,65100
2015-09-10 15:10:59,227.2000,227.2500,226.7500,226.9000,145300
2015-09-10 15:11:59,227.0500,227.4000,227.0500,227.1500,81600
2015-09-10 15:12:59,226.7000,227.3000,226.6500,227.1500,86800
2015-09-10 15:13:59,226.6000,226.9500,226.4000,226.8000,63600
2015-09-10 15:14:59,226.9000,227.0000,226.5500,226.5500,43400
2015-09-10 15:15:59,227.1500,227.4000,226.8500,226.9500,157200
2015-09-10 15:16:59,227.6000,227.8000,227.1500,227.3000,176000
2015-09-10 15:17:59,227.2500,227.7000,227.1500,227.6500,60500
2015-09-10 15:18:00,227.2500,227.4000,227.1000,227.2500,62600
2015-09-10 15:19:59,227.3500,227.3500,227.1000,227.2000,73200
2015-09-10 15:20:59,227.3500,227.6000,227.2500,227.3000,80200
2015-09-10 15:21:59,227.9500,228.0000,227.5500,227.6000,136600
2015-09-10 15:22:59,228.0500,228.2000,227.9000,228.0000,90200
2015-09-10 15:23:59,228.3000,228.5000,228.0500,228.1500,98500
2015-09-10 15:24:59,228.7000,228.8000,228.2500,228.2500,100000
2015-09-10 15:25:59,228.9000,228.9500,228.6500,228.6500,75600
2015-09-10 15:26:59,228.8500,229.2000,228.8000,228.9500,95900
2015-09-10 15:27:59,228.9000,229.0000,228.7500,228.8500,63000
2015-09-10 15:28:59,229.0000,229.0500,228.8500,228.9000,78200
2015-09-10 15:29:59,229.5500,229.7000,229.0500,229.0500,88900
2015-09-10 15:30:00,229.6000,229.6000,229.6000,229.6000,300
2015-09-11 09:15:59,231.3500,231.8000,230.5500,230.8500,263300
2015-09-11 09:16:59,231.8000,231.8000,231.4000,231.4500,154200
2015-09-11 09:17:59,232.1000,232.5500,231.8000,231.8500,131000
2015-09-11 09:18:59,232.1000,232.4500,232.0000,232.2000,136600
2015-09-11 09:19:59,231.9000,232.2000,231.8000,232.1000,93000
2015-09-11 09:20:59,231.6500,231.9000,231.5000,231.9000,81400
2015-09-11 09:21:59,231.5000,231.8000,231.4500,231.5500,92600
2015-09-11 09:22:59,232.2000,232.3500,231.5500,231.6500,105100
2015-09-11 09:23:59,232.0000,232.4000,232.0000,232.2500,112200
2015-09-11 09:24:59,231.9500,232.3000,231.9000,232.0500,62900
2015-09-11 09:25:00,231.8000,232.1000,231.6500,231.9500,52900
2015-09-11 09:26:59,232.0000,232.1000,231.8500,231.9000,48900
2015-09-11 09:27:59,232.1500,232.1500,231.8500,232.0000,45000
2015-09-11 09:28:59,232.7000,232.7000,232.0000,232.2000,94700
2015-09-11 09:29:59,232.3500,232.7000,232.3500,232.6500,56100
2015-09-11 09:30:58,232.6500,232.6500,232.3500,232.4500,44900
2015-09-11 09:31:59,232.7500,233.3000,232.5500,232.6000,145900
2015-09-11 09:32:59,232.8500,233.0000,232.6500,232.6500,63000
2015-09-11 09:33:59,232.7500,232.9500,232.7000,232.9000,62200
2015-09-11 09:34:59,232.6000,232.9000,232.6000,232.8500,55000
2015-09-11 09:35:59,232.9000,232.9000,232.6000,232.7500,35000
2015-09-11 09:36:59,232.8000,233.0000,232.8000,232.8500,86800
2015-09-11 09:37:59,232.8500,232.9500,232.6500,232.9000,44500
2015-09-11 09:38:59,232.8000,232.9000,232.7000,232.9000,29200
2015-09-11 09:39:00,232.7500,232.9000,232.7500,232.8500,32400
2015-09-11 09:40:59,232.8000,233.0000,232.7500,232.8000,61300
2015-09-11 09:41:59,232.7000,232.9000,232.6500,232.8500,31200
2015-09-11 09:42:59,232.6000,232.7500,232.3000,232.7000,57500
2015-09-11 09:43:59,232.4000,232.6500,232.2000,232.5500,68800
2015-09-11 09:44:59,232.3500,232.5500,232.2500,232.5000,32500
2015-09-11 09:45:59,232.3000,232.5000,232.2500,232.5000,38500
2015-09-11 09:46:59,232.2000,232.4000,232.1000,232.3500,55800
2015-09-11 09:47:59,232.0000,232.2500,231.7500,232.1500,170900
2015-09-11 09:48:59,232.0500,232.3000,231.9000,232.0500,51000
2015-09-11 09:49:59,232.2500,232.2500,231.9500,232.0500,48900
2015-09-11 09:50:59,232.5000,232.5000,232.2500,232.2500,38500
2015-09-11 09:51:59,232.5000,232.6000,232.3500,232.4500,31800
2015-09-11 09:52:59,232.4000,232.6000,232.4000,232.6000,21400
2015-09-11 09:53:59,232.4000,232.5500,232.3500,232.4500,19500
2015-09-11 09:54:59,232.3000,232.5500,232.3000,232.4000,33900
2015-09-11 09:55:59,232.1500,232.4000,232.1000,232.3000,32100
2015-09-11 09:56:59,232.2500,232.2500,232.1500,232.2500,26600
2015-09-11 09:57:00,232.2000,232.3500,232.1500,232.2000,18500
2015-09-11 09:58:00,232.2000,232.3000,232.1000,232.3000,18600
2015-09-11 09:59:59,232.1500,232.2500,232.0000,232.2000,27900
2015-09-11 10:00:00,232.2500,232.4500,232.1000,232.1000,35900
2015-09-11 10:01:59,232.4000,232.5000,232.2500,232.3000,29200
2015-09-11 10:02:59,232.6000,232.7000,232.5000,232.5000,34300
2015-09-11 10:03:59,232.5500,232.7000,232.5500,232.6500,21100
2015-09-11 10:04:59,232.6500,232.7000,232.5000,232.5500,19500
2015-09-11 10:05:59,232.4500,232.6500,232.4000,232.5000,28200
2015-09-11 10:06:59,232.4000,232.6000,232.2000,232.4500,45000
2015-09-11 10:07:59,232.3000,232.5000,232.2000,232.4500,34700
2015-09-11 10:08:59,232.3000,232.3500,232.2000,232.2500,16500
2015-09-11 10:09:00,232.1500,232.3500,232.0500,232.3500,21700
2015-09-11 10:10:59,232.1500,232.2000,231.9500,232.1000,42300
2015-09-11 10:11:59,232.0000,232.2000,231.9500,232.1000,16500
2015-09-11 10:12:59,232.1500,232.3000,232.0500,232.0500,14300
2015-09-11 10:13:59,232.2000,232.3500,232.1000,232.2000,30600
2015-09-11 10:14:59,232.3000,232.4000,232.1000,232.1500,22400
2015-09-11 10:15:59,232.4500,232.5000,232.2500,232.4000,25500
2015-09-11 10:16:59,232.4500,232.5000,232.3500,232.4500,15800
2015-09-11 10:17:59,232.6000,232.7000,232.4500,232.4500,32000
2015-09-11 10:18:00,232.5500,232.7000,232.5500,232.6000,15800
2015-09-11 10:19:02,232.5000,232.7000,232.4500,232.5500,16100
2015-09-11 10:20:59,232.3000,232.5500,232.3000,232.5000,19900
2015-09-11 10:21:00,232.3500,232.4500,232.2000,232.3500,19600
2015-09-11 10:22:00,232.3500,232.4000,232.2000,232.3500,14400
2015-09-11 10:23:00,232.4500,232.4500,232.2500,232.3500,18300
2015-09-11 10:24:59,232.4000,232.4500,232.3500,232.4000,11000
2015-09-11 10:25:59,232.2000,232.4500,232.1500,232.4000,19100
2015-09-11 10:26:00,232.1000,232.4000,232.1000,232.2000,23100
2015-09-11 10:27:59,232.1500,232.3500,232.1500,232.2000,18200
2015-09-11 10:28:00,232.3000,232.3500,232.2000,232.2000,23500
2015-09-11 10:29:03,232.3000,232.4000,232.2500,232.3000,17800
2015-09-11 10:30:00,232.5000,232.5000,232.2500,232.3000,26000
2015-09-11 10:31:59,232.4500,232.5000,232.3000,232.5000,14300
2015-09-11 10:32:00,232.3500,232.4500,232.3000,232.4500,12300
2015-09-11 10:33:01,232.2500,232.3500,232.2000,232.3500,9400
2015-09-11 10:34:03,232.3000,232.3500,232.2000,232.2000,11600
2015-09-11 10:35:59,232.2000,232.2500,232.1500,232.2000,37800
2015-09-11 10:36:00,232.1500,232.2000,232.1000,232.2000,21700
2015-09-11 10:37:59,232.0500,232.2000,232.0000,232.1500,60600
2015-09-11 10:38:00,231.9500,232.1500,231.8500,232.1000,49500
2015-09-11 10:39:59,231.8500,232.2000,231.8000,231.9000,42300
2015-09-11 10:40:59,231.9000,232.0500,231.8000,231.9000,34900
2015-09-11 10:41:59,232.0500,232.2000,231.6000,231.9000,109100
2015-09-11 10:42:00,232.0000,232.1500,231.9000,232.0500,16100
2015-09-11 10:43:59,232.0000,232.1000,231.8500,231.9000,22200
2015-09-11 10:44:59,232.0500,232.0500,231.8500,231.9000,43500
2015-09-11 10:45:00,232.1500,232.1500,231.9500,232.0500,35700
2015-09-11 10:46:01,232.0000,232.1500,232.0000,232.0500,17400
2015-09-11 10:47:01,231.9500,232.1500,231.9500,232.1500,17000
2015-09-11 10:48:59,231.9500,232.0500,231.9500,231.9500,10700
2015-09-11 10:49:00,232.0000,232.0500,231.9000,232.0000,13900
2015-09-11 10:50:01,231.9000,232.0000,231.9000,232.0000,10600
2015-09-11 10:51:59,231.9000,232.0000,231.9000,231.9500,13100
2015-09-11 10:52:59,231.8000,231.9000,231.7000,231.9000,37700
2015-09-11 10:53:59,231.8000,231.9500,231.7500,231.9000,23500
2015-09-11 10:54:00,231.9500,232.0000,231.8000,231.9000,15400
2015-09-11 10:55:59,231.9500,232.0000,231.8500,231.8500,8100
2015-09-11 10:56:00,231.9500,232.0000,231.8500,231.9000,23700
2015-09-11 10:57:59,232.2000,232.2500,231.9500,232.0000,36800
2015-09-11 10:58:00,232.1000,232.2500,232.1000,232.1500,29900
2015-09-11 10:59:59,232.1000,232.2500,232.0500,232.2000,23300
2015-09-11 11:00:00,232.1000,232.2000,231.9000,232.2000,21800
2015-09-11 11:01:59,231.9500,232.1000,231.9500,232.0000,5300
2015-09-11 11:02:59,231.9000,232.0000,231.8000,231.9500,12200
2015-09-11 11:03:59,231.9000,231.9000,231.7500,231.8000,12300
2015-09-11 11:04:00,231.7500,231.9500,231.7000,231.9000,34200
2015-09-11 11:05:01,231.7500,231.7500,231.6500,231.7000,28100
2015-09-11 11:06:00,231.8500,231.9000,231.6500,231.6500,13000
2015-09-11 11:07:00,231.8000,231.9000,231.7000,231.8000,10600
2015-09-11 11:08:59,232.1000,232.1000,231.7500,231.9000,22300
2015-09-11 11:09:00,232.1500,232.2000,232.0000,232.2000,7800
2015-09-11 11:10:59,231.7500,232.0500,231.6500,232.0500,13800
2015-09-11 11:11:59,231.2000,231.7000,231.1500,231.4500,131800
2015-09-11 11:12:59,231.4000,231.5000,231.2000,231.2500,34500
2015-09-11 11:13:59,231.2000,231.5000,231.1500,231.4000,25400
2015-09-11 11:14:59,231.2500,231.3000,231.1000,231.2000,29800
2015-09-11 11:15:59,231.5000,231.7000,231.1500,231.3500,19600
2015-09-11 11:16:59,231.6000,231.6500,231.4000,231.6500,14200
2015-09-11 11:17:00,231.5500,231.7500,231.3500,231.3500,13500
2015-09-11 11:18:59,231.6500,231.8000,231.5500,231.6000,14400
2015-09-11 11:19:59,231.8000,231.8500,231.6000,231.7000,23800
2015-09-11 11:20:00,231.6500,231.8500,231.6000,231.7500,9200
2015-09-11 11:21:58,231.8000,231.8500,231.6500,231.6500,9100
2015-09-11 11:22:00,231.8000,231.8500,231.7500,231.8000,6800
2015-09-11 11:23:01,231.9000,231.9500,231.7000,231.8500,20000
2015-09-11 11:24:00,231.8000,231.9500,231.7000,231.9000,9600
2015-09-11 11:25:01,231.6000,231.9000,231.5500,231.8000,25800
2015-09-11 11:26:01,231.6000,231.7000,231.5500,231.5500,13800
2015-09-11 11:27:04,231.5500,231.7500,231.5500,231.6000,8400
2015-09-11 11:28:59,231.6500,231.7000,231.4000,231.5500,19900
2015-09-11 11:29:00,231.4500,231.5500,231.3500,231.5000,13900
2015-09-11 11:30:59,231.2500,231.5000,231.2000,231.4000,16100
2015-09-11 11:31:59,231.2500,231.3500,231.1500,231.2500,23300
2015-09-11 11:32:00,231.2000,231.4000,231.1000,231.2500,40400
2015-09-11 11:33:53,231.0000,231.2500,230.8000,231.2000,117200
2015-09-11 11:34:59,231.1500,231.2000,230.8500,231.0000,51400
2015-09-11 11:35:59,231.2500,231.3000,231.0000,231.0000,17500
2015-09-11 11:36:00,231.3500,231.3500,231.1500,231.3000,12200
2015-09-11 11:37:59,231.3000,231.3000,231.1000,231.3000,14400
2015-09-11 11:38:59,231.4000,231.4000,231.1500,231.2500,16100
2015-09-11 11:39:00,231.2000,231.5000,231.1500,231.3500,29900
2015-09-11 11:40:59,231.3000,231.3000,231.1500,231.2000,8600
2015-09-11 11:41:01,231.3500,231.4000,231.1500,231.2000,17100
2015-09-11 11:42:02,231.4000,231.5000,231.3500,231.3500,11100
2015-09-11 11:43:00,231.5500,231.6000,231.4000,231.4500,14600
2015-09-11 11:44:59,231.6000,231.7000,231.4500,231.5000,14600
2015-09-11 11:45:00,231.5500,231.7000,231.5000,231.5500,10000
2015-09-11 11:46:03,231.5000,231.6500,231.5000,231.6000,6500
2015-09-11 11:47:01,231.5500,231.6500,231.4500,231.6500,7700
2015-09-11 11:48:59,231.5000,231.7000,231.4500,231.5500,9200
2015-09-11 11:49:59,231.3500,231.6000,231.3500,231.5000,16700
2015-09-11 11:50:00,231.4000,231.5000,231.3000,231.5000,8000
2015-09-11 11:51:02,231.5000,231.6000,231.3000,231.4500,8800
2015-09-11 11:52:03,231.5000,231.5500,231.3000,231.4500,6300
2015-09-11 11:53:59,231.4500,231.6000,231.3500,231.5000,7200
2015-09-11 11:54:00,231.5000,231.6000,231.4000,231.4500,3800
2015-09-11 11:55:02,231.6000,231.6000,231.4500,231.5000,9400
2015-09-11 11:56:03,231.5500,231.6000,231.5000,231.5000,4900
2015-09-11 11:57:59,231.7000,231.7000,231.5000,231.5500,23400
2015-09-11 11:58:01,231.7000,231.7000,231.5000,231.7000,9300
2015-09-11 11:59:00,231.7500,231.7500,231.6500,231.6500,11200
2015-09-11 12:00:59,231.6500,231.7000,231.5500,231.6000,9700
2015-09-11 12:01:00,231.7500,231.7500,231.6000,231.6000,5700
2015-09-11 12:02:02,231.7000,231.8000,231.6000,231.6500,7800
2015-09-11 12:03:59,231.5000,231.7500,231.5000,231.7000,10000
2015-09-11 12:04:00,231.5500,231.6000,231.5000,231.6000,4900
2015-09-11 12:05:02,231.5000,231.6000,231.5000,231.5500,8300
2015-09-11 12:06:59,231.4000,231.6500,231.3500,231.5500,9700
2015-09-11 12:07:00,231.1500,231.4500,231.1000,231.4000,21800
2015-09-11 12:08:59,231.1000,231.3000,231.0500,231.2000,25200
2015-09-11 12:09:59,231.2500,231.3000,231.1000,231.3000,6500
2015-09-11 12:10:00,231.1000,231.3000,231.1000,231.2500,10700
2015-09-11 12:11:59,231.1000,231.2500,231.1000,231.2000,5700
2015-09-11 12:12:59,231.3000,231.4500,231.1000,231.2000,13200
2015-09-11 12:13:00,231.4000,231.4500,231.2500,231.4500,7000
2015-09-11 12:14:01,231.3000,231.5000,231.2000,231.4000,7900
2015-09-11 12:15:00,231.3000,231.5000,231.3000,231.3500,6000
2015-09-11 12:16:02,231.3500,231.5000,231.3000,231.3000,5700
2015-09-11 12:17:02,231.3500,231.4500,231.2000,231.4500,9800
2015-09-11 12:18:01,231.2500,231.4500,231.2000,231.2000,11100
2015-09-11 12:19:02,231.2000,231.4000,231.2000,231.2500,3300
2015-09-11 12:20:01,231.3000,231.3000,231.1000,231.3000,13000
2015-09-11 12:21:00,231.3000,231.4000,231.1000,231.1500,6300
2015-09-11 12:22:59,231.3000,231.3500,231.1500,231.3000,9500
2015-09-11 12:23:00,231.1000,231.3000,231.1000,231.1500,18400
2015-09-11 12:24:01,231.3000,231.3500,231.1500,231.1500,6400
2015-09-11 12:25:01,231.4000,231.4000,231.1500,231.3000,10000
2015-09-11 12:26:59,231.4000,231.5500,231.2000,231.4000,23300
2015-09-11 12:27:59,231.5500,231.7000,231.2500,231.4000,22300
2015-09-11 12:28:59,231.4000,231.7500,231.3500,231.5500,12100
2015-09-11 12:29:00,231.5500,231.7000,231.3500,231.4000,17800
2015-09-11 12:30:00,231.6500,231.8500,231.5500,231.6000,34100
2015-09-11 12:31:02,231.4500,231.9000,231.4000,231.7500,27600
2015-09-11 12:32:00,231.3000,231.5500,231.3000,231.5500,20100
2015-09-11 12:33:59,231.4000,231.4500,231.2000,231.4500,12900
2015-09-11 12:34:59,231.2000,231.3500,231.1000,231.2000,12800
2015-09-11 12:35:59,230.7000,231.3500,230.7000,231.3500,86100
2015-09-11 12:36:59,230.5000,230.6500,230.1000,230.6000,181800
2015-09-11 12:37:00,230.5000,230.7000,230.3500,230.5000,42200
2015-09-11 12:38:59,230.5500,230.8000,230.5000,230.5000,19600
2015-09-11 12:39:59,230.7500,231.0000,230.4000,230.5000,47500
2015-09-11 12:40:00,230.8500,230.9000,230.6000,230.8500,11300
2015-09-11 12:41:01,231.1000,231.1000,230.8000,230.9000,19100
2015-09-11 12:42:01,230.8500,231.0000,230.8000,231.0000,11900
2015-09-11 12:43:01,231.1000,231.4000,230.8500,230.8500,49100
2015-09-11 12:44:59,231.0000,231.3500,231.0000,231.1000,47000
2015-09-11 12:45:09,230.9000,231.0500,230.8000,230.9500,34900
2015-09-11 12:46:05,230.9000,231.1500,230.8500,230.8500,15200
2015-09-11 12:47:11,230.9000,231.1000,230.9000,231.0000,7000
2015-09-11 12:48:02,231.0000,231.1500,230.8000,230.9000,24500
2015-09-11 12:49:58,231.1000,231.1000,230.8500,231.1000,7400
2015-09-11 12:50:04,230.9000,230.9000,230.9000,230.9000,400
2015-09-11 12:51:59,230.6000,230.7500,230.6000,230.7500,31200
2015-09-11 12:52:59,230.2000,230.6500,230.1500,230.6000,50200
2015-09-11 12:53:59,230.4000,230.6000,230.2000,230.3000,45200
2015-09-11 12:54:54,230.5000,230.5500,230.3500,230.4000,12600
2015-09-11 12:55:03,230.4000,230.5000,230.2000,230.2500,31800
2015-09-11 12:56:59,230.4000,230.5000,230.1500,230.3500,29700
2015-09-11 12:57:00,230.4500,230.5000,230.3000,230.5000,10200
2015-09-11 12:58:59,230.4000,230.5000,230.3000,230.4500,14600
2015-09-11 12:59:00,230.3000,230.4500,230.3000,230.3000,8900
2015-09-11 13:00:01,230.4000,230.4000,230.2000,230.4000,15000
2015-09-11 13:01:59,230.4000,230.4000,230.3000,230.3500,10500
2015-09-11 13:02:00,230.4000,230.4000,230.2500,230.3500,8000
2015-09-11 13:03:59,230.3500,230.5000,230.3000,230.3000,7900
2015-09-11 13:04:01,230.6000,230.6000,230.4000,230.4500,20400
2015-09-11 13:05:01,230.7000,230.7500,230.5500,230.6000,13400
2015-09-11 13:06:04,230.7000,230.7000,230.5000,230.6000,9800
2015-09-11 13:07:59,230.3000,230.7500,230.3000,230.7000,25200
2015-09-11 13:08:59,230.0000,230.3500,230.0000,230.2500,145000
2015-09-11 13:09:59,229.6500,230.0500,229.5000,230.0000,167600
2015-09-11 13:10:59,229.1000,229.7500,229.1000,229.7500,130100
2015-09-11 13:11:59,229.0500,229.4500,229.0000,229.2000,112300
2015-09-11 13:12:59,228.9000,229.3000,228.8000,229.1000,113100
2015-09-11 13:13:59,229.0000,229.2000,228.9000,228.9000,47600
2015-09-11 13:14:59,229.2000,229.2500,229.0000,229.0000,22600
2015-09-11 13:15:59,228.4000,229.2500,228.3000,229.2000,108700
2015-09-11 13:16:59,228.6000,228.9500,228.4000,228.5000,99900
2015-09-11 13:17:59,228.6000,228.6000,228.1500,228.5500,87900
2015-09-11 13:18:59,228.2000,228.5000,228.0500,228.5000,69400
2015-09-11 13:19:59,228.4000,228.4500,228.0000,228.2000,85800
2015-09-11 13:20:59,228.6000,228.7000,228.4000,228.4500,49500
2015-09-11 13:21:59,228.8000,229.0000,228.5000,228.6000,36600
2015-09-11 13:22:58,228.9500,229.0500,228.7500,228.7500,32900
2015-09-11 13:23:59,229.1000,229.1000,228.8000,228.9500,34900
2015-09-11 13:24:59,229.3000,229.3500,229.0500,229.1000,42200
2015-09-11 13:25:58,229.5500,229.9500,229.3000,229.3000,116000
2015-09-11 13:26:59,230.1500,230.4000,229.5500,229.7000,111400
2015-09-11 13:27:59,230.2000,230.6000,230.0500,230.1500,52400
2015-09-11 13:28:59,230.4000,230.6000,229.9000,230.2000,99600
2015-09-11 13:29:59,230.2500,230.4500,230.0500,230.3500,39400
2015-09-11 13:30:59,230.4000,230.5000,230.0500,230.2500,35200
2015-09-11 13:31:59,230.3000,230.5000,230.2000,230.4500,22500
2015-09-11 13:32:58,229.8500,230.3500,229.6500,230.2500,43500
2015-09-11 13:33:58,229.1000,230.0000,229.0500,229.7500,74300
2015-09-11 13:34:59,229.3000,229.7500,229.3000,229.3000,27400
2015-09-11 13:35:59,229.7000,229.7000,229.3500,229.3500,43000
2015-09-11 13:36:59,229.7500,229.7500,229.5500,229.6000,32700
2015-09-11 13:37:00,229.8000,229.9500,229.6500,229.7500,12300
2015-09-11 13:38:03,229.8500,229.9000,229.6000,229.9000,10000
2015-09-11 13:39:59,229.6500,229.7500,229.2500,229.6000,32700
2015-09-11 13:40:00,229.8000,229.8500,229.5500,229.8000,9200
2015-09-11 13:41:01,229.8000,230.1000,229.8000,229.8000,19300
2015-09-11 13:42:02,229.8500,230.1000,229.7000,229.8000,31300
2015-09-11 13:43:03,229.9000,230.1000,229.8500,229.9500,20100
2015-09-11 13:44:00,229.9500,230.0500,229.8500,229.8500,5400
2015-09-11 13:45:59,229.7000,229.9500,229.5000,229.9500,36600
2015-09-11 13:46:59,229.8000,229.9500,229.6500,229.8000,6300
2015-09-11 13:47:00,229.7000,229.8500,229.6500,229.7000,39100
2015-09-11 13:48:59,229.7000,229.8000,229.6000,229.7000,24000
2015-09-11 13:49:00,229.5000,229.8500,229.4000,229.7000,41200
2015-09-11 13:50:59,229.8500,229.8500,229.6000,229.6500,20000
2015-09-11 13:51:59,229.4000,229.8500,229.4000,229.8500,22700
2015-09-11 13:52:00,229.4000,229.7500,229.3500,229.3500,16000
2015-09-11 13:53:02,229.5000,229.7500,229.4500,229.5000,32500
2015-09-11 13:54:59,229.7000,229.8000,229.5000,229.6500,44300
2015-09-11 13:55:59,229.7000,229.8000,229.6000,229.7000,17300
2015-09-11 13:56:59,229.7500,229.7500,229.5000,229.6000,28700
2015-09-11 13:57:59,229.6500,229.8500,229.6000,229.8000,29500
2015-09-11 13:58:00,229.7000,229.9000,229.6000,229.6500,11500
2015-09-11 13:59:59,229.6000,229.7000,229.4000,229.6000,32500
2015-09-11 14:00:59,229.3000,229.6500,229.3000,229.4500,23900
2015-09-11 14:01:59,229.2000,229.6500,229.0000,229.5000,42500
2015-09-11 14:02:59,229.1500,229.3000,229.1000,229.2000,30900
2015-09-11 14:03:59,229.1000,229.3000,229.1000,229.1500,32300
2015-09-11 14:04:59,229.4000,229.5000,229.1000,229.2500,21500
2015-09-11 14:05:00,229.5500,229.6500,229.3500,229.4000,19600
2015-09-11 14:06:03,229.7000,229.7000,229.4500,229.5500,24100
2015-09-11 14:07:02,229.6000,229.7000,229.3000,229.7000,22200
2015-09-11 14:08:03,229.6000,229.7000,229.4500,229.6500,11100
2015-09-11 14:09:59,229.7500,229.7500,229.5000,229.6500,14000
2015-09-11 14:10:00,229.7000,229.7500,229.5500,229.7500,7000
2015-09-11 14:11:02,229.6000,229.8000,229.6000,229.6000,9500
2015-09-11 14:12:59,229.6500,229.7500,229.6000,229.7500,15900
2015-09-11 14:13:58,229.5000,229.7500,229.4500,229.6000,22800
2015-09-11 14:14:00,229.5500,229.6500,229.4000,229.6500,18900
2015-09-11 14:15:00,229.3500,229.6500,229.3500,229.4000,18500
2015-09-11 14:16:59,229.3000,229.6500,229.2500,229.5000,8900
2015-09-11 14:17:00,229.4500,229.6000,229.2500,229.3000,21300
2015-09-11 14:18:59,229.3500,229.4500,229.1500,229.4500,26900
2015-09-11 14:19:59,229.4000,229.4000,229.2500,229.2500,8600
2015-09-11 14:20:59,229.6500,229.6500,229.3000,229.3500,20200
2015-09-11 14:21:00,229.5000,229.7000,229.5000,229.6000,15400
2015-09-11 14:22:54,229.5000,229.7000,229.5000,229.6000,23100
2015-09-11 14:23:59,229.9000,230.0000,229.4500,229.6500,67600
2015-09-11 14:24:59,230.0000,230.1000,229.5500,230.0000,32500
2015-09-11 14:25:59,229.9500,230.0000,229.8000,230.0000,15200
2015-09-11 14:26:00,229.5000,230.0000,229.4500,229.9500,39300
2015-09-11 14:27:00,229.8500,229.8500,229.5000,229.6000,13200
2015-09-11 14:28:58,229.8500,229.8500,229.6500,229.8500,8200
2015-09-11 14:29:59,229.7000,229.8500,229.6500,229.8000,10100
2015-09-11 14:30:59,229.6000,229.8000,229.5000,229.7500,13900
2015-09-11 14:31:00,229.2000,229.6000,228.8000,229.6000,111400
2015-09-11 14:32:59,229.2000,229.4000,229.1000,229.2000,16000
2015-09-11 14:33:00,229.2500,229.4500,229.2000,229.3000,10600
2015-09-11 14:34:59,229.3000,229.4500,229.2000,229.3000,15000
2015-09-11 14:35:00,229.4000,229.5000,229.2500,229.3500,14500
2015-09-11 14:36:59,229.5000,229.5000,229.2500,229.3000,11200
2015-09-11 14:37:59,229.4000,229.5000,229.3000,229.4500,10900
2015-09-11 14:38:59,229.1500,229.3500,229.1000,229.3500,30900
2015-09-11 14:39:00,229.3000,229.3500,229.1000,229.2500,14100
2015-09-11 14:40:59,229.3000,229.3000,229.1000,229.3000,11100
2015-09-11 14:41:59,229.4500,229.4500,229.1500,229.3000,12800
2015-09-11 14:42:59,229.4000,229.5000,229.3500,229.4500,21100
2015-09-11 14:43:59,229.4000,229.5000,229.3000,229.4500,29600
2015-09-11 14:44:59,229.3000,229.5000,229.1500,229.4500,35700
2015-09-11 14:45:59,229.3000,229.4000,229.1000,229.3000,32200
2015-09-11 14:46:00,229.3000,229.3000,229.1000,229.3000,15000
2015-09-11 14:47:59,229.3000,229.4500,229.2500,229.3000,18100
2015-09-11 14:48:59,229.3500,229.4000,229.1500,229.3000,12800
2015-09-11 14:49:59,229.3500,229.4500,229.2500,229.3500,10900
2015-09-11 14:50:59,229.2000,229.4500,229.2000,229.4000,23000
2015-09-11 14:51:59,229.3000,229.3500,229.1500,229.3000,26800
2015-09-11 14:52:00,229.3000,229.3500,229.2000,229.2500,16100
2015-09-11 14:53:59,229.2500,229.3000,229.1000,229.2000,46500
2015-09-11 14:54:00,229.2000,229.3000,229.1000,229.2000,13100
2015-09-11 14:55:59,229.3000,229.3000,229.1500,229.1500,12300
2015-09-11 14:56:59,229.3000,229.4500,229.1500,229.3000,147300
2015-09-11 14:57:59,230.4000,230.4000,229.2500,229.4000,239600
2015-09-11 14:58:58,230.4000,230.5500,230.2500,230.3500,95600
2015-09-11 14:59:59,230.8500,230.9000,230.3000,230.3000,114400
2015-09-11 15:00:59,230.7000,231.3000,230.7000,230.8500,135300
2015-09-11 15:01:59,230.4500,230.8500,230.3500,230.7500,49500
2015-09-11 15:02:58,230.6500,230.6500,230.3500,230.4500,51200
2015-09-11 15:03:59,230.6000,230.8500,230.4500,230.7500,45200
2015-09-11 15:04:59,230.4000,230.7000,230.3000,230.5500,32900
2015-09-11 15:05:59,230.4500,230.4500,230.3000,230.3000,25400
2015-09-11 15:06:57,230.7500,230.8000,230.3500,230.3500,34400
2015-09-11 15:07:59,230.4500,230.7000,230.4500,230.6500,34100
2015-09-11 15:08:59,230.3000,230.4500,230.2500,230.3000,19600
2015-09-11 15:09:58,229.9500,230.3000,229.6500,230.3000,70100
2015-09-11 15:10:59,229.6500,230.0000,229.5500,229.9000,55100
2015-09-11 15:11:59,229.8000,229.9000,229.4500,229.6500,43700
2015-09-11 15:12:59,229.6000,229.9000,229.5000,229.7000,69800
2015-09-11 15:13:59,229.5500,229.9000,229.4500,229.6500,73300
2015-09-11 15:14:59,229.1500,229.6000,229.1000,229.6000,73500
2015-09-11 15:15:59,229.7000,229.7000,229.0000,229.0000,224400
2015-09-11 15:16:59,229.9000,229.9500,229.4000,229.7500,225600
2015-09-11 15:17:59,230.5000,230.5000,229.5500,229.9000,81400
2015-09-11 15:18:59,230.3500,230.6500,230.2500,230.5000,107900
2015-09-11 15:19:59,230.1500,230.3500,230.0000,230.1000,64300
2015-09-11 15:20:59,230.5000,230.5000,230.0500,230.1000,75900
2015-09-11 15:21:59,230.1000,230.7000,230.0000,230.4500,64900
2015-09-11 15:22:59,230.4000,230.4000,230.0000,230.0500,42800
2015-09-11 15:23:59,230.6000,230.7000,230.2000,230.2000,48900
2015-09-11 15:24:59,230.3000,230.6500,230.2500,230.5500,66600
2015-09-11 15:25:59,230.3000,230.5000,230.2000,230.2500,43500
2015-09-11 15:26:59,230.4000,230.5500,230.2000,230.3500,62600
2015-09-11 15:27:59,230.2000,230.5000,230.1000,230.4000,41900
2015-09-11 15:28:59,230.2000,230.3500,230.1000,230.2500,54900
2015-09-11 15:29:59,230.5000,230.5000,230.1000,230.2500,43800
2015-09-11 15:30:00,230.5000,230.5000,230.5000,230.5000,300
2015-09-14 09:15:59,230.3500,231.5500,230.3000,231.5500,132900
2015-09-14 09:16:59,230.4000,230.5500,230.1000,230.4000,67500
2015-09-14 09:17:59,230.6000,231.0500,230.3000,230.5000,56000
2015-09-14 09:18:59,230.3500,230.8000,230.1000,230.8000,59200
2015-09-14 09:19:59,230.8500,231.0000,230.3000,230.3500,34900
2015-09-14 09:20:59,231.2000,231.3000,230.8000,230.8500,67300
2015-09-14 09:21:00,231.0000,231.2000,230.8000,231.1000,32900
2015-09-14 09:22:00,231.2000,231.2000,230.8000,231.0000,36500
2015-09-14 09:23:59,231.5500,231.6500,231.2500,231.3000,62300
2015-09-14 09:24:59,231.7000,231.8000,231.4000,231.5000,57200
2015-09-14 09:25:59,231.5000,231.7000,231.5000,231.6000,32500
2015-09-14 09:26:59,231.2000,231.5500,231.0500,231.4500,40100
2015-09-14 09:27:00,230.8500,231.2000,230.5000,231.0500,57900
2015-09-14 09:28:59,230.5000,230.8000,230.5000,230.7500,44500
2015-09-14 09:29:59,230.9000,231.0000,230.5000,230.6000,45300
2015-09-14 09:30:59,231.1000,231.2500,230.8500,230.9000,45400
2015-09-14 09:31:59,231.0000,231.2000,230.6000,231.1000,22700
2015-09-14 09:32:59,230.7000,230.9000,230.5000,230.9000,55300
2015-09-14 09:33:59,230.1500,230.7500,230.0000,230.6000,76100
2015-09-14 09:34:00,230.4000,230.5500,230.1000,230.1000,42600
2015-09-14 09:35:59,230.3500,230.7000,230.3500,230.4500,29900
2015-09-14 09:36:59,230.5000,230.5000,230.1000,230.4500,34100
2015-09-14 09:37:00,230.4000,230.7000,230.3000,230.5500,17900
2015-09-14 09:38:01,230.4500,230.5500,230.3000,230.4000,11900
2015-09-14 09:39:02,230.4500,230.5000,230.2000,230.4000,26200
2015-09-14 09:40:59,230.4000,230.4500,230.2500,230.4500,25000
2015-09-14 09:41:00,230.5500,230.6500,230.3500,230.3500,12000
2015-09-14 09:42:59,230.8500,230.8500,230.5500,230.5500,21200
2015-09-14 09:43:00,230.7500,230.9000,230.7000,230.8500,11400
2015-09-14 09:44:59,230.9500,231.1000,230.7500,230.8000,30700
2015-09-14 09:45:59,231.3000,231.3000,230.9000,230.9500,28600
2015-09-14 09:46:59,231.2000,231.2500,231.0500,231.2000,18900
2015-09-14 09:47:59,231.3000,231.4500,231.1500,231.2000,42000
2015-09-14 09:48:59,231.2500,231.4000,231.0000,231.3000,24400
2015-09-14 09:49:59,231.2500,231.4000,231.1500,231.3500,17100
2015-09-14 09:50:59,231.4000,231.4000,231.1000,231.2500,14800
2015-09-14 09:51:00,231.3500,231.4000,231.2000,231.3500,20200
2015-09-14 09:52:59,231.3500,231.5000,231.2000,231.3500,25400
2015-09-14 09:53:00,231.4500,231.5000,231.3000,231.4000,19400
2015-09-14 09:54:00,231.3500,231.5000,231.2500,231.4500,18700
2015-09-14 09:55:59,231.1500,231.3500,231.1000,231.3000,15100
2015-09-14 09:56:00,231.3000,231.3000,231.1500,231.1500,20300
2015-09-14 09:57:59,231.1500,231.3500,231.1000,231.2500,16200
2015-09-14 09:58:00,231.2500,231.3000,231.1000,231.1500,11300
2015-09-14 09:59:01,231.0500,231.2500,230.9000,231.2500,22300
2015-09-14 10:00:01,231.2000,231.2500,231.0000,231.0500,14300
2015-09-14 10:01:01,231.1500,231.2500,231.1000,231.2000,8800
2015-09-14 10:02:59,231.6000,231.6500,231.2000,231.2000,62300
2015-09-14 10:03:59,231.5500,231.6000,231.3500,231.6000,25900
2015-09-14 10:04:59,231.5000,231.5500,231.4000,231.5000,9300
2015-09-14 10:05:59,231.7000,231.8000,231.4500,231.5000,38800
2015-09-14 10:06:59,231.5500,231.7000,231.5000,231.7000,17600
2015-09-14 10:07:59,231.7000,231.7000,231.5500,231.5500,12000
2015-09-14 10:08:59,231.3500,231.7000,231.3500,231.7000,16300
2015-09-14 10:09:00,231.6000,231.6500,231.5000,231.5000,12900
2015-09-14 10:10:02,231.4500,231.6000,231.1000,231.6000,26000
2015-09-14 10:11:59,231.5000,231.5000,231.3000,231.4500,11900
2015-09-14 10:12:00,231.6000,231.6000,231.3500,231.5500,19400
2015-09-14 10:13:59,231.9500,231.9500,231.4500,231.6000,44500
2015-09-14 10:14:59,231.8000,232.2000,231.8000,231.9500,113400
2015-09-14 10:15:59,231.7000,231.8000,231.6000,231.8000,30100
2015-09-14 10:16:59,231.8000,232.0000,231.6000,231.6000,29100
2015-09-14 10:17:59,231.9000,232.0000,231.8000,231.8000,28500
2015-09-14 10:18:59,232.3000,232.4000,231.9500,232.0000,61100
2015-09-14 10:19:59,232.6000,232.8000,232.2500,232.4000,71600
2015-09-14 10:20:59,232.8500,232.9000,232.5000,232.5000,49500
2015-09-14 10:21:00,232.7500,233.0000,232.7000,232.7500,57100
2015-09-14 10:22:59,232.8000,233.0000,232.7500,232.9500,80900
2015-09-14 10:23:00,232.6500,232.9000,232.5000,232.9000,46600
2015-09-14 10:24:59,232.6000,232.7500,232.5000,232.6500,22000
2015-09-14 10:25:00,232.5000,232.7500,232.4000,232.6000,24400
2015-09-14 10:26:01,232.5500,232.5500,232.3500,232.4500,16000
2015-09-14 10:27:00,232.5000,232.6000,232.4000,232.5000,37700
2015-09-14 10:28:01,232.6000,232.8000,232.5000,232.5500,68900
2015-09-14 10:29:00,232.7500,232.8000,232.5500,232.7000,26500
2015-09-14 10:30:02,232.8000,232.9000,232.7500,232.8000,26200
2015-09-14 10:31:59,232.9000,233.0000,232.6500,232.8500,39500
2015-09-14 10:32:00,232.8000,232.9500,232.8000,232.8500,18200
2015-09-14 10:33:59,233.2500,233.2500,232.8000,232.8000,76400
2015-09-14 10:34:00,233.1500,233.3500,233.1000,233.2500,50300
2015-09-14 10:35:59,233.2500,233.2500,233.0000,233.1500,53300
2015-09-14 10:36:59,233.2000,233.3500,233.1500,233.3000,47200
2015-09-14 10:37:00,233.3000,233.3000,233.1500,233.2000,23600
2015-09-14 10:38:03,233.2500,233.3000,233.1000,233.1000,14200
2015-09-14 10:39:59,233.0000,233.2000,232.8500,233.1000,33300
2015-09-14 10:40:59,232.9000,233.0000,232.8000,232.8500,11600
2015-09-14 10:41:00,233.1000,233.1000,232.8000,232.9000,22300
2015-09-14 10:42:00,233.1500,233.2000,233.0000,233.1500,17700
2015-09-14 10:43:01,233.3000,233.3000,233.0000,233.1500,41600
2015-09-14 10:44:59,233.4500,233.7000,233.1500,233.2500,80300
2015-09-14 10:45:00,233.5000,233.7500,233.4000,233.4000,52100
2015-09-14 10:46:59,233.3000,233.6500,233.2500,233.4500,22500
2015-09-14 10:47:00,233.3000,233.4000,233.2000,233.3500,14500
2015-09-14 10:48:00,233.2000,233.4000,233.2000,233.3000,11700
2015-09-14 10:49:00,233.1000,233.2500,233.0500,233.1000,29700
2015-09-14 10:50:01,233.2000,233.3000,233.1000,233.1000,15300
2015-09-14 10:51:01,233.2000,233.4000,233.0500,233.2000,19800
2015-09-14 10:52:59,233.3500,233.3500,233.1500,233.2000,8500
2015-09-14 10:53:59,233.2000,233.3500,233.1500,233.3500,11600
2015-09-14 10:54:59,233.1000,233.2500,233.0000,233.2500,15000
2015-09-14 10:55:59,233.1000,233.2000,233.0000,233.0500,14400
2015-09-14 10:56:59,233.1000,233.2500,233.0500,233.1000,8500
2015-09-14 10:57:59,233.1500,233.2000,233.0500,233.2000,10600
2015-09-14 10:58:59,233.3000,233.3500,233.1000,233.1000,14900
2015-09-14 10:59:00,233.2500,233.4000,233.2500,233.3000,10300
2015-09-14 11:00:01,233.2500,233.4000,233.2000,233.3500,23500
2015-09-14 11:01:59,233.3000,233.4000,233.2000,233.3500,8700
2015-09-14 11:02:59,233.1500,233.4000,233.1500,233.3000,10200
2015-09-14 11:03:59,233.2500,233.2500,233.1000,233.1000,13300
2015-09-14 11:04:59,232.8000,233.3000,232.8000,233.1500,26400
2015-09-14 11:05:00,232.7000,232.9500,232.6000,232.8000,16600
2015-09-14 11:06:59,232.5500,232.7000,232.5000,232.6000,13700
2015-09-14 11:07:00,232.6000,232.7000,232.2000,232.6000,32200
2015-09-14 11:08:00,232.8000,232.9500,232.5500,232.6000,15700
2015-09-14 11:09:58,232.8000,232.8500,232.6500,232.8000,10600
2015-09-14 11:10:00,232.8500,232.8500,232.6500,232.7500,12000
2015-09-14 11:11:01,232.8000,232.9000,232.7500,232.8000,5200
2015-09-14 11:12:01,232.8000,232.8500,232.6500,232.7000,10700
2015-09-14 11:13:00,232.9000,232.9500,232.7000,232.8000,9300
2015-09-14 11:14:59,232.9000,233.0000,232.7000,232.8500,11100
2015-09-14 11:15:00,233.0000,233.0000,232.8500,232.9000,5600
2015-09-14 11:16:00,232.8000,233.0000,232.8000,232.9500,9400
2015-09-14 11:17:59,232.7000,232.9000,232.6500,232.8000,15400
2015-09-14 11:18:59,232.7500,232.8500,232.6000,232.6000,8100
2015-09-14 11:19:59,232.7000,232.8500,232.7000,232.7000,9300
2015-09-14 11:20:00,232.9500,232.9500,232.7000,232.8500,10300
2015-09-14 11:21:59,232.8500,232.9500,232.7000,232.8500,5000
2015-09-14 11:22:00,232.8000,232.9500,232.8000,232.8500,4400
2015-09-14 11:23:59,232.8000,233.0000,232.7000,232.7500,6700
2015-09-14 11:24:00,232.7500,233.0000,232.7500,232.9000,6500
2015-09-14 11:25:01,232.8000,232.8500,232.7000,232.7500,3700
2015-09-14 11:26:01,232.6500,232.8000,232.5500,232.8000,20200
2015-09-14 11:27:00,232.5000,232.7000,232.4000,232.5500,13800
2015-09-14 11:28:59,232.5000,232.7000,232.3500,232.4500,34500
2015-09-14 11:29:00,232.5000,232.7000,232.5000,232.5000,27300
2015-09-14 11:30:59,232.4500,232.6500,232.4000,232.6500,5700
2015-09-14 11:31:00,232.5000,232.6500,232.4000,232.5000,7700
2015-09-14 11:32:00,232.5500,232.7000,232.5000,232.5000,7000
2015-09-14 11:33:59,232.6000,232.7500,232.5000,232.5500,7500
2015-09-14 11:34:00,232.5500,232.7000,232.5500,232.5500,5400
2015-09-14 11:35:59,232.7000,232.8000,232.5500,232.7000,13000
2015-09-14 11:36:59,232.6000,232.8000,232.5500,232.7500,9800
2015-09-14 11:37:00,232.7000,232.8000,232.5500,232.6000,5400
2015-09-14 11:38:00,232.5500,232.7500,232.5500,232.6500,6100
2015-09-14 11:39:59,232.6000,232.7000,232.5500,232.6000,2400
2015-09-14 11:40:59,232.6500,232.7000,232.5000,232.5500,9100
2015-09-14 11:41:59,232.4000,232.6500,232.3000,232.6500,21400
2015-09-14 11:42:59,232.2000,232.3500,232.1000,232.3000,20800
2015-09-14 11:43:59,232.4500,232.6000,232.2000,232.2000,11700
2015-09-14 11:44:59,232.5000,232.6500,232.5000,232.5500,6000
2015-09-14 11:45:59,232.6000,232.6000,232.4000,232.5000,6900
2015-09-14 11:46:59,232.5000,232.6000,232.4000,232.4000,9600
2015-09-14 11:47:01,232.4500,232.6000,232.4500,232.5000,3600
2015-09-14 11:48:59,232.4500,232.6000,232.4500,232.4500,14300
2015-09-14 11:49:00,232.5000,232.6000,232.4500,232.5000,7100
2015-09-14 11:50:00,232.5000,232.6000,232.4500,232.5000,5300
2015-09-14 11:51:59,232.3500,232.5500,232.3500,232.5000,10500
2015-09-14 11:52:59,232.3500,232.5000,232.3500,232.3500,8100
2015-09-14 11:53:00,232.3000,232.4000,232.3000,232.3500,11200
2015-09-14 11:54:02,232.4000,232.5000,232.3000,232.4000,8800
2015-09-14 11:55:00,232.7000,232.7000,232.3000,232.3500,16500
2015-09-14 11:56:59,232.7000,232.7500,232.4000,232.5000,11600
2015-09-14 11:57:59,232.5000,232.8000,232.5000,232.7000,6000
2015-09-14 11:58:00,232.5000,232.6500,232.5000,232.5000,6800
2015-09-14 11:59:01,232.5000,232.6500,232.4000,232.5500,12000
2015-09-14 12:00:01,232.7000,232.9000,232.5000,232.5000,14500
2015-09-14 12:01:01,232.9500,232.9500,232.5500,232.5500,9600
2015-09-14 12:02:59,233.0000,233.1000,232.7500,232.8500,54100
2015-09-14 12:03:59,232.9000,233.1000,232.8000,232.9000,18200
2015-09-14 12:04:59,232.9000,233.0000,232.7500,232.8000,9500
2015-09-14 12:05:00,233.0000,233.0000,232.8000,232.9000,23600
2015-09-14 12:06:01,232.9000,233.1000,232.9000,233.0000,21800
2015-09-14 12:07:00,233.1000,233.2000,232.8500,232.9000,16600
2015-09-14 12:08:59,233.0000,233.2000,233.0000,233.1000,12200
2015-09-14 12:09:59,232.7500,233.1000,232.7000,233.0000,9300
2015-09-14 12:10:00,232.5500,232.9000,232.5500,232.7500,7300
2015-09-14 12:11:01,232.4500,232.7000,232.3000,232.6000,9800
2015-09-14 12:12:59,232.3500,232.5500,232.3000,232.4000,10100
2015-09-14 12:13:59,232.5000,232.6500,232.3500,232.3500,6700
2015-09-14 12:14:59,232.3000,232.5000,232.3000,232.5000,9400
2015-09-14 12:15:00,232.3500,232.6000,232.3000,232.3000,10700
2015-09-14 12:16:00,232.5000,232.6000,232.3500,232.3500,2900
2015-09-14 12:17:59,232.5000,232.6000,232.3500,232.6000,4300
2015-09-14 12:18:59,232.4500,232.5000,232.3500,232.3500,5400
2015-09-14 12:19:59,232.2000,232.4500,232.2000,232.4000,22700
2015-09-14 12:20:59,232.3500,232.4500,232.2000,232.2500,11300
2015-09-14 12:21:59,232.5500,232.8000,232.3500,232.3500,11900
2015-09-14 12:22:59,232.6000,232.7500,232.5500,232.5500,7900
2015-09-14 12:23:00,232.6000,232.7500,232.5000,232.7500,4900
2015-09-14 12:24:58,232.5000,232.6000,232.4000,232.4500,4500
2015-09-14 12:25:59,232.6000,232.7000,232.4000,232.5000,4200
2015-09-14 12:26:01,232.6000,232.7000,232.6000,232.6500,5600
2015-09-14 12:27:59,232.4000,232.6500,232.4000,232.6000,7200
2015-09-14 12:28:00,232.5500,232.6000,232.3500,232.4500,8100
2015-09-14 12:29:59,232.4500,232.5500,232.4000,232.4000,3200
2015-09-14 12:30:00,232.5000,232.6000,232.4000,232.4500,2000
2015-09-14 12:31:01,232.7500,232.8000,232.5500,232.5500,8300
2015-09-14 12:32:01,232.8000,232.8500,232.6000,232.6000,6500
2015-09-14 12:33:59,232.6500,232.8500,232.5500,232.8000,4400
2015-09-14 12:34:59,232.5000,232.7500,232.4500,232.6500,8300
2015-09-14 12:35:00,232.4500,232.6500,232.4000,232.4000,4100
2015-09-14 12:36:59,232.6000,232.6000,232.4500,232.4500,5400
2015-09-14 12:37:00,232.5000,232.6500,232.4000,232.4500,5600
2015-09-14 12:38:00,232.7000,232.8000,232.4000,232.4500,10500
2015-09-14 12:39:59,232.8500,232.8500,232.5500,232.5500,8800
2015-09-14 12:40:59,232.9000,232.9000,232.6000,232.8500,4100
2015-09-14 12:41:00,232.6500,232.9000,232.6000,232.9000,5000
2015-09-14 12:42:01,232.7000,232.8500,232.6500,232.6500,3400
2015-09-14 12:43:01,232.9000,232.9000,232.6500,232.7000,17300
2015-09-14 12:44:59,232.8500,233.0000,232.8000,232.9000,12900
2015-09-14 12:45:55,232.8000,232.9000,232.7000,232.9000,3400
2015-09-14 12:46:04,232.7000,232.8500,232.6500,232.6500,7700
2015-09-14 12:47:01,232.8500,232.9000,232.6500,232.6500,3200
2015-09-14 12:48:01,232.9500,233.0000,232.8500,232.8500,11900
2015-09-14 12:49:59,233.4000,233.5000,232.9500,232.9500,70500
2015-09-14 12:50:00,233.4500,233.5000,233.1500,233.4000,27900
2015-09-14 12:51:59,233.6000,233.7000,233.4000,233.5000,62200
2015-09-14 12:52:59,233.5000,233.6000,233.3000,233.5000,19700
2015-09-14 12:53:59,233.3500,233.6000,233.3000,233.4000,13000
2015-09-14 12:54:59,233.8000,233.8000,233.3500,233.3500,162700
2015-09-14 12:55:00,233.9000,234.0000,233.5500,233.9000,123900
2015-09-14 12:56:59,233.9000,234.0000,233.8000,233.8000,49000
2015-09-14 12:57:00,233.8500,234.0000,233.7000,233.9000,49900
2015-09-14 12:58:59,234.0000,234.1500,233.8000,233.8500,102100
2015-09-14 12:59:00,233.8000,234.0500,233.7000,234.0000,77100
2015-09-14 13:00:01,233.8500,233.9000,233.7000,233.7000,53000
2015-09-14 13:01:01,233.5500,233.9000,233.5500,233.8500,25200
2015-09-14 13:02:59,233.6500,233.8000,233.5500,233.6000,21300
2015-09-14 13:03:00,233.7500,233.7500,233.5500,233.6000,12300
2015-09-14 13:04:00,233.8000,233.9000,233.7500,233.8000,17900
2015-09-14 13:05:01,233.8500,233.9500,233.6500,233.8000,12900
2015-09-14 13:06:59,233.8500,233.9500,233.6500,233.8500,16900
2015-09-14 13:07:00,233.6000,233.8500,233.5500,233.8000,11000
2015-09-14 13:08:00,233.4000,233.7000,233.2000,233.7000,15400
2015-09-14 13:09:59,233.2500,233.5500,233.2500,233.4500,11000
2015-09-14 13:10:59,233.5500,233.6000,233.2500,233.4000,28300
2015-09-14 13:11:59,233.4500,233.6500,233.4500,233.6000,8700
2015-09-14 13:12:59,233.6000,233.6000,233.4500,233.5000,9300
2015-09-14 13:13:01,233.7500,233.7500,233.5000,233.6000,9300
2015-09-14 13:14:59,234.0000,234.0000,233.6000,233.6500,41300
2015-09-14 13:15:00,233.9500,234.0000,233.7000,234.0000,17500
2015-09-14 13:16:59,233.8500,234.0000,233.8000,233.9500,26800
2015-09-14 13:17:59,234.0500,234.0500,233.8000,233.9000,43500
2015-09-14 13:18:59,233.9000,234.0500,233.8500,233.9500,16100
2015-09-14 13:19:58,233.9000,234.0000,233.8000,233.9000,13600
2015-09-14 13:20:00,233.7500,234.0000,233.6000,234.0000,16400
2015-09-14 13:21:01,233.7500,233.8500,233.6500,233.8000,11300
2015-09-14 13:22:00,233.8000,233.8000,233.7000,233.7500,8100
2015-09-14 13:23:00,233.6500,233.8000,233.6500,233.7500,9600
2015-09-14 13:24:59,233.7500,233.8500,233.6500,233.6500,8200
2015-09-14 13:25:59,234.0000,234.0000,233.6500,233.7500,40000
2015-09-14 13:26:58,233.9500,234.1500,233.9000,234.0000,30100
2015-09-14 13:27:59,233.9000,234.0000,233.8500,233.9500,17500
2015-09-14 13:28:00,233.7500,233.9000,233.5000,233.8500,21900
2015-09-14 13:29:59,233.8000,233.9000,233.7500,233.7500,6300
2015-09-14 13:30:59,233.9000,233.9000,233.7500,233.8000,19400
2015-09-14 13:31:59,233.7500,233.9000,233.7500,233.9000,9500
2015-09-14 13:32:59,233.7000,233.9500,233.7000,233.8500,14100
2015-09-14 13:33:00,233.6500,233.8500,233.6500,233.7000,10800
2015-09-14 13:34:59,233.7500,233.9500,233.6500,233.6500,20100
2015-09-14 13:35:59,233.6500,233.8500,233.6500,233.7500,11700
2015-09-14 13:36:59,233.6500,233.8000,233.6000,233.6500,8400
2015-09-14 13:37:59,233.5000,233.7500,233.5000,233.6000,14100
2015-09-14 13:38:59,233.2500,233.6000,233.2500,233.5000,25100
2015-09-14 13:39:59,233.4000,233.5000,233.2500,233.3500,19900
2015-09-14 13:40:59,233.3000,233.5000,233.1500,233.4000,18000
2015-09-14 13:41:59,233.3000,233.4000,233.1500,233.3000,11700
2015-09-14 13:42:58,233.3000,233.4000,233.1500,233.2000,7300
2015-09-14 13:43:59,233.4000,233.4000,233.2000,233.3000,3900
2015-09-14 13:44:59,233.7500,233.7500,233.4000,233.5500,15700
2015-09-14 13:45:59,233.5000,233.7500,233.3500,233.7500,13100
2015-09-14 13:46:59,233.5500,233.6500,233.4500,233.4500,4600
2015-09-14 13:47:00,233.3500,233.5500,233.3000,233.5500,10700
2015-09-14 13:48:59,233.3500,233.5000,233.2000,233.5000,5200
2015-09-14 13:49:59,233.4000,233.5000,233.2000,233.3000,12700
2015-09-14 13:50:59,233.2500,233.4500,233.2500,233.3000,5500
2015-09-14 13:51:59,233.3000,233.4000,233.2500,233.3500,4800
2015-09-14 13:52:00,233.3000,233.4500,233.2500,233.2500,6200
2015-09-14 13:53:59,233.5000,233.5000,233.2500,233.3000,8700
2015-09-14 13:54:59,233.2000,233.4000,233.2000,233.3500,6200
2015-09-14 13:55:59,233.2000,233.3500,233.1000,233.2000,19800
2015-09-14 13:56:59,233.2000,233.3000,233.1500,233.2000,6500
2015-09-14 13:57:59,233.3500,233.4000,233.2000,233.3000,14200
2015-09-14 13:58:58,233.3000,233.3500,233.2000,233.3500,6500
2015-09-14 13:59:01,233.2500,233.4000,233.2000,233.2000,9600
2015-09-14 14:00:01,233.2500,233.4000,233.2500,233.2500,8000
2015-09-14 14:01:59,233.2500,233.4000,233.2500,233.4000,4700
2015-09-14 14:02:59,233.4000,233.4000,233.2500,233.2500,6800
2015-09-14 14:03:59,233.4500,233.4500,233.2500,233.3000,9400
2015-09-14 14:04:59,233.3000,233.5000,233.3000,233.4000,5600
2015-09-14 14:05:59,233.4000,233.5000,233.3000,233.3000,4300
2015-09-14 14:06:59,233.4000,233.5000,233.3000,233.4000,10200
2015-09-14 14:07:59,233.4500,233.5000,233.3000,233.3000,4600
2015-09-14 14:08:59,233.5500,233.6000,233.4000,233.4000,41200
2015-09-14 14:09:59,233.6000,233.6000,233.4000,233.5500,8100
2015-09-14 14:10:59,233.4000,233.6000,233.3000,233.5000,11900
2015-09-14 14:11:59,233.0500,233.4500,233.0000,233.3000,51500
2015-09-14 14:12:59,232.7500,233.2000,232.6500,233.0500,55100
2015-09-14 14:13:59,232.9000,233.0000,232.6500,232.7500,24100
2015-09-14 14:14:59,232.8500,232.9500,232.8000,232.9000,12200
2015-09-14 14:15:59,232.9000,232.9500,232.7500,232.9000,15500
2015-09-14 14:16:59,232.8000,232.9000,232.7000,232.9000,12400
2015-09-14 14:17:59,232.9000,232.9500,232.7500,232.9000,5500
2015-09-14 14:18:59,232.7500,232.9500,232.7500,232.8000,8700
2015-09-14 14:19:59,232.8500,232.9000,232.7500,232.9000,15900
2015-09-14 14:20:00,232.9500,232.9500,232.7500,232.8500,22700
2015-09-14 14:21:59,232.9500,233.0500,232.7500,232.8000,18100
2015-09-14 14:22:00,232.9000,233.2500,232.8500,232.8500,19800
2015-09-14 14:23:01,232.9000,233.1000,232.9000,233.0000,9000
2015-09-14 14:24:59,233.0000,233.1000,232.9000,232.9500,7300
2015-09-14 14:25:00,232.9500,233.1000,232.9000,233.0000,5200
2015-09-14 14:26:59,232.9500,233.1500,232.9000,233.0000,4000
2015-09-14 14:27:59,233.0000,233.1500,232.9000,232.9500,8900
2015-09-14 14:28:00,232.9500,233.1000,232.9000,233.1000,7200
2015-09-14 14:29:59,233.0000,233.1000,232.9000,232.9000,4000
2015-09-14 14:30:59,233.0000,233.1000,232.9500,233.0000,38700
2015-09-14 14:31:59,233.0000,233.2000,232.9500,233.0000,10700
2015-09-14 14:32:59,233.0000,233.1500,233.0000,233.0000,6100
2015-09-14 14:33:59,233.2500,233.3500,232.9500,233.1000,10300
2015-09-14 14:34:59,233.7000,233.7000,233.1500,233.2500,51000
2015-09-14 14:35:59,233.1500,233.6500,233.1500,233.6000,23200
2015-09-14 14:36:59,233.6500,233.6500,233.2000,233.2000,18500
2015-09-14 14:37:59,233.8000,233.8000,233.5500,233.7000,27700
2015-09-14 14:38:59,233.7500,233.8500,233.6500,233.7000,31200
2015-09-14 14:39:59,233.8000,233.9000,233.5500,233.7500,48100
2015-09-14 14:40:59,233.4000,233.8000,233.4000,233.7500,15600
2015-09-14 14:41:59,233.2000,233.6000,233.2000,233.4000,11100
2015-09-14 14:42:59,233.4000,233.5000,233.2500,233.2500,12000
2015-09-14 14:43:59,233.6000,233.6500,233.3500,233.4500,24000
2015-09-14 14:44:59,233.7000,233.8000,233.5000,233.6000,15300
2015-09-14 14:45:59,233.7500,233.9000,233.6000,233.6500,41900
2015-09-14 14:46:00,233.9500,234.0000,233.8000,233.9000,73100
2015-09-14 14:47:59,233.7500,234.0000,233.7000,234.0000,36600
2015-09-14 14:48:00,233.8500,233.9500,233.7000,233.8500,25100
2015-09-14 14:49:00,233.7000,233.9000,233.6000,233.9000,30300
2015-09-14 14:50:01,233.6000,233.8500,233.6000,233.8000,25000
2015-09-14 14:51:59,233.8500,233.8500,233.5500,233.6500,67000
2015-09-14 14:52:00,233.9000,234.0000,233.7500,233.8500,39300
2015-09-14 14:53:59,233.9000,234.0000,233.8000,233.8500,73600
2015-09-14 14:54:00,234.0000,234.0000,233.8000,233.9000,27400
2015-09-14 14:55:59,233.8500,234.0000,233.8000,233.9500,20700
2015-09-14 14:56:59,233.8500,233.9500,233.7500,233.8500,39500
2015-09-14 14:57:58,234.4000,234.5000,233.8000,233.8500,200000
2015-09-14 14:58:59,234.3500,234.5000,234.2500,234.3500,54500
2015-09-14 14:59:59,234.6500,234.8000,234.3500,234.3500,141800
2015-09-14 15:00:59,234.7000,234.8000,234.5500,234.6000,95200
2015-09-14 15:01:00,234.7000,234.9000,234.7000,234.7000,49800
2015-09-14 15:02:59,234.8000,234.9000,234.7500,234.7500,56600
2015-09-14 15:03:59,234.5500,234.9000,234.5500,234.9000,59500
2015-09-14 15:04:59,234.5000,234.7500,234.4000,234.6000,68500
2015-09-14 15:05:59,234.6500,234.8500,234.5000,234.5500,52700
2015-09-14 15:06:59,234.6000,234.8500,234.5000,234.6500,51900
2015-09-14 15:07:59,235.0000,235.2500,234.5000,234.5500,350200
2015-09-14 15:08:59,235.2000,235.4000,235.0000,235.1000,130700
2015-09-14 15:09:59,235.2000,235.5000,235.0500,235.1500,64100
2015-09-14 15:10:59,235.4000,235.4500,235.2000,235.2000,76400
2015-09-14 15:11:59,235.2500,235.5000,235.2000,235.4000,98700
2015-09-14 15:12:59,235.2500,235.4000,235.2000,235.2000,62800
2015-09-14 15:13:59,235.4000,235.4500,235.2000,235.3000,87100
2015-09-14 15:14:59,235.3000,235.4500,235.2000,235.3000,51500
2015-09-14 15:15:59,235.9500,235.9500,235.1000,235.2500,337800
2015-09-14 15:16:59,235.5000,235.9500,235.4500,235.9500,127700
2015-09-14 15:17:59,235.5000,235.6000,235.3000,235.5500,60200
2015-09-14 15:18:59,235.3500,235.6000,235.3000,235.4500,91300
2015-09-14 15:19:59,235.0500,235.4000,235.0000,235.3000,56200
2015-09-14 15:20:59,235.2000,235.3500,235.0000,235.0500,69700
2015-09-14 15:21:59,235.2500,235.4000,235.1000,235.2000,72000
2015-09-14 15:22:59,235.1000,235.3500,235.1000,235.2500,43400
2015-09-14 15:23:59,235.1500,235.3000,235.0500,235.1500,56000
2015-09-14 15:24:59,235.0500,235.2500,235.0000,235.1500,36500
2015-09-14 15:25:59,235.4500,235.4500,235.0500,235.0500,69400
2015-09-14 15:26:59,235.2500,235.4500,235.2500,235.4000,54200
2015-09-14 15:27:59,235.2500,235.4500,235.2500,235.3500,66100
2015-09-14 15:28:59,235.5000,235.5000,235.2500,235.3000,64300
2015-09-14 15:29:59,235.3000,235.6000,235.2000,235.3500,77700
2015-09-14 15:30:00,235.2500,235.2500,235.2500,235.2500,9800
2015-09-15 09:15:59,234.2500,235.2500,233.7000,235.2000,183400
2015-09-15 09:16:59,234.4000,234.7000,234.1500,234.1500,88200
2015-09-15 09:17:59,234.5000,234.5000,234.3000,234.4500,56100
2015-09-15 09:18:59,234.9000,234.9000,234.4000,234.5000,76200
2015-09-15 09:19:59,234.6500,234.8500,234.6000,234.8500,46800
2015-09-15 09:20:59,234.0500,234.5000,234.0000,234.5000,61500
2015-09-15 09:21:59,234.4500,234.4500,234.0500,234.1000,34100
2015-09-15 09:22:59,234.7000,234.8000,234.4000,234.4000,47600
2015-09-15 09:23:59,234.9000,235.1500,234.7000,234.8000,139300
2015-09-15 09:24:59,234.7000,234.9000,234.3000,234.9000,42700
2015-09-15 09:25:59,234.7000,234.8500,234.5000,234.7500,48400
2015-09-15 09:26:59,235.2000,235.2000,234.7000,234.7000,35800
2015-09-15 09:27:59,235.5000,235.5000,234.9500,235.0500,83400
2015-09-15 09:28:59,235.5500,235.9000,235.3000,235.3500,114100
2015-09-15 09:29:59,236.2500,236.3000,235.5000,235.6000,104000
2015-09-15 09:30:59,236.2500,236.5000,236.1000,236.2000,94400
2015-09-15 09:31:59,236.1000,236.4000,235.8000,236.2500,76700
2015-09-15 09:32:59,235.9000,236.1000,235.6500,236.0500,68900
2015-09-15 09:33:59,235.8000,236.0000,235.8000,235.9000,31500
2015-09-15 09:34:59,235.4000,235.9000,235.4000,235.9000,57000
2015-09-15 09:35:59,235.4000,235.6000,235.3500,235.5000,37800
2015-09-15 09:36:59,235.0500,235.5000,234.9000,235.4500,61900
2015-09-15 09:37:59,235.0000,235.3000,234.8500,235.1000,63500
2015-09-15 09:38:59,235.2000,235.3000,234.9000,234.9000,42300
2015-09-15 09:39:59,235.0000,235.4000,235.0000,235.1500,23300
2015-09-15 09:40:00,234.9500,235.2000,234.9000,235.0000,26700
2015-09-15 09:41:59,234.8500,235.0500,234.8500,235.0500,17800
2015-09-15 09:42:59,234.3000,234.9000,234.3000,234.8500,62800
2015-09-15 09:43:59,234.5500,234.5500,234.2500,234.4500,35100
2015-09-15 09:44:59,234.5000,234.7500,234.4500,234.5000,33400
2015-09-15 09:45:59,234.6500,234.6500,234.4000,234.4000,29200
2015-09-15 09:46:59,234.6500,234.7000,234.5500,234.6000,31400
2015-09-15 09:47:59,234.6500,234.7000,234.4500,234.6500,58700
2015-09-15 09:48:00,235.0000,235.0000,234.6500,234.6500,30300
2015-09-15 09:49:00,234.6000,235.0000,234.5000,235.0000,35300
2015-09-15 09:50:00,234.8000,235.0000,234.6000,234.6500,33100
2015-09-15 09:51:59,235.2500,235.5000,234.8500,234.8500,50200
2015-09-15 09:52:59,235.3000,235.3500,235.0500,235.3000,44700
2015-09-15 09:53:00,235.3000,235.3500,235.1000,235.3000,18900
2015-09-15 09:54:59,234.9500,235.4000,234.9500,235.3000,18400
2015-09-15 09:55:59,235.2000,235.3000,235.0000,235.0000,18700
2015-09-15 09:56:59,235.2000,235.3500,235.1000,235.2500,20900
2015-09-15 09:57:00,235.1000,235.2000,234.9000,235.1000,25300
2015-09-15 09:58:59,234.9000,235.1000,234.7000,235.0500,39600
2015-09-15 09:59:59,234.7000,235.0000,234.7000,234.8500,15200
2015-09-15 10:00:00,234.8000,234.8500,234.6500,234.7000,19400
2015-09-15 10:01:59,234.5500,234.8500,234.5000,234.7500,30500
2015-09-15 10:02:00,234.3000,234.6500,234.1500,234.6500,75900
2015-09-15 10:03:01,234.3500,234.5000,234.0000,234.2500,87500
2015-09-15 10:04:59,235.0000,235.0000,234.4000,234.5000,57700
2015-09-15 10:05:59,235.2500,235.3500,234.8000,234.8000,40500
2015-09-15 10:06:00,235.1500,235.2500,235.0500,235.2000,20600
2015-09-15 10:07:59,235.1500,235.2000,235.1000,235.1000,22000
2015-09-15 10:08:59,235.3000,235.4000,235.1500,235.1500,27800
2015-09-15 10:09:59,235.2500,235.3500,235.2000,235.3000,13000
2015-09-15 10:10:59,234.8500,235.2500,234.7500,235.2500,24000
2015-09-15 10:11:59,234.9000,234.9500,234.7000,234.7000,20600
2015-09-15 10:12:59,235.1500,235.2000,234.9500,235.0000,14700
2015-09-15 10:13:59,235.2000,235.3500,235.0500,235.2000,16700
2015-09-15 10:14:00,235.2000,235.3500,235.1000,235.3500,18100
2015-09-15 10:15:02,235.0000,235.1500,235.0000,235.1000,16100
2015-09-15 10:16:01,235.0500,235.1500,235.0000,235.0000,11200
2015-09-15 10:17:59,234.7500,235.0500,234.7500,235.0000,15600
2015-09-15 10:18:01,234.6500,234.8500,234.6500,234.7500,16000
2015-09-15 10:19:59,234.4000,234.6500,234.3500,234.6000,22800
2015-09-15 10:20:59,234.6500,234.6500,234.3000,234.4000,32800
2015-09-15 10:21:59,234.7000,234.7500,234.5000,234.6500,11900
2015-09-15 10:22:00,234.4500,234.7000,234.4000,234.7000,21900
2015-09-15 10:23:59,234.3500,234.6000,234.3500,234.4500,13700
2015-09-15 10:24:59,234.4000,234.5500,234.0000,234.3500,83600
2015-09-15 10:25:59,234.5000,234.7000,234.3000,234.4000,26800
2015-09-15 10:26:00,234.5500,234.7000,234.4500,234.6500,19600
2015-09-15 10:27:59,234.8000,234.9000,234.5000,234.5000,17500
2015-09-15 10:28:59,234.7500,234.9500,234.6500,234.6500,13300
2015-09-15 10:29:00,234.9500,235.0000,234.7500,234.8500,16800
2015-09-15 10:30:59,235.0000,235.0000,234.8500,234.9500,16400
2015-09-15 10:31:59,235.0000,235.0000,234.8500,234.9500,17700
2015-09-15 10:32:00,235.1000,235.1000,234.9000,234.9500,31300
2015-09-15 10:33:59,235.2500,235.3000,235.1500,235.1500,20100
2015-09-15 10:34:59,235.1000,235.3000,235.0000,235.3000,29500
2015-09-15 10:35:00,235.2000,235.2500,235.1000,235.1000,15400
2015-09-15 10:36:00,235.1000,235.2500,235.0500,235.2000,10500
2015-09-15 10:37:59,235.0500,235.2500,235.0500,235.2000,21300
2015-09-15 10:38:59,234.9500,235.1500,234.8000,235.1500,21800
2015-09-15 10:39:00,234.7500,234.9500,234.7000,234.8000,17200
2015-09-15 10:40:00,234.6000,234.8000,234.3500,234.8000,44300
2015-09-15 10:41:02,234.8000,235.0000,234.7000,234.7500,20700
2015-09-15 10:42:00,234.8500,234.8500,234.5500,234.8000,16100
2015-09-15 10:43:00,235.1500,235.2000,234.8500,234.8500,23600
2015-09-15 10:44:01,235.1000,235.2000,235.1000,235.2000,15200
2015-09-15 10:45:04,235.2000,235.2500,234.9500,235.0500,23200
2015-09-15 10:46:59,235.3000,235.3000,235.1500,235.2000,20100
2015-09-15 10:47:00,235.4000,235.4000,235.1500,235.1500,17000
2015-09-15 10:48:01,235.2500,235.3500,235.1000,235.2000,17000
2015-09-15 10:49:59,235.0500,235.3500,235.0500,235.2000,21500
2015-09-15 10:50:59,235.3500,235.3500,235.1000,235.2000,9300
2015-09-15 10:51:00,235.3500,235.4500,235.2500,235.3500,21000
2015-09-15 10:52:01,235.3500,235.4000,235.3000,235.3500,14600
2015-09-15 10:53:59,235.5500,235.6000,235.2000,235.3500,33500
2015-09-15 10:54:59,235.6500,235.7000,235.4000,235.6000,20600
2015-09-15 10:55:59,236.1000,236.4500,235.6500,235.7000,128800
2015-09-15 10:56:59,236.0000,236.1500,235.8500,236.0000,38000
2015-09-15 10:57:59,236.0000,236.2000,235.9500,236.0000,30200
2015-09-15 10:58:59,236.0500,236.1000,235.9000,236.0000,21600
2015-09-15 10:59:00,236.0500,236.1500,236.0000,236.0500,22100
2015-09-15 11:00:59,236.1000,236.2000,236.0500,236.1500,12800
2015-09-15 11:01:59,236.1500,236.2000,236.0500,236.1000,12400
2015-09-15 11:02:59,236.1500,236.2000,236.0500,236.1000,14200
2015-09-15 11:03:59,236.1500,236.1500,236.0000,236.1000,14600
2015-09-15 11:04:59,236.3000,236.3000,236.1000,236.1500,39500
2015-09-15 11:05:00,236.4500,236.5000,236.3000,236.3000,35100
2015-09-15 11:06:59,236.3000,236.5000,236.1000,236.4500,37700
2015-09-15 11:07:59,236.1000,236.2500,236.0000,236.2500,22300
2015-09-15 11:08:00,236.1000,236.2000,236.0000,236.1000,13000
2015-09-15 11:09:02,236.0000,236.2000,236.0000,236.1500,23400
2015-09-15 11:10:59,235.7000,236.0500,235.7000,236.0000,26100
2015-09-15 11:11:00,235.8500,236.0000,235.8000,235.9000,17700
2015-09-15 11:12:01,235.8000,236.0000,235.8000,235.9000,13600
2015-09-15 11:13:59,235.8000,235.9500,235.7500,235.8000,15400
2015-09-15 11:14:59,235.7000,235.9000,235.6000,235.8000,19300
2015-09-15 11:15:01,235.8000,235.9000,235.6000,235.8000,12700
2015-09-15 11:16:00,235.3500,235.8500,235.2000,235.8000,43600
2015-09-15 11:17:59,235.5500,235.6500,235.3000,235.3000,20400
2015-09-15 11:18:59,235.5000,235.6000,235.3000,235.5500,13900
2015-09-15 11:19:01,235.5500,235.6000,235.3000,235.4500,31200
2015-09-15 11:20:59,235.3000,235.7000,235.3000,235.5000,13200
2015-09-15 11:21:59,235.0500,235.4500,235.0000,235.3000,45100
2015-09-15 11:22:59,235.1500,235.4000,235.0000,235.0000,24100
2015-09-15 11:23:00,235.0000,235.2000,235.0000,235.0000,26100
2015-09-15 11:24:01,235.0000,235.1500,234.8000,235.0500,37100
2015-09-15 11:25:59,234.8500,235.1500,234.8500,235.1000,30000
2015-09-15 11:26:59,235.0000,235.1500,234.8000,234.8500,36800
2015-09-15 11:27:00,235.0500,235.1500,234.9000,235.0000,36400
2015-09-15 11:28:58,234.8000,235.2000,234.8000,235.0000,23400
2015-09-15 11:29:00,234.8500,235.0000,234.8000,234.8500,19900
2015-09-15 11:30:59,234.6000,235.0000,234.6000,234.8500,38500
2015-09-15 11:31:58,234.6000,234.8000,234.5500,234.6000,18700
2015-09-15 11:32:59,234.3000,234.7000,234.0000,234.7000,146400
2015-09-15 11:33:59,234.1500,234.4000,234.0500,234.3000,30600
2015-09-15 11:34:59,234.5000,234.7000,234.0500,234.1500,37100
2015-09-15 11:35:59,234.6000,234.7000,234.3500,234.5000,20300
2015-09-15 11:36:00,234.5000,234.6500,234.5000,234.6000,12800
2015-09-15 11:37:01,234.9500,235.0000,234.5500,234.5500,36900
2015-09-15 11:38:59,234.7000,235.2000,234.7000,235.0000,28100
2015-09-15 11:39:59,234.6500,234.8500,234.6000,234.8500,15400
2015-09-15 11:40:00,234.9000,235.0000,234.6500,234.8500,37600
2015-09-15 11:41:01,235.1000,235.1000,234.7500,234.8500,19700
2015-09-15 11:42:59,235.0000,235.0500,234.8500,235.0000,9700
2015-09-15 11:43:00,234.8500,235.0500,234.8000,234.9500,11600
2015-09-15 11:44:59,234.7500,235.0000,234.7500,234.8000,18800
2015-09-15 11:45:00,234.8500,234.9000,234.7000,234.7000,11200
2015-09-15 11:46:59,234.9500,235.0000,234.8500,234.8500,8500
2015-09-15 11:47:00,235.2500,235.2500,234.9500,234.9500,24600
2015-09-15 11:48:59,235.2500,235.3000,235.1000,235.1500,14700
2015-09-15 11:49:59,235.0500,235.3000,235.0500,235.1500,12100
2015-09-15 11:50:59,234.9500,235.3000,234.9500,235.2000,17800
2015-09-15 11:51:00,234.9000,235.1000,234.7500,235.0500,10300
2015-09-15 11:52:00,234.7500,234.9500,234.6000,234.9000,29700
2015-09-15 11:53:59,234.8500,234.9000,234.7000,234.7500,16000
2015-09-15 11:54:00,234.6000,234.8000,234.5000,234.7500,39500
2015-09-15 11:55:59,234.8000,234.8500,234.5500,234.5500,15700
2015-09-15 11:56:59,235.0000,235.0000,234.7500,234.8000,32300
2015-09-15 11:57:59,235.0000,235.1000,234.9000,234.9500,10300
2015-09-15 11:58:00,234.9000,235.0000,234.8500,235.0000,48000
2015-09-15 11:59:59,235.1500,235.1500,234.9000,234.9000,12000
2015-09-15 12:00:59,235.0500,235.1500,234.9500,235.0000,11900
2015-09-15 12:01:00,235.1500,235.1500,234.9500,235.0500,19600
2015-09-15 12:02:00,235.0500,235.2000,235.0500,235.1000,15400
2015-09-15 12:03:00,235.3000,235.4000,235.0500,235.2000,33700
2015-09-15 12:04:00,235.3000,235.3500,235.1500,235.3000,27500
2015-09-15 12:05:00,235.1500,235.3500,235.1500,235.2500,15300
2015-09-15 12:06:59,235.0000,235.3000,235.0000,235.1500,18100
2015-09-15 12:07:01,235.1000,235.1500,234.9500,234.9500,11500
2015-09-15 12:08:00,235.1500,235.2000,234.9500,235.0500,8700
2015-09-15 12:09:00,235.0000,235.1500,234.9500,235.0500,13300
2015-09-15 12:10:00,234.9000,235.1000,234.9000,235.1000,18900
2015-09-15 12:11:01,234.9500,234.9500,234.8500,234.9000,6700
2015-09-15 12:12:59,234.9500,235.0000,234.8500,234.9500,7500
2015-09-15 12:13:00,234.9500,235.1000,234.9500,234.9500,47500
2015-09-15 12:14:00,234.9000,235.1000,234.9000,235.0000,10100
2015-09-15 12:15:59,235.0000,235.0000,234.8500,234.9000,7700
2015-09-15 12:16:59,235.0000,235.0000,234.9500,235.0000,10900
2015-09-15 12:17:00,235.0000,235.0000,234.9500,234.9500,12400
2015-09-15 12:18:59,235.0000,235.0000,234.9000,234.9500,11000
2015-09-15 12:19:59,235.0000,235.1000,234.9500,234.9500,6000
2015-09-15 12:20:00,235.0000,235.0000,234.9000,234.9000,8900
2015-09-15 12:21:02,235.0000,235.1000,234.9000,235.0000,11900
2015-09-15 12:22:01,235.0000,235.0000,234.9500,234.9500,14600
2015-09-15 12:23:01,235.0000,235.0500,234.9500,235.0000,11900
2015-09-15 12:24:59,234.9500,235.0500,234.9000,234.9000,10600
2015-09-15 12:25:59,235.0000,235.0500,234.9000,234.9000,10700
2015-09-15 12:26:00,235.0000,235.1000,234.9000,234.9000,9800
2015-09-15 12:27:01,235.0000,235.1500,235.0000,235.0000,19100
2015-09-15 12:28:00,234.9500,235.1000,234.9500,234.9500,11900
2015-09-15 12:29:59,235.0000,235.1000,234.9500,234.9500,17100
2015-09-15 12:30:00,235.0500,235.1000,234.9500,235.1000,12000
2015-09-15 12:31:59,235.2500,235.2500,235.0000,235.0000,14900
2015-09-15 12:32:59,235.6000,235.6000,235.2500,235.2500,45800
2015-09-15 12:33:59,235.4500,235.6500,235.4500,235.6000,17400
2015-09-15 12:34:59,235.6500,235.6500,235.4000,235.4000,16200
2015-09-15 12:35:00,235.5000,235.6500,235.5000,235.6000,13600
2015-09-15 12:36:00,235.6500,235.6500,235.5000,235.5500,15000
2015-09-15 12:37:58,236.0000,236.0000,235.5000,235.5000,45000
2015-09-15 12:38:59,236.0500,236.1500,235.9000,236.0000,42500
2015-09-15 12:39:00,235.9000,236.1000,235.9000,236.0500,13500
2015-09-15 12:40:00,236.1000,236.1000,235.9000,235.9500,21400
2015-09-15 12:41:59,236.0500,236.0500,235.8500,235.9500,18100
2015-09-15 12:42:59,236.0000,236.1000,236.0000,236.0500,15200
2015-09-15 12:43:00,236.0500,236.1000,235.9000,235.9500,15000
2015-09-15 12:44:00,235.9000,236.1000,235.8000,236.1000,18000
2015-09-15 12:45:09,235.9500,236.0500,235.8000,235.8000,20200
2015-09-15 12:46:59,235.7500,236.0000,235.7500,235.8500,10000
2015-09-15 12:47:59,235.9000,235.9000,235.7500,235.7500,14100
2015-09-15 12:48:01,235.8500,235.9500,235.7500,235.9000,12900
2015-09-15 12:49:01,235.8500,235.9500,235.6000,235.8500,24200
2015-09-15 12:50:59,236.0000,236.0500,235.8000,235.8000,28600
2015-09-15 12:51:00,235.9500,236.1000,235.8000,236.0500,15300
2015-09-15 12:52:59,236.0000,236.1000,235.7500,235.9000,37300
2015-09-15 12:53:00,235.9000,236.1000,235.7000,236.0000,21700
2015-09-15 12:54:00,235.9000,235.9500,235.7500,235.9000,14900
2015-09-15 12:55:01,235.7500,236.0000,235.7500,235.8500,19200
2015-09-15 12:56:59,235.7500,235.7500,235.6500,235.7000,12600
2015-09-15 12:57:00,235.8000,235.9000,235.7000,235.7000,24900
2015-09-15 12:58:01,235.7000,235.9500,235.7000,235.8000,9200
2015-09-15 12:59:59,235.8500,235.9000,235.7000,235.8500,12800
2015-09-15 13:00:59,235.9000,235.9000,235.7000,235.8000,8700
2015-09-15 13:01:59,236.0000,236.0000,235.8000,235.9000,11600
2015-09-15 13:02:00,235.9500,236.0000,235.8000,236.0000,11400
2015-09-15 13:03:59,236.0000,236.0000,235.8000,235.9500,4600
2015-09-15 13:04:59,235.9500,236.0000,235.9000,236.0000,3900
2015-09-15 13:05:59,235.9500,236.0000,235.8000,235.9500,15400
2015-09-15 13:06:59,235.9500,236.0000,235.8000,236.0000,9600
2015-09-15 13:07:59,236.1500,236.2000,235.8500,235.9500,64500
2015-09-15 13:08:59,236.8000,236.9000,236.0500,236.1500,174700
2015-09-15 13:09:59,237.7000,237.8000,236.7000,236.8000,274600
2015-09-15 13:10:59,237.2500,237.7000,237.2000,237.6500,65600
2015-09-15 13:11:00,237.3500,237.5000,237.2500,237.3000,40500
2015-09-15 13:12:59,237.3000,237.5000,237.2500,237.2500,57500
2015-09-15 13:13:59,237.5500,237.6000,237.3000,237.3000,55100
2015-09-15 13:14:59,237.9000,237.9000,237.4000,237.4000,68600
2015-09-15 13:15:59,238.0000,238.3000,237.8000,237.9000,196800
2015-09-15 13:16:59,237.6000,238.0000,237.6000,237.9500,59100
2015-09-15 13:17:59,237.3000,237.7000,237.3000,237.7000,41300
2015-09-15 13:18:59,237.5000,237.5000,237.3000,237.3500,17000
2015-09-15 13:19:00,237.6500,237.6500,237.4500,237.5000,28200
2015-09-15 13:20:59,237.5000,237.7000,237.4000,237.6500,14500
2015-09-15 13:21:00,237.3000,237.5000,237.2500,237.5000,34300
2015-09-15 13:22:59,237.3500,237.4500,237.2500,237.3000,20000
2015-09-15 13:23:59,237.4000,237.4000,237.3000,237.3500,14800
2015-09-15 13:24:00,237.4000,237.4500,237.2500,237.3000,13100
2015-09-15 13:25:59,237.0500,237.4500,237.0500,237.4000,27400
2015-09-15 13:26:59,236.9500,237.2000,236.9000,237.0000,35600
2015-09-15 13:27:00,236.9500,237.0000,236.7500,236.9000,17800
2015-09-15 13:28:59,237.0000,237.0000,236.7500,236.9000,13200
2015-09-15 13:29:59,236.7500,236.9500,236.7500,236.9500,19200
2015-09-15 13:30:59,236.7000,236.8500,236.7000,236.7500,11000
2015-09-15 13:31:00,236.7000,236.8500,236.7000,236.8000,26500
2015-09-15 13:32:59,236.6000,236.7500,236.6000,236.6500,21800
2015-09-15 13:33:59,236.5500,236.6500,236.5000,236.6500,18700
2015-09-15 13:34:00,236.4000,236.6000,236.3000,236.5000,36000
2015-09-15 13:35:59,236.1000,236.4500,236.1000,236.4500,45100
2015-09-15 13:36:59,236.2000,236.3000,236.1000,236.2000,30100
2015-09-15 13:37:00,236.5000,236.5000,236.1500,236.2000,24600
2015-09-15 13:38:59,236.3500,236.5000,236.2500,236.4000,22600
2015-09-15 13:39:00,236.6000,236.6000,236.3000,236.4000,17300
2015-09-15 13:40:59,236.5000,236.7500,236.4000,236.4000,22300
2015-09-15 13:41:00,236.7500,236.7500,236.4000,236.6000,24400
2015-09-15 13:42:59,236.7000,236.8000,236.4000,236.7000,35800
2015-09-15 13:43:00,236.6000,236.8000,236.5000,236.7000,11100
2015-09-15 13:44:59,236.7500,236.8500,236.6000,236.6500,10700
2015-09-15 13:45:00,236.5500,236.7500,236.5000,236.7500,13600
2015-09-15 13:46:01,236.5500,236.7000,236.5000,236.5000,12000
2015-09-15 13:47:00,236.7000,236.7500,236.5000,236.6000,17200
2015-09-15 13:48:01,236.7000,236.8000,236.6000,236.6500,16400
2015-09-15 13:49:01,236.6000,236.8000,236.6000,236.6500,4400
2015-09-15 13:50:01,236.5500,236.7000,236.5000,236.6500,7100
2015-09-15 13:51:01,236.5000,236.7000,236.5000,236.6000,7800
2015-09-15 13:52:01,236.5500,236.6500,236.5000,236.5500,5300
2015-09-15 13:53:59,235.6500,236.6000,235.6500,236.5000,98800
2015-09-15 13:54:59,235.5000,235.8500,235.4000,235.6500,83300
2015-09-15 13:55:00,234.8500,235.5000,234.8500,235.5000,111700
2015-09-15 13:56:59,234.9000,235.3500,234.8000,234.9000,83400
2015-09-15 13:57:59,235.1000,235.1500,234.8500,234.8500,44000
2015-09-15 13:58:59,235.2000,235.5000,235.1000,235.1500,29800
2015-09-15 13:59:59,234.9000,235.2000,234.8500,235.2000,61700
2015-09-15 14:00:59,234.4000,234.9500,234.3500,234.9500,94400
2015-09-15 14:01:59,234.9000,234.9000,234.4000,234.4000,39700
2015-09-15 14:02:59,235.0000,235.1500,234.7500,234.9000,29200
2015-09-15 14:03:59,234.9500,235.1500,234.8000,235.0000,25100
2015-09-15 14:04:00,235.0000,235.1500,234.7500,234.8000,43800
2015-09-15 14:05:00,235.0500,235.2000,234.9000,234.9000,19700
2015-09-15 14:06:59,235.0000,235.1500,234.9500,234.9500,17300
2015-09-15 14:07:00,235.1500,235.2000,234.9500,235.0500,21200
2015-09-15 14:08:59,235.0000,235.3000,234.9500,235.1000,35400
2015-09-15 14:09:00,235.1000,235.1500,234.9000,234.9000,24200
2015-09-15 14:10:59,234.9000,235.1000,234.9000,235.1000,18000
2015-09-15 14:11:59,235.1500,235.1500,234.9000,234.9000,10200
2015-09-15 14:12:59,235.0000,235.1500,234.9000,235.0500,14800
2015-09-15 14:13:59,235.1500,235.1500,235.0000,235.0000,15400
2015-09-15 14:14:59,235.1500,235.3000,235.0500,235.1000,20600
2015-09-15 14:15:01,234.7500,235.1000,234.7500,235.1000,32200
2015-09-15 14:16:59,234.7500,235.0000,234.7000,234.8000,36700
2015-09-15 14:17:59,235.1000,235.2000,234.7500,234.7500,25800
2015-09-15 14:18:59,235.0000,235.2000,234.9000,235.0000,26500
2015-09-15 14:19:59,235.1000,235.1000,234.9000,235.0000,14600
2015-09-15 14:20:00,235.1000,235.1500,235.0000,235.1000,12500
2015-09-15 14:21:00,235.3500,235.3500,235.0500,235.1500,22600
2015-09-15 14:22:00,235.3000,235.3500,235.1500,235.2000,11800
2015-09-15 14:23:59,235.5000,235.5000,235.2500,235.3000,10600
2015-09-15 14:24:59,235.4000,235.6000,235.3500,235.4500,23800
2015-09-15 14:25:00,235.5000,235.5000,235.2000,235.2000,7600
2015-09-15 14:26:59,235.5000,235.5000,235.3000,235.4000,15100
2015-09-15 14:27:00,235.4500,235.5000,235.3000,235.4500,11900
2015-09-15 14:28:01,235.5000,235.5000,235.3000,235.4500,15500
2015-09-15 14:29:00,235.5000,235.7000,235.3500,235.3500,87700
2015-09-15 14:30:59,235.6500,235.7500,235.3500,235.5000,55000
2015-09-15 14:31:58,235.7500,235.9000,235.5500,235.6500,21400
2015-09-15 14:32:59,235.6000,235.8000,235.5000,235.8000,20900
2015-09-15 14:33:59,235.5500,235.7000,235.5000,235.5000,10900
2015-09-15 14:34:59,235.7000,235.8000,235.5000,235.6000,18200
2015-09-15 14:35:00,235.8000,235.8000,235.6000,235.6500,10100
2015-09-15 14:36:01,235.6500,235.8000,235.3000,235.6500,48100
2015-09-15 14:37:59,235.5000,235.6500,235.2500,235.6000,26600
2015-09-15 14:38:59,235.5500,235.8000,235.3500,235.5000,27700
2015-09-15 14:39:59,235.7000,235.7500,235.5000,235.5000,17700
2015-09-15 14:40:00,235.9500,235.9500,235.5500,235.7500,31000
2015-09-15 14:41:59,236.0000,236.2000,235.9000,235.9000,60800
2015-09-15 14:42:59,236.2000,236.2000,235.9500,236.0000,41700
2015-09-15 14:43:59,236.2500,236.2500,235.9500,236.0000,45900
2015-09-15 14:44:59,236.0000,236.2500,235.8000,236.2000,28000
2015-09-15 14:45:59,235.8500,236.0500,235.7500,236.0000,22600
2015-09-15 14:46:59,235.7500,235.9500,235.5000,235.8500,36900
2015-09-15 14:47:59,235.8000,235.9000,235.7000,235.7000,19500
2015-09-15 14:48:59,235.5500,235.8000,235.5000,235.8000,27800
2015-09-15 14:49:59,235.5500,235.7000,235.5000,235.6500,31300
2015-09-15 14:50:59,235.6500,235.6500,235.4000,235.5500,46200
2015-09-15 14:51:59,235.5000,235.8000,235.5000,235.6500,23400
2015-09-15 14:52:59,235.5500,235.7000,235.4500,235.4500,16200
2015-09-15 14:53:00,235.8000,235.9000,235.6000,235.6000,21500
2015-09-15 14:54:59,235.7500,235.9500,235.7000,235.7000,32400
2015-09-15 14:55:59,235.7000,236.1000,235.7000,235.8000,34800
2015-09-15 14:56:00,235.8000,236.0000,235.7000,235.7500,26800
2015-09-15 14:57:01,235.7500,236.0000,235.7000,235.7000,18000
2015-09-15 14:58:59,235.7000,235.9000,235.7000,235.7500,11900
2015-09-15 14:59:59,235.6500,235.9500,235.6000,235.7000,20800
2015-09-15 15:00:00,235.7000,235.7500,235.5500,235.6000,72000
2015-09-15 15:01:59,235.7000,235.9000,235.5500,235.6500,48700
2015-09-15 15:02:59,235.6500,235.9000,235.5500,235.7000,79200
2015-09-15 15:03:59,235.7500,235.7500,235.5500,235.6500,63100
2015-09-15 15:04:59,235.7000,235.8500,235.6500,235.7500,70600
2015-09-15 15:05:59,235.6000,235.7000,235.5500,235.6500,62400
2015-09-15 15:06:59,235.3500,235.6000,235.3000,235.6000,101400
2015-09-15 15:07:59,235.0000,235.3500,235.0000,235.3000,120700
2015-09-15 15:08:59,235.0000,235.2000,234.8500,235.0500,67900
2015-09-15 15:09:59,234.7500,235.0000,234.6000,234.8000,142100
2015-09-15 15:10:59,234.5500,234.8500,234.5500,234.7500,57300
2015-09-15 15:11:59,234.4500,234.7000,234.4000,234.6000,80000
2015-09-15 15:12:59,234.1000,234.4500,234.1000,234.4500,102300
2015-09-15 15:13:58,234.1500,234.3000,233.8000,234.0500,143700
2015-09-15 15:14:59,233.8500,234.1000,233.5500,233.9500,125000
2015-09-15 15:15:59,233.2500,234.0000,232.9500,233.9500,337700
2015-09-15 15:16:58,233.0000,233.3500,232.8000,233.2000,167600
2015-09-15 15:17:59,233.3000,233.3500,233.0000,233.0000,48600
2015-09-15 15:18:59,233.0000,233.3000,232.8000,233.3000,71300
2015-09-15 15:19:59,232.9500,233.0000,232.7500,233.0000,110800
2015-09-15 15:20:59,232.9500,233.0000,232.9000,232.9000,59100
2015-09-15 15:21:00,233.1500,233.1500,232.9000,232.9500,79700
2015-09-15 15:22:59,233.1000,233.2500,233.0500,233.1000,52400
2015-09-15 15:23:59,233.0000,233.1000,232.9500,233.1000,74200
2015-09-15 15:24:59,232.9500,233.0000,232.7000,232.9000,86700
2015-09-15 15:25:59,233.1000,233.1000,232.8500,232.9500,50000
2015-09-15 15:26:59,232.9500,233.1000,232.9000,233.0500,37800
2015-09-15 15:27:59,232.8000,233.0500,232.7000,233.0000,60400
2015-09-15 15:28:59,233.0000,233.1500,232.8000,232.8000,42500
2015-09-15 15:29:59,234.0000,234.0000,232.9000,233.1000,36000
2015-09-15 15:30:00,232.9000,232.9000,232.9000,232.9000,0
