2015-09-10 09:15:59,828.3000,834.9500,828.2500,834.9500,21500
2015-09-10 09:16:59,831.6500,832.0000,828.3000,828.9500,13300
2015-09-10 09:17:00,829.9000,831.5000,829.5000,831.5000,8700
2015-09-10 09:18:59,826.1500,829.6500,825.0000,829.3500,10900
2015-09-10 09:19:59,825.8500,826.5000,824.9000,825.7000,12500
2015-09-10 09:20:59,827.6500,828.2000,825.7500,826.3000,10300
2015-09-10 09:21:59,828.5500,829.8000,827.6500,827.6500,8800
2015-09-10 09:22:59,830.8500,830.8500,828.1000,828.8000,6200
2015-09-10 09:23:00,830.5000,831.3000,830.2500,830.8500,6200
2015-09-10 09:24:59,831.0000,832.0000,830.3000,830.3000,7400
2015-09-10 09:25:59,831.2000,831.2000,829.0000,830.9500,5800
2015-09-10 09:26:00,830.0500,831.9500,830.0500,831.1500,7600
2015-09-10 09:27:59,832.4500,832.4500,829.6000,830.0500,5200
2015-09-10 09:28:59,832.5000,833.0000,831.7500,832.3000,7300
2015-09-10 09:29:59,832.9500,833.1000,831.8000,832.6500,5900
2015-09-10 09:30:00,831.3000,832.9000,831.3000,832.9000,4400
2015-09-10 09:31:00,830.7500,831.7000,830.2500,831.0000,3900
2015-09-10 09:32:01,828.5000,830.6000,828.5000,830.6000,6500
2015-09-10 09:33:59,831.9500,832.0000,828.5000,828.8500,5600
2015-09-10 09:34:00,830.6000,831.8500,829.1000,831.8500,3200
2015-09-10 09:35:59,830.5500,831.1500,830.5500,830.7500,3200
2015-09-10 09:36:01,829.5500,830.6000,828.6500,830.5500,3500
2015-09-10 09:37:01,830.2500,830.8000,829.5000,829.5500,5600
2015-09-10 09:38:00,829.7500,830.9500,829.7500,830.0000,2400
2015-09-10 09:39:01,830.7000,830.9000,829.8500,830.0000,2500
2015-09-10 09:40:59,831.5000,831.5000,830.2500,830.8500,3800
2015-09-10 09:41:59,830.0000,831.9000,829.5000,831.1500,5100
2015-09-10 09:42:59,831.9500,831.9500,830.0000,830.0000,4700
2015-09-10 09:43:01,831.9000,832.3500,831.6000,831.9500,1500
2015-09-10 09:44:59,831.8500,831.8500,831.5000,831.6000,3600
2015-09-10 09:45:59,833.7500,835.0000,831.7000,831.8500,46300
2015-09-10 09:46:59,833.0000,833.9000,832.1500,833.9000,11400
2015-09-10 09:47:59,833.6000,833.6000,833.0000,833.0000,6200
2015-09-10 09:48:59,833.5000,834.0000,833.5000,833.6000,5800
2015-09-10 09:49:58,833.7000,834.0000,833.0000,833.5000,5600
2015-09-10 09:50:59,834.4000,834.9000,832.8000,834.0000,15100
2015-09-10 09:51:59,835.4000,836.3000,834.0000,834.0000,14500
2015-09-10 09:52:59,834.1500,836.0000,834.1500,835.2000,8200
2015-09-10 09:53:59,834.1000,835.0000,834.0000,834.4000,6600
2015-09-10 09:54:59,834.8000,835.0000,834.0000,834.1000,3800
2015-09-10 09:55:59,833.5500,834.8000,833.5000,834.5500,4700
2015-09-10 09:56:59,832.4500,833.6500,832.1000,833.5500,3400
2015-09-10 09:57:00,832.6500,833.5000,832.5000,832.5000,4500
2015-09-10 09:58:00,831.5000,833.5500,831.5000,833.0000,9200
2015-09-10 09:59:00,832.5000,832.7500,830.7500,831.7000,10400
2015-09-10 10:00:59,832.3500,833.4000,832.2500,833.0000,4000
2015-09-10 10:01:00,832.1500,833.0000,831.4000,832.3000,8200
2015-09-10 10:02:59,832.4500,832.8500,831.9000,832.1500,4600
2015-09-10 10:03:59,833.2000,833.2500,832.4500,832.4500,8800
2015-09-10 10:04:58,833.7000,833.7000,833.0000,833.2000,7300
2015-09-10 10:05:59,833.1000,833.9000,833.1000,833.9000,4000
2015-09-10 10:06:00,833.1000,833.3000,833.0000,833.2000,4300
2015-09-10 10:07:01,833.0000,833.2000,833.0000,833.1000,5900
2015-09-10 10:08:59,833.3000,833.3000,833.0000,833.0000,2000
2015-09-10 10:09:59,833.4000,833.5000,833.1500,833.5000,5600
2015-09-10 10:10:59,833.6500,833.7500,833.2500,833.6000,3600
2015-09-10 10:11:59,834.7000,834.8000,833.6500,833.7000,4000
2015-09-10 10:12:59,835.8000,836.0000,834.7500,834.8000,6600
2015-09-10 10:13:59,835.5500,836.0000,834.9000,835.9500,6400
2015-09-10 10:14:00,835.5000,835.9500,835.4000,835.8500,7300
2015-09-10 10:15:01,835.1500,835.5000,834.5000,835.5000,6000
2015-09-10 10:16:01,835.3000,835.4500,834.5500,835.1500,3300
2015-09-10 10:17:59,836.1000,836.5000,835.3000,835.3000,4100
2015-09-10 10:18:59,836.7500,837.8500,836.1000,836.1000,12000
2015-09-10 10:19:00,837.1000,837.3000,836.2000,837.0000,2900
2015-09-10 10:20:00,835.6000,837.3000,835.5000,837.1000,6400
2015-09-10 10:21:00,836.2000,837.0000,835.5500,836.6000,5000
2015-09-10 10:22:59,836.7000,836.9500,835.5000,836.5500,3900
2015-09-10 10:23:00,836.9500,837.0000,836.1000,836.9500,3500
2015-09-10 10:24:00,836.6000,837.0000,836.0000,836.9500,3800
2015-09-10 10:25:01,836.9500,837.3000,836.5000,836.9000,4300
2015-09-10 10:26:00,836.4000,837.0000,836.1000,837.0000,2100
2015-09-10 10:27:00,835.3000,836.7500,835.3000,836.4500,3800
2015-09-10 10:28:59,835.8500,836.1500,835.0500,836.1000,4100
2015-09-10 10:29:00,835.8000,836.1500,835.1000,836.0000,2200
2015-09-10 10:30:00,837.6000,837.6000,835.7500,835.7500,7600
2015-09-10 10:31:58,836.9000,837.8000,836.0000,837.8000,4200
2015-09-10 10:32:00,836.4000,837.1000,836.0000,837.0000,3200
2015-09-10 10:33:00,836.0000,836.5000,835.2500,836.5000,4600
2015-09-10 10:34:00,836.3500,836.8500,835.4500,836.2000,4300
2015-09-10 10:35:59,837.0000,837.0000,836.1500,836.3500,1900
2015-09-10 10:36:00,837.0000,837.5500,836.5500,836.5500,3900
2015-09-10 10:37:01,836.5500,837.6000,836.5000,837.4500,5200
2015-09-10 10:38:59,838.3500,838.3500,836.6000,836.6000,4400
2015-09-10 10:39:00,838.2000,839.9000,838.0500,838.5000,10400
2015-09-10 10:40:59,840.4000,840.7000,838.5500,838.6500,11800
2015-09-10 10:41:58,842.7500,842.8000,840.1500,840.2500,17600
2015-09-10 10:42:59,843.0000,843.8000,842.2000,842.9500,21700
2015-09-10 10:43:59,841.0500,843.3000,840.9000,843.0000,8600
2015-09-10 10:44:59,841.4000,841.8000,840.5000,841.5000,6600
2015-09-10 10:45:59,840.5500,841.8000,840.1500,841.4000,8400
2015-09-10 10:46:59,840.2500,841.0000,840.1000,840.1500,3200
2015-09-10 10:47:00,841.5000,841.6000,840.3000,840.9500,4700
2015-09-10 10:48:59,841.5500,841.9000,841.2000,841.7500,7300
2015-09-10 10:49:59,841.3000,841.6000,841.1000,841.6000,2400
2015-09-10 10:50:59,839.9000,841.5500,839.6500,841.1000,6600
2015-09-10 10:51:58,839.2500,840.0000,838.8000,840.0000,4800
2015-09-10 10:52:00,839.0000,839.6500,838.2000,839.6500,7600
2015-09-10 10:53:59,838.3000,839.5000,838.2000,839.3000,4900
2015-09-10 10:54:00,838.3000,838.7500,838.0500,838.2500,5300
2015-09-10 10:55:59,837.5000,838.3500,837.4500,838.3500,4800
2015-09-10 10:56:59,838.5500,838.7000,837.4500,837.4500,5800
2015-09-10 10:57:00,837.8000,838.7000,837.5500,838.7000,8300
2015-09-10 10:58:59,838.1500,838.2000,837.8000,838.2000,900
2015-09-10 10:59:59,838.0500,838.6000,837.9500,838.3000,2300
2015-09-10 11:00:00,837.9500,838.4000,837.6000,838.1000,3400
2015-09-10 11:01:01,838.0000,838.2000,837.5000,838.0500,3800
2015-09-10 11:02:01,837.5000,838.0000,837.0500,838.0000,2400
2015-09-10 11:03:01,835.8000,837.9500,835.6000,837.9500,12800
2015-09-10 11:04:59,834.3000,836.0500,833.5500,836.0500,13400
2015-09-10 11:05:59,835.4500,835.8500,833.6000,834.3000,4400
2015-09-10 11:06:59,835.3000,836.0000,834.6000,835.5000,4300
2015-09-10 11:07:59,835.3000,835.5000,834.6000,835.3000,5600
2015-09-10 11:08:00,835.6000,835.6500,835.1500,835.5000,2200
2015-09-10 11:09:59,835.7500,835.8500,835.4000,835.8000,2100
2015-09-10 11:10:59,836.5000,836.5000,835.8000,835.8000,3800
2015-09-10 11:11:59,837.4500,838.3500,836.5000,836.6000,5300
2015-09-10 11:12:59,835.5000,837.4500,835.5000,837.4500,5700
2015-09-10 11:13:59,835.2000,836.2000,835.1500,835.5000,3800
2015-09-10 11:14:59,835.2000,836.0000,835.0000,835.2000,2200
2015-09-10 11:15:59,836.0000,836.1000,835.3000,835.7500,1600
2015-09-10 11:16:59,836.0000,836.1000,835.5000,835.9000,3300
2015-09-10 11:17:00,837.6000,837.6500,835.9500,835.9500,3000
2015-09-10 11:18:00,837.3000,838.0000,837.0500,837.6500,2300
2015-09-10 11:19:59,837.1500,837.3500,836.0000,837.2500,3200
2015-09-10 11:20:59,837.3500,837.3500,837.1500,837.1500,1700
2015-09-10 11:21:59,838.2000,838.4000,837.3000,837.3000,3100
2015-09-10 11:22:00,839.5500,839.5500,838.2000,838.2000,2700
2015-09-10 11:23:59,840.9500,841.0000,839.3500,839.5500,7500
2015-09-10 11:24:59,839.5000,841.0000,839.2000,840.7000,7000
2015-09-10 11:25:59,839.2000,839.8000,839.0000,839.5000,3300
2015-09-10 11:26:00,839.1000,839.7500,839.0000,839.2500,6800
2015-09-10 11:27:59,839.5000,839.7000,839.1500,839.7000,3100
2015-09-10 11:28:59,839.5000,839.7500,839.3500,839.6500,3800
2015-09-10 11:29:00,839.1000,839.5500,839.0000,839.5500,3700
2015-09-10 11:30:59,839.3000,839.3500,838.9500,839.1000,8500
2015-09-10 11:31:59,839.0500,839.5000,838.8000,839.3000,5300
2015-09-10 11:32:59,838.5000,839.2000,838.5000,839.0000,3700
2015-09-10 11:33:59,837.2000,839.1000,837.2000,839.0000,9600
2015-09-10 11:34:59,836.5000,837.6000,836.0500,837.2000,4700
2015-09-10 11:35:59,836.7000,836.8500,836.2000,836.5000,1900
2015-09-10 11:36:59,837.4500,837.4500,836.8000,836.8000,2800
2015-09-10 11:37:59,836.0500,837.3500,836.0500,837.1500,2700
2015-09-10 11:38:59,835.7500,836.9500,835.2000,836.2000,4600
2015-09-10 11:39:59,836.6000,836.8000,835.0000,835.5000,5100
2015-09-10 11:40:59,836.2500,836.8000,836.2500,836.6000,1900
2015-09-10 11:41:00,836.0000,836.5000,835.4000,836.5000,4000
2015-09-10 11:42:59,835.5000,836.2000,835.5000,836.0000,3000
2015-09-10 11:43:59,835.5500,835.9500,835.0000,835.5500,3900
2015-09-10 11:44:59,835.0000,835.7500,835.0000,835.2000,4400
2015-09-10 11:45:59,835.3500,835.5000,834.7500,835.0000,3400
2015-09-10 11:46:59,835.4000,835.7000,835.1000,835.3500,4000
2015-09-10 11:47:59,835.4500,835.8000,835.2000,835.3000,2500
2015-09-10 11:48:59,836.6500,836.6500,835.4500,835.4500,5500
2015-09-10 11:49:59,836.6000,836.9000,836.5000,836.6500,2600
2015-09-10 11:50:00,839.1000,839.3500,836.7500,836.7500,7900
2015-09-10 11:51:59,839.8000,840.0000,839.0500,839.1000,16400
2015-09-10 11:52:59,839.8000,840.7000,839.4000,840.0000,16200
2015-09-10 11:53:59,840.2000,840.5000,839.2500,839.3000,16300
2015-09-10 11:54:59,839.5000,840.4500,839.4500,840.4500,8700
2015-09-10 11:55:59,838.0500,839.9500,837.5000,839.5000,6600
2015-09-10 11:56:00,839.2000,839.4000,838.0000,838.0000,7700
2015-09-10 11:57:59,839.0000,839.5000,838.5500,839.2500,3700
2015-09-10 11:58:59,839.5000,839.5000,838.9500,838.9500,4500
2015-09-10 11:59:59,840.3500,840.6000,839.5000,839.5500,12600
2015-09-10 12:00:59,841.0000,841.7000,840.0500,840.3500,16700
2015-09-10 12:01:00,840.8000,841.3000,840.0000,841.0000,21800
2015-09-10 12:02:59,840.8000,840.8500,840.4000,840.8000,8200
2015-09-10 12:03:59,840.4500,840.9000,840.2000,840.8000,4700
2015-09-10 12:04:59,839.0000,840.7000,839.0000,840.5500,11900
2015-09-10 12:05:00,839.6000,840.0000,838.8000,839.0000,13400
2015-09-10 12:06:59,840.3000,840.3500,839.5000,839.9000,4100
2015-09-10 12:07:59,839.4000,840.3500,839.4000,840.3000,3900
2015-09-10 12:08:59,838.9500,840.0000,838.9500,839.4000,5600
2015-09-10 12:09:59,838.5000,839.0000,837.6000,838.9500,6800
2015-09-10 12:10:59,838.0500,838.5000,837.8000,838.1500,2400
2015-09-10 12:11:59,838.5500,838.5500,837.6500,838.1000,3200
2015-09-10 12:12:59,838.6500,839.5500,838.5500,838.8500,5500
2015-09-10 12:13:59,838.7500,839.0000,838.0000,838.6000,1900
2015-09-10 12:14:01,838.7500,838.7500,838.1000,838.1500,1600
2015-09-10 12:15:00,838.5000,839.0000,838.0500,838.6000,3300
2015-09-10 12:16:59,839.1000,839.4000,838.4500,838.5500,3900
2015-09-10 12:17:00,837.2500,839.2500,837.2500,839.1000,2700
2015-09-10 12:18:59,837.1500,838.1500,837.1000,837.9500,4000
2015-09-10 12:19:59,837.5000,838.1500,837.1000,837.1000,2500
2015-09-10 12:20:59,837.1500,837.9000,837.0500,837.5000,2600
2015-09-10 12:21:59,837.2500,837.8000,837.0000,837.1000,1800
2015-09-10 12:22:01,836.8000,837.0000,836.0000,837.0000,4300
2015-09-10 12:23:00,837.5000,837.8000,836.7500,836.8000,1100
2015-09-10 12:24:00,838.1000,838.2500,837.5000,837.8000,2400
2015-09-10 12:25:00,838.0000,838.4000,837.9500,838.1000,2200
2015-09-10 12:26:59,837.7000,838.0000,837.3500,837.8000,1800
2015-09-10 12:27:59,838.0000,838.7500,837.6000,837.7000,3400
2015-09-10 12:28:59,838.3000,839.0000,837.6000,837.9500,2400
2015-09-10 12:29:00,838.2000,839.0000,838.2000,838.2500,2400
2015-09-10 12:30:59,838.2500,838.9000,838.2500,838.8000,2500
2015-09-10 12:31:00,838.1000,838.8000,838.0000,838.8000,2300
2015-09-10 12:32:59,838.0000,838.5000,838.0000,838.0000,4000
2015-09-10 12:33:59,838.4000,838.7500,838.0000,838.0000,2700
2015-09-10 12:34:00,838.3500,838.7000,838.0000,838.4000,1200
2015-09-10 12:35:00,838.3500,838.7000,838.2000,838.5000,1100
2015-09-10 12:36:59,840.0000,840.0500,838.3500,838.3500,21600
2015-09-10 12:37:59,840.0000,840.5000,840.0000,840.0000,2700
2015-09-10 12:38:59,840.1000,840.3000,840.0000,840.0000,5200
2015-09-10 12:39:59,841.0000,841.3000,840.1000,840.1000,17400
2015-09-10 12:40:59,841.0000,841.4000,841.0000,841.0000,5500
2015-09-10 12:41:59,841.9500,842.3000,841.1000,841.1000,27100
2015-09-10 12:42:59,840.9000,842.1500,840.6500,841.7500,5000
2015-09-10 12:43:59,840.5500,841.2500,840.2000,840.7500,2700
2015-09-10 12:44:00,840.0000,840.6500,840.0000,840.6500,4200
2015-09-10 12:45:59,838.4000,839.6000,838.0000,839.3500,5400
2015-09-10 12:46:01,838.5000,839.0000,838.0000,838.2000,2300
2015-09-10 12:47:59,837.8000,839.0000,837.8000,838.5000,2900
2015-09-10 12:48:59,836.7500,838.5000,836.6000,837.7500,7300
2015-09-10 12:49:59,837.4000,837.6000,836.6000,836.7000,1600
2015-09-10 12:50:59,837.4000,837.6000,836.9500,837.5500,1800
2015-09-10 12:51:59,838.4500,838.5000,836.7000,837.5500,2700
2015-09-10 12:52:00,838.4000,838.5000,838.0000,838.0500,1000
2015-09-10 12:53:00,838.5000,839.2000,838.2500,838.4500,2700
2015-09-10 12:54:00,838.0000,838.9500,837.5000,838.7000,3300
2015-09-10 12:55:01,836.0500,838.1000,836.0000,838.0000,4500
2015-09-10 12:56:59,836.2500,836.6500,835.4000,836.1000,4900
2015-09-10 12:57:00,836.6500,836.7000,836.0000,836.2500,2400
2015-09-10 12:58:59,836.2000,838.0000,836.1500,836.5000,4100
2015-09-10 12:59:58,837.4000,838.0500,836.0500,836.1500,2200
2015-09-10 13:00:58,837.9000,838.5000,836.6500,837.4000,1400
2015-09-10 13:01:00,838.0000,838.5500,837.1000,837.9000,2000
2015-09-10 13:02:59,837.6500,838.0000,837.2500,837.8000,1100
2015-09-10 13:03:00,838.8500,838.9500,837.6500,837.6500,1800
2015-09-10 13:04:59,839.9500,839.9500,838.5500,838.8500,2700
2015-09-10 13:05:59,839.0000,839.9500,839.0000,839.1000,2800
2015-09-10 13:06:00,839.3500,839.5500,838.6500,838.9000,1400
2015-09-10 13:07:00,839.3000,840.0000,838.5000,839.5000,4400
2015-09-10 13:08:00,839.6000,840.0000,839.2500,839.3000,1500
2015-09-10 13:09:00,839.0500,840.0000,839.0000,840.0000,3300
2015-09-10 13:10:59,838.2000,839.8000,838.2000,839.0500,2100
2015-09-10 13:11:59,838.3000,838.8000,837.5000,838.0500,2700
2015-09-10 13:12:59,838.6500,838.9000,838.2500,838.3000,1200
2015-09-10 13:13:59,839.7000,839.7000,838.6000,838.6500,800
2015-09-10 13:14:00,839.6000,839.9500,839.3500,839.6500,1900
2015-09-10 13:15:00,840.6000,840.8000,840.0500,840.1500,5600
2015-09-10 13:16:59,840.3000,840.7500,840.1500,840.1500,1700
2015-09-10 13:17:59,840.2000,840.3000,839.5500,840.1500,3500
2015-09-10 13:18:00,839.7500,841.0000,839.7000,839.7500,5500
2015-09-10 13:19:00,840.5500,840.9000,839.5000,839.7500,2100
2015-09-10 13:20:59,840.2000,840.7000,840.0000,840.2000,2000
2015-09-10 13:21:59,841.0000,841.0000,840.2000,840.2000,3900
2015-09-10 13:22:59,841.1500,841.3000,840.5000,841.0000,2600
2015-09-10 13:23:59,840.4500,841.5000,840.4000,840.7500,3700
2015-09-10 13:24:01,841.3500,841.5000,840.4500,840.4500,4700
2015-09-10 13:25:00,841.1500,841.5000,840.4000,841.2500,8400
2015-09-10 13:26:59,840.7500,841.2500,840.5500,841.1500,1800
2015-09-10 13:27:59,841.5000,841.7500,840.5000,840.7500,9300
2015-09-10 13:28:00,841.9000,841.9000,840.9000,840.9000,900
2015-09-10 13:29:59,841.2000,841.9000,841.1000,841.7000,2700
2015-09-10 13:30:59,840.4500,841.8000,840.4500,841.5000,5000
2015-09-10 13:31:59,839.4000,840.4500,839.3000,840.4500,4100
2015-09-10 13:32:00,840.0000,840.8500,839.4000,839.4000,2000
2015-09-10 13:33:00,840.2500,840.4500,839.7500,840.0500,2500
2015-09-10 13:34:00,840.0000,840.4000,840.0000,840.3000,2400
2015-09-10 13:35:59,839.7500,840.5500,839.7500,840.1000,2600
2015-09-10 13:36:59,840.8500,840.9500,839.7500,839.8000,3700
2015-09-10 13:37:59,840.2000,840.9000,840.2000,840.6000,2700
2015-09-10 13:38:59,840.4500,840.5500,840.2000,840.2000,1900
2015-09-10 13:39:59,839.8500,840.4500,838.9500,840.4500,5100
2015-09-10 13:40:59,839.5000,839.8500,839.2000,839.4000,2700
2015-09-10 13:41:00,838.4000,839.2000,838.4000,839.2000,2700
2015-09-10 13:42:00,839.6000,839.9000,838.4000,838.4000,3100
2015-09-10 13:43:58,838.8000,839.8500,838.3500,839.6000,3000
2015-09-10 13:44:59,838.2500,839.0500,838.2500,838.6500,2600
2015-09-10 13:45:59,838.3000,838.5500,838.0500,838.2500,3200
2015-09-10 13:46:00,838.0000,838.5000,837.5000,838.3000,3400
2015-09-10 13:47:59,838.5000,838.7500,838.0000,838.0000,1400
2015-09-10 13:48:00,839.4500,839.4500,838.4500,838.4500,2100
2015-09-10 13:49:00,838.5500,839.5000,838.5000,839.0500,2400
2015-09-10 13:50:58,840.0000,840.1500,838.5500,838.6000,6500
2015-09-10 13:51:59,839.8000,841.0000,839.2000,840.4500,7500
2015-09-10 13:52:00,840.0500,840.0500,839.0500,839.5000,3200
2015-09-10 13:53:00,839.1500,840.4500,839.1000,840.2500,2300
2015-09-10 13:54:59,838.5500,839.6500,838.5000,839.1000,4800
2015-09-10 13:55:59,838.8500,839.4500,838.5000,838.5500,3000
2015-09-10 13:56:59,836.0000,838.8000,836.0000,838.5000,7900
2015-09-10 13:57:59,836.1000,836.8500,835.1000,836.0000,8600
2015-09-10 13:58:59,834.4000,836.2500,833.5000,836.1000,18000
2015-09-10 13:59:59,835.9500,835.9500,833.1000,834.9000,9100
2015-09-10 14:00:59,835.8000,837.0000,835.0000,835.2000,7800
2015-09-10 14:01:59,834.5500,836.0000,834.5500,835.8000,11700
2015-09-10 14:02:59,834.0500,835.1000,833.0000,834.5500,14400
2015-09-10 14:03:00,835.1500,835.7500,833.5000,834.0500,4200
2015-09-10 14:04:59,833.7500,835.1500,833.1000,835.1500,4300
2015-09-10 14:05:59,836.0000,836.0000,833.9500,834.3000,2800
2015-09-10 14:06:00,835.6500,836.5000,835.0500,835.7000,3100
2015-09-10 14:07:59,835.0500,836.3500,835.0500,835.6500,3100
2015-09-10 14:08:59,835.0500,836.0000,835.0000,835.0500,2700
2015-09-10 14:09:00,835.0000,836.0000,834.6000,835.0500,6300
2015-09-10 14:10:59,836.4500,836.9000,835.0000,835.0000,5200
2015-09-10 14:11:00,836.1000,836.5500,835.2000,836.4500,2000
2015-09-10 14:12:59,836.0000,837.4500,835.6000,836.1500,11400
2015-09-10 14:13:59,836.8000,837.0500,835.6000,836.1000,4800
2015-09-10 14:14:00,837.8000,838.0000,836.7000,836.8000,3100
2015-09-10 14:15:01,837.5500,837.9500,837.1500,837.8000,2000
2015-09-10 14:16:59,836.8000,837.5500,836.8000,837.5500,3000
2015-09-10 14:17:00,836.1000,837.4500,836.0000,836.8000,3300
2015-09-10 14:18:59,837.3500,837.6000,836.1000,836.1000,1600
2015-09-10 14:19:59,837.4500,837.6000,836.7000,837.3500,2200
2015-09-10 14:20:00,837.9000,837.9000,837.0000,837.0000,2200
2015-09-10 14:21:59,837.0000,837.9000,836.3500,837.6000,5500
2015-09-10 14:22:58,837.2000,837.9500,836.5000,837.0000,11600
2015-09-10 14:23:00,837.7500,837.9000,837.1000,837.2000,1300
2015-09-10 14:24:59,838.2500,838.9000,837.5500,837.7500,5300
2015-09-10 14:25:59,837.7500,838.6000,837.5000,838.2500,2900
2015-09-10 14:26:59,838.2000,838.7000,837.7500,837.7500,3300
2015-09-10 14:27:59,837.7500,838.2000,837.6500,838.2000,2000
2015-09-10 14:28:59,837.9500,838.2000,837.6500,837.7500,2900
2015-09-10 14:29:59,838.0000,838.5000,837.5500,837.9500,7800
2015-09-10 14:30:59,837.5500,838.4500,837.5000,837.7500,2900
2015-09-10 14:31:59,838.4000,838.4000,837.0000,837.5500,2900
2015-09-10 14:32:00,837.8500,838.0000,837.5500,837.8000,1500
2015-09-10 14:33:59,838.0500,838.5000,837.8000,837.8500,1700
2015-09-10 14:34:59,838.7000,839.0000,837.9500,838.4000,2000
2015-09-10 14:35:00,838.8000,839.0000,838.3500,838.7000,4000
2015-09-10 14:36:01,838.9500,839.0000,838.1500,838.6000,3300
2015-09-10 14:37:59,839.0000,839.4000,838.0500,838.9500,2400
2015-09-10 14:38:00,838.8500,839.4500,838.8000,838.9000,2500
2015-09-10 14:39:00,839.1000,839.4500,838.5000,839.3000,3100
2015-09-10 14:40:59,838.2500,839.4000,838.2500,839.1000,2300
2015-09-10 14:41:00,838.5000,839.0500,838.1500,838.2500,3500
2015-09-10 14:42:00,838.0000,838.8000,838.0000,838.5000,3100
2015-09-10 14:43:00,838.5000,838.9500,838.0000,838.0000,2800
2015-09-10 14:44:59,838.6500,838.9500,838.4000,838.5000,2200
2015-09-10 14:45:00,838.6000,838.9000,838.4000,838.9000,3900
2015-09-10 14:46:01,838.1000,838.9000,837.5500,838.6000,2200
2015-09-10 14:47:59,838.3000,838.7000,837.9000,838.1000,2800
2015-09-10 14:48:59,837.6500,838.7000,837.6000,838.3000,3500
2015-09-10 14:49:59,837.5000,838.0000,837.0000,837.6500,4200
2015-09-10 14:50:59,837.7500,837.7500,837.0000,837.5000,4900
2015-09-10 14:51:59,837.7500,838.3000,837.4000,837.4000,4400
2015-09-10 14:52:59,838.0000,838.4000,837.4000,838.3000,2800
2015-09-10 14:53:59,838.1500,838.7000,837.9500,838.0000,3600
2015-09-10 14:54:00,837.5000,838.2500,837.1000,838.1500,3100
2015-09-10 14:55:00,837.6000,838.0000,837.5000,837.5500,2100
2015-09-10 14:56:59,837.8000,837.9500,837.5000,837.8000,1600
2015-09-10 14:57:59,838.3500,838.6500,837.5500,837.8000,3700
2015-09-10 14:58:58,839.2000,839.2000,838.3500,838.3500,5900
2015-09-10 14:59:00,838.9500,839.2000,838.3500,839.2000,3100
2015-09-10 15:00:59,838.7000,839.5000,838.7000,839.0000,14200
2015-09-10 15:01:00,838.1500,838.7500,838.0000,838.7000,15000
2015-09-10 15:02:00,837.6000,838.2500,837.6000,838.2500,15400
2015-09-10 15:03:59,838.0000,838.4000,837.0000,837.5500,20900
2015-09-10 15:04:59,838.2000,838.6500,838.0500,838.0500,14500
2015-09-10 15:05:59,837.7000,838.4500,837.5000,838.3000,13600
2015-09-10 15:06:59,838.5000,839.0000,837.5500,837.5500,21700
2015-09-10 15:07:59,838.4500,838.8000,838.4500,838.5000,18300
2015-09-10 15:08:59,838.9500,838.9500,837.9000,838.4500,23900
2015-09-10 15:09:59,839.3500,839.7500,838.5500,838.5500,21700
2015-09-10 15:10:59,839.4500,839.5500,838.5000,839.3500,30000
2015-09-10 15:11:00,839.0000,839.9500,838.9000,839.4500,20500
2015-09-10 15:12:59,838.8000,839.0000,838.5500,838.9000,14900
2015-09-10 15:13:59,838.7000,839.2500,838.6000,838.6000,17600
2015-09-10 15:14:59,839.3000,839.3000,838.5000,838.8000,20400
2015-09-10 15:15:59,838.8500,839.9000,838.6500,839.3000,31500
2015-09-10 15:16:59,839.0000,839.2500,838.8000,839.2500,23700
2015-09-10 15:17:59,839.0000,839.1500,838.9000,839.1000,19400
2015-09-10 15:18:59,838.7500,839.3500,838.7500,838.9500,16300
2015-09-10 15:19:59,838.5000,838.8000,838.3500,838.7500,18200
2015-09-10 15:20:59,839.6000,840.0000,838.5000,838.5000,28000
2015-09-10 15:21:59,842.0000,843.0000,838.6500,839.3500,51900
2015-09-10 15:22:59,841.4500,842.4000,841.0000,842.0000,28600
2015-09-10 15:23:59,840.0000,842.0000,840.0000,841.5000,22200
2015-09-10 15:24:59,841.6500,842.1500,839.7000,840.0000,32400
2015-09-10 15:25:59,841.7500,842.0000,840.5500,841.3500,36800
2015-09-10 15:26:59,840.4500,842.0000,840.4000,842.0000,26600
2015-09-10 15:27:59,841.6000,842.0000,839.8000,840.4000,17100
2015-09-10 15:28:59,841.4000,843.0000,840.6000,841.7000,23600
2015-09-10 15:29:59,843.0000,844.0000,840.9000,841.7500,26600
2015-09-10 15:30:00,843.0000,843.0000,843.0000,843.0000,0
2015-09-11 09:15:59,845.4500,847.2500,845.0000,845.0000,24000
2015-09-11 09:16:59,846.0500,847.6500,845.4500,845.4500,18400
2015-09-11 09:17:00,847.4500,847.6500,845.9000,846.7500,13900
2015-09-11 09:18:00,846.5000,847.4500,846.0500,847.4500,10600
2015-09-11 09:19:59,845.6500,846.5000,845.3000,846.0500,17300
2015-09-11 09:20:59,844.0000,845.7000,844.0000,845.6500,17200
2015-09-11 09:21:59,840.5000,843.9500,840.5000,843.8500,23300
2015-09-11 09:22:59,842.9500,843.3000,841.0000,841.0000,10300
2015-09-11 09:23:59,843.1000,844.5000,843.0000,843.0000,10300
2015-09-11 09:24:59,842.2000,844.2500,842.0000,843.2000,13700
2015-09-11 09:25:59,843.2000,843.2000,842.1500,842.2500,4800
2015-09-11 09:26:59,843.5000,843.7500,842.0000,842.9500,11700
2015-09-11 09:27:59,843.6000,844.0000,842.1000,843.5000,7400
2015-09-11 09:28:59,844.8000,844.9500,843.6000,843.8500,11900
2015-09-11 09:29:59,842.7000,844.8500,842.5000,844.8500,15800
2015-09-11 09:30:00,844.2000,844.4000,842.8500,843.2500,5100
2015-09-11 09:31:59,843.3500,845.0000,843.1000,844.3000,7600
2015-09-11 09:32:59,843.5000,844.0000,843.0000,843.3500,13900
2015-09-11 09:33:59,842.9500,843.7500,842.5500,843.7000,8300
2015-09-11 09:34:59,843.7500,844.4500,842.5500,842.9500,6400
2015-09-11 09:35:59,843.0000,843.9000,842.7500,843.9000,4700
2015-09-11 09:36:59,844.9000,845.0000,843.0000,843.2500,9300
2015-09-11 09:37:00,844.2500,844.8000,843.0500,844.6500,4500
2015-09-11 09:38:59,844.0000,844.8000,844.0000,844.5000,2900
2015-09-11 09:39:00,844.1000,844.9000,843.8500,844.6000,3000
2015-09-11 09:40:00,844.1000,844.7500,843.5500,844.0000,4400
2015-09-11 09:41:59,844.3000,844.8000,844.0000,844.6500,4900
2015-09-11 09:42:59,843.2500,844.7500,843.0500,844.4000,4900
2015-09-11 09:43:00,843.6500,844.4500,843.0500,843.2000,5300
2015-09-11 09:44:59,844.0000,844.0500,843.2000,844.0000,2200
2015-09-11 09:45:00,844.0000,844.4500,843.8000,844.4500,1900
2015-09-11 09:46:00,844.0000,844.0000,843.1000,843.8500,7000
2015-09-11 09:47:59,845.2500,845.9500,844.0500,844.1000,5300
2015-09-11 09:48:59,845.2500,845.9000,845.1500,845.2500,3600
2015-09-11 09:49:59,847.3500,847.4000,845.2500,845.6500,8400
2015-09-11 09:50:59,846.0000,848.2000,845.2500,847.3500,13200
2015-09-11 09:51:59,847.2500,847.7500,846.0500,846.3000,7400
2015-09-11 09:52:59,848.5500,848.6000,847.0000,847.2500,7200
2015-09-11 09:53:59,849.0500,850.0000,848.5000,848.5500,43500
2015-09-11 09:54:59,848.8000,849.5500,848.5500,849.5500,8600
2015-09-11 09:55:00,848.1000,848.9500,848.0500,848.8000,7000
2015-09-11 09:56:59,847.8500,848.2000,847.5000,848.2000,7600
2015-09-11 09:57:59,849.0000,849.1500,847.8500,848.0000,5600
2015-09-11 09:58:59,849.6500,849.6500,849.0000,849.1500,6700
2015-09-11 09:59:59,849.5000,849.7000,849.0000,849.5500,7600
2015-09-11 10:00:59,850.1000,850.3000,849.5000,849.5000,12200
2015-09-11 10:01:00,850.8000,850.9000,850.0000,850.2500,8200
2015-09-11 10:02:59,849.6000,850.9000,849.5000,850.9000,12300
2015-09-11 10:03:59,851.3000,851.7000,849.6000,849.8000,6800
2015-09-11 10:04:59,851.0000,851.8500,850.2500,851.7000,9200
2015-09-11 10:05:59,850.3000,851.0000,850.3000,850.9500,6300
2015-09-11 10:06:59,849.2000,850.5000,849.2000,850.5000,6500
2015-09-11 10:07:59,849.5500,849.8000,848.5000,849.2000,4700
2015-09-11 10:08:59,849.1500,849.8500,849.0000,849.8500,2500
2015-09-11 10:09:59,848.9000,849.3000,848.5500,849.1500,4300
2015-09-11 10:10:59,848.9000,849.2500,848.7000,848.9000,4800
2015-09-11 10:11:59,848.8500,849.0000,848.8000,849.0000,2600
2015-09-11 10:12:01,848.9500,849.2500,848.8500,848.8500,4700
2015-09-11 10:13:01,848.9500,849.4000,848.8500,848.9500,4300
2015-09-11 10:14:04,849.1000,849.1500,848.5500,848.9500,1200
2015-09-11 10:15:04,849.0500,849.1500,849.0000,849.1500,1700
2015-09-11 10:16:02,849.5000,849.5000,848.9500,849.1000,1700
2015-09-11 10:17:00,849.5500,849.6000,849.3500,849.5000,1800
2015-09-11 10:18:59,850.0000,850.0500,849.3000,849.5500,3900
2015-09-11 10:19:00,849.6500,849.9500,849.0500,849.9500,3100
2015-09-11 10:20:04,849.3000,849.6500,849.1000,849.6500,2700
2015-09-11 10:21:03,848.0500,849.3500,848.0500,849.3500,2400
2015-09-11 10:22:59,848.6500,848.7500,848.1000,848.1000,2800
2015-09-11 10:23:00,848.6500,849.1000,848.0000,848.7000,4300
2015-09-11 10:24:59,848.2500,848.6500,848.1500,848.6500,1400
2015-09-11 10:25:00,846.5000,848.4500,846.5000,848.2500,7500
2015-09-11 10:26:01,846.2500,846.8000,845.8000,846.5000,6600
2015-09-11 10:27:59,845.8500,846.2500,845.1000,846.0500,4900
2015-09-11 10:28:00,847.2500,847.2500,845.8500,845.9000,6000
2015-09-11 10:29:59,847.0000,848.0000,846.7000,847.2500,5100
2015-09-11 10:30:59,847.0500,848.0000,846.6000,847.3000,4700
2015-09-11 10:31:59,847.5000,847.9500,847.4000,847.9500,3100
2015-09-11 10:32:59,847.7000,847.9000,847.0000,847.9000,1900
2015-09-11 10:33:00,847.4000,848.0000,847.2000,847.7000,4200
2015-09-11 10:34:00,846.7000,847.9000,846.2500,847.5000,3100
2015-09-11 10:35:59,846.5500,846.9500,846.1000,846.9500,2200
2015-09-11 10:36:59,846.3000,846.5500,846.0000,846.5500,2200
2015-09-11 10:37:59,846.0500,846.3000,845.5000,846.0500,6000
2015-09-11 10:38:59,845.7000,846.0500,845.0500,846.0500,14900
2015-09-11 10:39:00,846.4500,846.6000,845.6500,845.7000,12100
2015-09-11 10:40:59,846.4500,846.4500,845.7500,846.4500,2000
2015-09-11 10:41:59,845.8000,846.6000,845.1000,846.4500,6700
2015-09-11 10:42:59,845.7500,846.7500,845.6500,846.0000,3600
2015-09-11 10:43:59,845.5500,846.4000,845.0000,846.4000,7000
2015-09-11 10:44:59,846.8000,846.8000,845.1500,845.7500,1900
2015-09-11 10:45:59,847.6500,847.9000,846.6500,846.6500,2600
2015-09-11 10:46:00,847.7000,847.9500,847.0000,847.6500,3500
2015-09-11 10:47:59,848.2000,849.7500,847.7000,847.7000,13300
2015-09-11 10:48:59,849.0000,849.8000,848.0000,848.2000,6600
2015-09-11 10:49:59,848.4000,849.0000,848.1500,849.0000,2000
2015-09-11 10:50:59,848.4500,849.0000,848.0000,848.1500,2900
2015-09-11 10:51:00,848.6000,848.9000,848.0000,848.0500,4200
2015-09-11 10:52:59,848.5000,848.8500,848.4000,848.5000,4000
2015-09-11 10:53:00,848.0500,848.4000,848.0000,848.3000,1900
2015-09-11 10:54:00,848.3000,848.5500,848.0500,848.0500,1600
2015-09-11 10:55:59,848.5000,848.8500,848.0000,848.0000,3300
2015-09-11 10:56:59,848.6500,849.5000,848.5000,848.5000,15800
2015-09-11 10:57:59,849.0000,849.5500,848.5000,848.6000,3700
2015-09-11 10:58:59,848.9000,849.0000,848.6000,849.0000,2100
2015-09-11 10:59:59,848.7000,848.9500,848.6500,848.9000,3000
2015-09-11 11:00:00,849.0000,849.4000,848.7000,849.0000,2400
2015-09-11 11:01:59,849.0000,849.3000,849.0000,849.0000,2100
2015-09-11 11:02:59,849.0500,849.0500,848.7500,849.0000,5500
2015-09-11 11:03:59,849.2000,849.6000,848.7500,849.0000,3800
2015-09-11 11:04:59,849.2500,849.5500,848.7500,849.0500,2600
2015-09-11 11:05:00,849.2000,849.2500,848.7500,849.0000,3400
2015-09-11 11:06:59,848.7500,849.4500,848.7500,849.0000,4000
2015-09-11 11:07:59,848.0000,848.9500,847.5500,848.7500,13800
2015-09-11 11:08:00,849.0000,849.3000,848.0000,848.0000,8800
2015-09-11 11:09:59,847.5000,849.3000,847.5000,849.0000,10400
2015-09-11 11:10:59,847.0000,847.8000,847.0000,847.5000,12200
2015-09-11 11:11:59,844.0000,847.2500,842.0500,847.2500,50900
2015-09-11 11:12:59,844.4000,845.2000,843.5000,844.0500,7300
2015-09-11 11:13:59,843.2000,844.4500,842.5000,844.0000,11800
2015-09-11 11:14:59,844.0000,844.6000,842.9500,843.3500,8000
2015-09-11 11:15:59,844.5500,844.9500,844.2000,844.5000,2500
2015-09-11 11:16:59,844.8000,844.8000,844.2500,844.5500,2600
2015-09-11 11:17:00,846.0000,846.8000,844.7000,844.7000,4000
2015-09-11 11:18:00,846.3000,846.5000,845.9500,846.0000,2300
2015-09-11 11:19:59,845.0500,846.2500,844.5000,846.2500,6600
2015-09-11 11:20:00,845.1500,845.5500,844.6500,845.2000,2700
2015-09-11 11:21:59,845.9500,846.0000,844.8000,845.3500,3900
2015-09-11 11:22:59,846.0000,846.5000,845.5500,845.5500,1200
2015-09-11 11:23:59,846.1500,846.5000,845.8500,846.1500,1200
2015-09-11 11:24:59,845.0000,846.4500,844.8000,846.3500,5300
2015-09-11 11:25:59,846.0000,846.1000,845.0000,845.0000,6400
2015-09-11 11:26:00,845.4000,845.8000,845.3500,845.4500,3700
2015-09-11 11:27:00,845.5000,845.5500,845.4000,845.5000,1600
2015-09-11 11:28:59,845.2500,845.5500,844.4000,845.5000,6000
2015-09-11 11:29:00,845.2000,845.4000,845.0000,845.0000,3900
2015-09-11 11:30:59,845.0000,845.5000,844.8500,845.2000,7500
2015-09-11 11:31:59,845.2000,845.2500,845.0000,845.2500,4700
2015-09-11 11:32:59,845.2500,845.2500,844.5000,845.2000,17600
2015-09-11 11:33:00,845.0000,845.2500,844.8500,845.0500,6900
2015-09-11 11:34:59,844.2500,845.1500,844.1000,845.1500,17100
2015-09-11 11:35:59,845.0000,845.1500,844.5000,844.6500,4900
2015-09-11 11:36:00,845.1000,845.3500,845.0000,845.0000,3700
2015-09-11 11:37:59,845.0000,845.2500,844.7500,845.2500,3100
2015-09-11 11:38:00,844.4500,845.1500,844.1000,845.1500,2800
2015-09-11 11:39:06,844.4000,845.0000,844.0000,844.0500,2100
2015-09-11 11:40:59,844.6500,844.7500,844.0000,844.7500,1100
2015-09-11 11:41:59,844.3000,844.7000,844.0000,844.6500,1900
2015-09-11 11:42:59,844.5000,844.8000,844.2000,844.3000,2400
2015-09-11 11:43:00,845.2500,845.5500,844.3500,844.6000,4300
2015-09-11 11:44:07,844.9500,845.5000,844.5000,845.5000,2500
2015-09-11 11:45:03,845.0000,845.4500,844.5500,844.5500,2100
2015-09-11 11:46:59,845.0000,845.3500,844.6500,845.3500,2100
2015-09-11 11:47:01,844.5500,845.3000,844.5000,844.7500,3900
2015-09-11 11:48:02,844.9500,845.2500,844.5000,844.5500,3100
2015-09-11 11:49:59,844.3500,844.9000,844.1000,844.5500,5400
2015-09-11 11:50:59,844.8500,844.9500,844.3000,844.4000,2700
2015-09-11 11:51:00,844.7000,844.9500,844.3000,844.8500,1100
2015-09-11 11:52:01,844.5500,844.7500,844.4000,844.4000,1700
2015-09-11 11:53:03,844.8000,845.0000,844.3500,844.7500,1500
2015-09-11 11:54:01,845.3000,845.5500,844.8000,844.8000,1600
2015-09-11 11:55:00,845.4500,845.5000,845.0500,845.5000,2000
2015-09-11 11:56:02,844.5000,845.4000,844.4500,845.4000,2000
2015-09-11 11:57:01,844.4000,844.9000,844.3000,844.9000,2300
2015-09-11 11:58:02,844.5000,844.8000,844.2000,844.8000,2200
2015-09-11 11:59:03,844.7000,845.0000,844.5000,844.7000,1700
2015-09-11 12:00:58,844.5000,845.2000,844.5000,844.5500,2400
2015-09-11 12:01:00,844.6000,844.9500,844.4000,844.6000,2300
2015-09-11 12:02:00,844.6500,845.2000,844.5000,844.6000,3600
2015-09-11 12:03:00,844.9000,845.2000,844.5000,845.2000,10500
2015-09-11 12:04:02,844.7500,845.4000,844.7500,844.7500,3800
2015-09-11 12:05:01,845.0000,845.3000,844.7500,844.7500,3700
2015-09-11 12:06:59,844.8500,845.3000,844.8000,845.3000,1600
2015-09-11 12:07:59,844.9500,845.1000,844.7000,845.1000,7800
2015-09-11 12:08:59,844.9000,845.1000,844.6000,844.7000,8100
2015-09-11 12:09:59,844.7500,845.2000,844.7500,844.9000,5200
2015-09-11 12:10:59,844.7500,845.1000,844.7500,845.0000,1900
2015-09-11 12:11:00,844.8500,845.2000,844.7500,844.7500,2100
2015-09-11 12:12:02,844.8500,845.1000,844.7500,844.8000,1000
2015-09-11 12:13:00,845.1000,845.2000,844.8500,845.0000,1800
2015-09-11 12:14:01,844.8000,845.2000,844.8000,844.8500,1900
2015-09-11 12:15:59,844.9000,845.0000,844.8000,844.8500,2600
2015-09-11 12:16:59,844.8000,845.5000,844.7000,844.9000,3600
2015-09-11 12:17:00,844.9500,844.9500,844.5000,844.8000,2800
2015-09-11 12:18:00,844.6500,844.9500,844.5000,844.9500,1800
2015-09-11 12:19:59,844.4000,844.9000,844.3500,844.6500,3000
2015-09-11 12:20:59,844.2500,844.6000,844.1000,844.4000,4600
2015-09-11 12:21:00,844.5000,844.5500,844.3000,844.5500,4500
2015-09-11 12:22:59,844.5000,844.8500,844.3000,844.3000,3600
2015-09-11 12:23:00,844.1500,844.8000,844.1000,844.5000,4200
2015-09-11 12:24:59,844.5500,844.6000,844.2500,844.2500,3400
2015-09-11 12:25:00,844.6000,845.0000,844.3500,844.3500,2600
2015-09-11 12:26:59,844.9000,845.4000,844.5000,844.5000,2900
2015-09-11 12:27:00,845.1500,845.2500,844.7000,844.9500,2200
2015-09-11 12:28:01,845.1000,845.5000,845.0000,845.2500,3200
2015-09-11 12:29:59,845.3500,845.4000,845.0000,845.1500,1700
2015-09-11 12:30:59,845.5000,845.6000,844.6000,845.2000,11900
2015-09-11 12:31:59,845.9000,846.3500,845.0000,845.5000,11300
2015-09-11 12:32:59,845.6500,845.9000,845.0000,845.4500,11800
2015-09-11 12:33:59,844.6500,846.2000,844.6000,845.0500,15800
2015-09-11 12:34:59,845.0000,845.4000,844.6000,844.6500,13200
2015-09-11 12:35:59,845.0000,845.6500,844.6000,845.0000,9700
2015-09-11 12:36:00,845.7500,846.0000,845.0000,845.0500,8500
2015-09-11 12:37:00,844.9000,845.7000,844.8000,845.5500,5800
2015-09-11 12:38:01,845.0500,845.8500,844.8000,844.9500,8300
2015-09-11 12:39:59,846.0000,846.9000,845.0000,845.3000,11900
2015-09-11 12:40:00,845.9000,846.4500,845.5000,846.4500,3900
2015-09-11 12:41:03,845.8000,846.4000,845.8000,845.9000,3400
2015-09-11 12:42:59,845.9500,846.2000,845.8000,846.2000,3000
2015-09-11 12:43:00,845.6500,845.9500,845.3000,845.8000,2700
2015-09-11 12:44:59,845.5000,845.9500,845.5000,845.7000,4000
2015-09-11 12:45:02,846.2000,846.2500,845.1500,845.4500,10600
2015-09-11 12:46:01,845.8500,846.2500,845.5500,845.5500,3800
2015-09-11 12:47:04,846.3000,846.8500,845.7500,845.7500,2800
2015-09-11 12:48:00,846.4500,846.8000,846.0500,846.8000,4100
2015-09-11 12:49:58,846.5500,846.8000,846.2500,846.5500,3000
2015-09-11 12:50:58,846.3000,847.0000,846.3000,846.5500,4900
2015-09-11 12:51:59,845.7500,846.4500,845.7500,846.3000,9400
2015-09-11 12:52:00,845.5500,845.8000,845.4000,845.8000,19300
2015-09-11 12:53:59,846.0000,846.4500,845.5500,845.5500,10300
2015-09-11 12:54:01,846.0000,846.2000,845.6000,846.0000,3500
2015-09-11 12:55:00,845.0000,845.8500,845.0000,845.6000,6000
2015-09-11 12:56:06,844.6000,845.1500,844.5000,845.0000,2400
2015-09-11 12:57:02,844.7000,844.8000,844.5500,844.8000,2100
2015-09-11 12:58:04,844.4000,844.7500,844.4000,844.7000,4600
2015-09-11 12:59:56,844.6500,844.8000,844.4000,844.4000,2900
2015-09-11 13:00:02,844.6500,845.0000,844.4000,844.4000,4000
2015-09-11 13:01:01,844.9000,845.0000,844.5500,844.5500,2800
2015-09-11 13:02:05,844.9500,845.1500,844.7000,844.9000,4100
2015-09-11 13:03:00,844.8500,844.9500,844.5000,844.9500,1500
2015-09-11 13:04:59,844.7500,844.9000,844.4500,844.8500,800
2015-09-11 13:05:59,844.8500,844.9000,844.5000,844.7500,4700
2015-09-11 13:06:00,844.8500,845.0000,844.8500,844.8500,1800
2015-09-11 13:07:59,844.3500,844.9000,844.2000,844.8500,11200
2015-09-11 13:08:59,844.3500,844.9000,844.3500,844.4000,4900
2015-09-11 13:09:00,842.5500,844.7500,842.0000,844.3500,15800
2015-09-11 13:10:59,842.4000,842.7000,842.1500,842.5500,8800
2015-09-11 13:11:00,843.2000,843.5500,842.4000,842.4000,5800
2015-09-11 13:12:59,843.1500,843.6000,842.6000,843.2000,6200
2015-09-11 13:13:59,843.5000,843.8000,843.1500,843.5500,4300
2015-09-11 13:14:59,844.4500,844.5000,843.5000,843.5000,2100
2015-09-11 13:15:59,843.5000,844.4500,843.2000,844.0500,4300
2015-09-11 13:16:59,843.5000,843.9000,843.3000,843.5000,3900
2015-09-11 13:17:59,843.2000,843.3000,843.0000,843.3000,2700
2015-09-11 13:18:59,842.9000,843.2000,842.8500,843.0000,7000
2015-09-11 13:19:59,843.0000,843.2000,842.8500,842.9000,3200
2015-09-11 13:20:59,843.9000,844.3000,842.9000,842.9000,8800
2015-09-11 13:21:59,843.5000,843.8000,843.0000,843.5000,3700
2015-09-11 13:22:00,843.5000,843.9500,843.2000,843.5000,1700
2015-09-11 13:23:59,843.6500,843.7000,843.2500,843.7000,2900
2015-09-11 13:24:00,844.0000,844.1000,843.6500,843.6500,3000
2015-09-11 13:25:00,844.0000,844.2000,843.7000,844.0000,4000
2015-09-11 13:26:58,844.5000,844.7000,844.0000,844.0000,3900
2015-09-11 13:27:00,844.3500,844.8000,844.2500,844.4000,2100
2015-09-11 13:28:00,843.8500,844.7500,843.8500,844.7500,3300
2015-09-11 13:29:01,844.4500,844.4500,843.8500,843.8500,2200
2015-09-11 13:30:03,844.2500,844.4000,843.9500,844.3000,2100
2015-09-11 13:31:00,844.3000,844.9000,844.2500,844.2500,2200
2015-09-11 13:32:06,844.5500,844.8000,844.3500,844.8000,1100
2015-09-11 13:33:59,844.5000,844.7500,844.2000,844.7000,3300
2015-09-11 13:34:01,844.5000,844.6000,844.3000,844.5000,2500
2015-09-11 13:35:59,844.6500,844.7000,844.3000,844.5000,2900
2015-09-11 13:36:59,844.3500,844.7000,844.3000,844.5000,5700
2015-09-11 13:37:00,844.4500,844.7000,844.3500,844.5000,1700
2015-09-11 13:38:01,844.5000,844.6000,844.3500,844.4500,4500
2015-09-11 13:39:59,844.6500,844.6500,844.4000,844.5000,2400
2015-09-11 13:40:00,844.5000,844.6500,844.5000,844.6500,1200
2015-09-11 13:41:59,844.7500,844.8500,844.4000,844.6500,1600
2015-09-11 13:42:00,844.5500,844.7500,844.5000,844.5000,1800
2015-09-11 13:43:59,844.5000,844.7500,844.4000,844.5500,2500
2015-09-11 13:44:59,844.6000,844.7000,844.5000,844.7000,3200
2015-09-11 13:45:59,844.3000,844.6500,844.3000,844.6000,1700
2015-09-11 13:46:00,844.3000,844.4500,844.2500,844.3000,3500
2015-09-11 13:47:07,844.2500,844.6500,844.2500,844.4000,4800
2015-09-11 13:48:03,844.2000,844.4500,844.2000,844.3000,6500
2015-09-11 13:49:02,844.2500,844.5000,844.0000,844.1000,6400
2015-09-11 13:50:00,844.1500,844.4000,844.1500,844.2500,1200
2015-09-11 13:51:59,844.0000,844.6500,844.0000,844.1500,6000
2015-09-11 13:52:59,844.0000,844.4500,844.0000,844.4000,3000
2015-09-11 13:53:59,844.2500,844.6500,844.0000,844.0000,4700
2015-09-11 13:54:00,844.5000,844.6000,844.0000,844.5500,3500
2015-09-11 13:55:59,844.3000,844.6500,844.3000,844.4500,3300
2015-09-11 13:56:59,844.4000,844.4500,844.0500,844.3000,2900
2015-09-11 13:57:00,844.5000,844.6500,844.2500,844.4000,2600
2015-09-11 13:58:59,844.5500,844.6500,844.2500,844.5000,1800
2015-09-11 13:59:00,844.5000,844.6500,844.2500,844.5500,1800
2015-09-11 14:00:59,844.2500,844.5000,844.2500,844.2500,5600
2015-09-11 14:01:00,844.1500,844.7000,844.1500,844.2500,19000
2015-09-11 14:02:03,844.7000,844.8500,844.1500,844.5000,6700
2015-09-11 14:03:59,844.5500,844.7500,844.2500,844.7000,2700
2015-09-11 14:04:00,844.5500,844.8500,844.5500,844.5500,2200
2015-09-11 14:05:01,844.7000,845.1500,844.5500,844.8500,5100
2015-09-11 14:06:03,845.0000,845.1000,844.8000,844.8000,2900
2015-09-11 14:07:06,845.2000,845.8000,844.8000,845.8000,5400
2015-09-11 14:08:59,844.3000,845.3500,844.0500,845.3500,8200
2015-09-11 14:09:59,845.0000,845.4000,844.0500,844.0500,5500
2015-09-11 14:10:59,844.6500,845.4500,844.2500,845.0000,1800
2015-09-11 14:11:02,844.8000,845.0000,844.0500,844.3000,3000
2015-09-11 14:12:59,845.0000,845.7500,844.5000,845.0000,6300
2015-09-11 14:13:00,845.1500,845.5000,844.7000,845.4000,6400
2015-09-11 14:14:01,844.8000,845.1500,844.8000,845.1500,2500
2015-09-11 14:15:59,844.8500,845.5000,844.7500,845.0500,3000
2015-09-11 14:16:59,844.8000,845.4000,844.8000,844.8500,3900
2015-09-11 14:17:00,844.5000,845.0000,844.0500,845.0000,14000
2015-09-11 14:18:59,844.8000,844.9500,844.5000,844.8500,3600
2015-09-11 14:19:00,844.8500,845.5000,844.5500,844.8000,3700
2015-09-11 14:20:59,845.0500,845.5000,844.8500,845.2500,3900
2015-09-11 14:21:59,845.2500,845.4500,844.8500,845.0500,4000
2015-09-11 14:22:59,845.3000,845.4500,844.9000,845.4500,2700
2015-09-11 14:23:59,845.3000,845.7000,844.8500,845.3500,6200
2015-09-11 14:24:59,845.5500,845.8000,844.9000,845.3000,7100
2015-09-11 14:25:00,845.2500,845.9000,845.2500,845.9000,5600
2015-09-11 14:26:01,845.0000,845.5000,844.6000,845.2500,14000
2015-09-11 14:27:59,845.0000,845.3500,844.8000,845.0000,3800
2015-09-11 14:28:58,845.1000,845.5000,844.8000,845.0000,5600
2015-09-11 14:29:00,845.5000,845.7500,845.2000,845.2000,4200
2015-09-11 14:30:59,844.5000,845.8000,844.4000,845.6500,6200
2015-09-11 14:31:59,845.4500,845.4500,844.5000,844.5000,8100
2015-09-11 14:32:59,845.0500,845.7500,845.0000,845.4500,4800
2015-09-11 14:33:59,845.3000,845.4000,844.8000,845.0500,4900
2015-09-11 14:34:00,845.4500,845.5000,845.0000,845.0000,4200
2015-09-11 14:35:59,845.0000,845.5000,844.8000,845.5000,6200
2015-09-11 14:36:00,845.7500,845.7500,845.0000,845.0000,5400
2015-09-11 14:37:59,845.1500,845.7500,845.1500,845.7500,6300
2015-09-11 14:38:59,845.1000,845.3000,845.0500,845.3000,5700
2015-09-11 14:39:59,845.0000,845.2500,845.0000,845.1000,11100
2015-09-11 14:40:00,845.0000,845.2000,844.9500,845.0000,10700
2015-09-11 14:41:59,845.1000,845.1000,845.0000,845.1000,4100
2015-09-11 14:42:59,845.2000,845.3000,845.0500,845.1000,5600
2015-09-11 14:43:59,845.2500,845.5000,845.2000,845.3000,4300
2015-09-11 14:44:59,845.6000,845.7000,845.2000,845.4500,6300
2015-09-11 14:45:59,845.3000,845.9000,845.3000,845.5500,5700
2015-09-11 14:46:00,845.5500,845.7500,845.2500,845.3000,4500
2015-09-11 14:47:01,846.3000,846.5500,845.3500,845.5500,9000
2015-09-11 14:48:59,844.9500,846.7500,844.9500,846.3000,21600
2015-09-11 14:49:59,846.1500,846.4000,844.4000,844.9000,29100
2015-09-11 14:50:59,846.1000,846.8000,846.1000,846.3000,7600
2015-09-11 14:51:59,846.0000,846.4000,845.5500,845.6500,4600
2015-09-11 14:52:00,846.0000,846.4000,845.7500,846.0000,5400
2015-09-11 14:53:59,845.5000,846.5000,845.2500,846.0000,19400
2015-09-11 14:54:59,845.3000,845.6500,845.3000,845.5000,2800
2015-09-11 14:55:00,846.5000,846.8500,845.3000,845.5500,10700
2015-09-11 14:56:59,847.0000,847.9500,846.3000,846.5000,14500
2015-09-11 14:57:00,847.8000,848.0000,847.0000,847.7000,9100
2015-09-11 14:58:58,847.3500,847.9000,847.0000,847.8000,12700
2015-09-11 14:59:00,847.1500,847.8000,847.1500,847.3500,8700
2015-09-11 15:00:59,847.1500,847.5000,847.0000,847.1500,14600
2015-09-11 15:01:59,845.7500,847.4000,845.7500,847.4000,21800
2015-09-11 15:02:59,847.0500,847.0500,845.9000,846.0000,12100
2015-09-11 15:03:59,848.0000,848.5000,847.3500,847.4000,14500
2015-09-11 15:04:59,848.2000,848.5500,848.0000,848.4500,28000
2015-09-11 15:05:00,848.1000,848.3500,848.0000,848.0500,11000
2015-09-11 15:06:58,848.6000,848.7500,848.1000,848.2000,16800
2015-09-11 15:07:59,848.3000,849.0000,848.2500,848.7500,18400
2015-09-11 15:08:59,848.5500,848.6000,848.2500,848.3000,22000
2015-09-11 15:09:58,848.5000,848.6000,848.3500,848.5500,21900
2015-09-11 15:10:59,847.7000,848.6000,847.4000,848.5000,23200
2015-09-11 15:11:59,847.0000,847.6000,845.8500,847.4000,43600
2015-09-11 15:12:59,845.2000,847.3500,845.1000,847.0000,24500
2015-09-11 15:13:59,844.5500,845.4500,844.5500,845.4500,25600
2015-09-11 15:14:59,844.0000,844.8000,844.0000,844.6000,36000
2015-09-11 15:15:59,842.4000,844.1500,842.0000,844.0000,26700
2015-09-11 15:16:59,842.6500,844.2000,842.4000,842.4000,31400
2015-09-11 15:17:00,843.5500,843.7500,842.6500,842.6500,16700
2015-09-11 15:18:59,845.0000,845.0000,843.6500,843.6500,12200
2015-09-11 15:19:59,845.8000,845.8000,844.9000,845.0000,16100
2015-09-11 15:20:59,844.4000,845.9000,844.4000,845.8000,26900
2015-09-11 15:21:59,844.5000,845.3500,844.3000,844.4000,22600
2015-09-11 15:22:59,845.2000,845.2000,844.5000,844.5000,10600
2015-09-11 15:23:00,845.4500,845.9500,845.2000,845.2000,26000
2015-09-11 15:24:59,845.4500,845.8000,845.4500,845.5000,18300
2015-09-11 15:25:59,845.4000,845.5000,845.3000,845.5000,37100
2015-09-11 15:26:59,845.6500,846.0000,845.2500,845.2500,23600
2015-09-11 15:27:59,845.9000,846.0000,845.5500,845.6000,16000
2015-09-11 15:28:59,845.0000,846.5000,844.6500,845.9500,18400
2015-09-11 15:29:00,844.7000,844.7000,844.7000,844.7000,600
2015-09-14 09:15:59,850.7000,853.1500,849.9000,852.6500,36900
2015-09-14 09:16:59,854.9000,854.9000,850.2000,850.7000,34200
2015-09-14 09:17:59,857.1000,857.9000,853.8000,854.3500,36700
2015-09-14 09:18:59,855.1500,857.3500,854.1500,857.3500,18700
2015-09-14 09:19:59,854.2500,856.1500,854.0000,855.5000,13500
2015-09-14 09:20:59,855.1000,855.9500,854.2000,854.9000,10400
2015-09-14 09:21:59,852.3500,855.7000,852.0500,855.0500,8300
2015-09-14 09:22:59,854.1500,855.0000,852.1000,852.3500,10900
2015-09-14 09:23:00,853.3000,854.8000,852.6500,854.1500,23100
2015-09-14 09:24:59,853.4500,854.3000,853.2000,853.6000,4900
2015-09-14 09:25:59,854.0000,854.3500,853.3000,853.4000,2600
2015-09-14 09:26:59,852.6000,853.5000,852.1000,853.5000,4300
2015-09-14 09:27:59,851.4500,852.7000,850.1000,852.6000,5000
2015-09-14 09:28:59,851.0000,851.7000,850.5500,851.4500,9500
2015-09-14 09:29:59,851.1500,851.6000,850.5000,850.9000,6700
2015-09-14 09:30:00,852.8000,853.0000,850.8000,851.5000,8000
2015-09-14 09:31:59,851.4000,853.2500,850.9000,852.6000,10400
2015-09-14 09:32:59,851.4000,853.0000,850.9000,852.0000,11400
2015-09-14 09:33:00,849.3500,852.2500,849.2500,851.5000,13700
2015-09-14 09:34:01,850.2000,850.8500,849.0000,849.1000,11400
2015-09-14 09:35:59,850.2000,850.8500,850.0500,850.1500,7200
2015-09-14 09:36:00,849.5000,850.5000,849.5000,850.0500,5000
2015-09-14 09:37:00,849.6000,850.0000,849.2500,849.5500,4600
2015-09-14 09:38:59,849.2500,850.0000,849.1000,849.6000,6800
2015-09-14 09:39:59,846.7500,849.4000,846.1000,849.4000,17900
2015-09-14 09:40:59,847.1000,847.5000,846.5000,846.9500,9400
2015-09-14 09:41:00,847.0000,848.2500,846.8500,847.1000,13800
2015-09-14 09:42:59,847.2500,847.6500,847.0000,847.1000,8100
2015-09-14 09:43:00,847.0500,847.7500,847.0500,847.2000,7500
2015-09-14 09:44:59,847.2000,848.1500,847.0000,847.0500,6900
2015-09-14 09:45:59,847.3000,847.7500,847.0000,847.2000,5300
2015-09-14 09:46:59,847.3000,847.5000,847.2000,847.3000,6800
2015-09-14 09:47:59,847.3500,847.9000,847.2500,847.3000,5800
2015-09-14 09:48:59,848.1000,848.1000,847.3000,847.3500,4400
2015-09-14 09:49:00,848.5000,848.8000,848.1000,848.1000,3700
2015-09-14 09:50:59,849.6500,849.7000,848.3500,848.3500,5800
2015-09-14 09:51:59,850.0500,851.0000,849.5000,849.7000,13700
2015-09-14 09:52:59,850.1500,850.1500,849.5000,850.0000,8300
2015-09-14 09:53:59,850.5000,850.5000,849.0500,850.1500,8300
2015-09-14 09:54:00,850.5000,851.1000,850.3500,850.5000,11500
2015-09-14 09:55:59,850.9000,851.0500,850.5000,850.6000,6400
2015-09-14 09:56:59,851.5000,851.5000,850.5000,850.9000,7600
2015-09-14 09:57:59,851.2500,851.7500,851.0000,851.5000,4300
2015-09-14 09:58:59,851.7000,852.0000,851.3500,851.3500,6300
2015-09-14 09:59:59,852.2500,852.5500,851.7000,851.7000,9700
2015-09-14 10:00:59,852.9000,852.9000,852.1000,852.1000,5500
2015-09-14 10:01:59,853.7000,853.8000,852.5000,852.5000,6500
2015-09-14 10:02:59,854.0000,854.5500,853.5500,853.7000,12600
2015-09-14 10:03:59,854.5000,854.6000,853.5000,853.6000,7100
2015-09-14 10:04:59,854.3000,854.4000,853.8500,854.2500,4400
2015-09-14 10:05:59,854.5000,854.9500,853.9000,854.1000,24000
2015-09-14 10:06:00,854.3000,854.9500,854.2500,854.5000,27900
2015-09-14 10:07:59,854.5000,854.6000,854.2000,854.4000,4100
2015-09-14 10:08:59,855.0000,855.3500,854.5000,854.6000,31600
2015-09-14 10:09:59,854.4000,855.3500,854.2500,855.0000,9800
2015-09-14 10:10:59,855.0000,855.5000,854.4000,854.4000,10500
2015-09-14 10:11:59,855.1000,855.2000,854.4000,855.1500,3600
2015-09-14 10:12:59,855.0000,855.2500,855.0000,855.0500,4500
2015-09-14 10:13:59,855.2000,855.4000,854.6000,855.0000,7500
2015-09-14 10:14:59,855.0000,855.2500,855.0000,855.0500,9900
2015-09-14 10:15:59,855.0500,855.2500,855.0000,855.0000,4300
2015-09-14 10:16:59,855.0000,855.2000,855.0000,855.1500,5000
2015-09-14 10:17:00,854.6000,855.1000,854.2500,855.0000,10000
2015-09-14 10:18:02,854.5000,854.9500,854.3000,854.3000,6500
2015-09-14 10:19:59,856.8000,856.9500,854.6000,854.9500,16300
2015-09-14 10:20:59,856.9500,857.1000,855.5000,856.2500,17700
2015-09-14 10:21:00,855.6000,857.5000,855.2500,857.2500,8100
2015-09-14 10:22:59,856.8500,857.0000,855.6500,855.6500,11100
2015-09-14 10:23:59,856.8000,857.4500,855.7000,856.8500,6700
2015-09-14 10:24:59,856.0000,856.7000,856.0000,856.7000,3600
2015-09-14 10:25:59,855.3500,856.4000,855.2000,856.0000,9600
2015-09-14 10:26:59,856.4000,856.5000,855.2500,855.5000,10400
2015-09-14 10:27:59,856.0000,856.4500,855.1000,856.4000,7100
2015-09-14 10:28:59,855.8000,856.5000,855.6500,856.1500,5200
2015-09-14 10:29:59,855.9500,856.4000,855.5000,855.8500,6500
2015-09-14 10:30:59,856.1000,856.3000,855.2000,855.9500,25900
2015-09-14 10:31:59,855.8500,856.2500,855.5000,856.1000,3900
2015-09-14 10:32:59,856.1000,856.2000,855.5000,855.9000,3700
2015-09-14 10:33:59,856.3000,856.5000,856.0000,856.3000,5700
2015-09-14 10:34:00,856.2000,856.7500,856.0500,856.3000,4300
2015-09-14 10:35:59,856.3000,856.5000,856.2000,856.3500,4000
2015-09-14 10:36:59,856.8000,856.8000,856.0000,856.4000,3200
2015-09-14 10:37:59,857.1000,857.1000,856.0000,856.7500,8000
2015-09-14 10:38:59,857.0000,857.5000,857.0000,857.1500,5400
2015-09-14 10:39:59,857.2500,857.7500,856.6500,857.2000,8500
2015-09-14 10:40:59,857.2000,857.4000,856.6500,857.2500,3400
2015-09-14 10:41:59,858.7500,858.8000,857.0000,857.2000,13300
2015-09-14 10:42:59,858.2000,858.9500,858.0500,858.8500,16900
2015-09-14 10:43:00,857.6500,858.5000,857.0500,858.2000,6700
2015-09-14 10:44:01,855.6500,857.7000,855.6500,857.6500,7000
2015-09-14 10:45:59,856.1000,857.2000,855.6500,855.8500,7300
2015-09-14 10:46:59,856.0000,856.4500,855.7000,856.1000,2000
2015-09-14 10:47:59,856.4000,856.4000,855.7000,856.0000,2300
2015-09-14 10:48:59,856.1500,856.6500,855.8000,856.4000,7000
2015-09-14 10:49:59,856.8500,856.9500,856.0500,856.1500,3300
2015-09-14 10:50:59,857.0000,857.1500,856.5000,856.8500,3500
2015-09-14 10:51:59,857.2500,857.5500,856.8000,857.2000,4200
2015-09-14 10:52:00,857.2000,857.7000,856.8000,857.0500,3500
2015-09-14 10:53:59,857.9000,857.9000,857.0000,857.2000,9500
2015-09-14 10:54:59,858.3500,858.5000,857.5000,857.5000,9800
2015-09-14 10:55:00,858.2500,858.7500,858.0000,858.3500,5900
2015-09-14 10:56:59,858.4500,858.6000,858.0000,858.2500,6900
2015-09-14 10:57:00,858.7500,858.9000,858.1000,858.5500,4100
2015-09-14 10:58:59,858.5000,858.9000,858.0000,858.9000,3000
2015-09-14 10:59:59,858.0000,858.9000,858.0000,858.9000,4500
2015-09-14 11:00:59,857.8500,858.6000,857.5000,858.3000,6900
2015-09-14 11:01:59,858.0000,858.3500,857.5000,857.9500,9200
2015-09-14 11:02:59,858.2000,858.2500,858.0000,858.0000,5800
2015-09-14 11:03:59,858.2500,858.2500,858.0000,858.0000,7100
2015-09-14 11:04:59,858.0000,858.5000,858.0000,858.0000,4300
2015-09-14 11:05:59,858.0000,858.4000,857.9000,858.0000,11000
2015-09-14 11:06:59,858.0000,858.2000,857.6500,858.0000,10100
2015-09-14 11:07:00,858.2500,858.3000,857.3000,858.0000,11000
2015-09-14 11:08:59,858.2000,858.2500,857.4000,858.2500,8000
2015-09-14 11:09:59,858.0000,858.2000,857.5500,857.6000,4300
2015-09-14 11:10:59,858.0500,858.2000,858.0000,858.0000,3300
2015-09-14 11:11:59,857.8500,858.4000,857.4000,858.2000,6000
2015-09-14 11:12:59,858.0000,858.2000,856.0000,857.7500,12200
2015-09-14 11:13:59,858.2500,858.2500,857.4000,858.0000,3400
2015-09-14 11:14:59,858.0000,858.6000,858.0000,858.2500,4100
2015-09-14 11:15:59,858.6500,858.7000,858.0000,858.0000,2400
2015-09-14 11:16:59,858.3000,858.9500,858.2500,858.6500,3300
2015-09-14 11:17:59,858.3500,858.9000,858.2000,858.8000,3100
2015-09-14 11:18:59,858.6500,858.9500,858.3500,858.3500,6700
2015-09-14 11:19:00,858.1000,858.7500,858.0000,858.6500,3200
2015-09-14 11:20:59,858.0500,858.3500,858.0000,858.1000,5700
2015-09-14 11:21:59,858.0000,858.3000,857.6000,858.3000,7300
2015-09-14 11:22:59,858.0000,858.1500,857.6000,858.0000,19200
2015-09-14 11:23:59,858.0500,858.2500,857.9500,858.0000,12500
2015-09-14 11:24:59,858.2000,858.2500,857.3500,858.0000,12700
2015-09-14 11:25:59,858.2000,858.3000,858.0000,858.0000,3800
2015-09-14 11:26:59,858.1500,858.2000,857.6000,858.1000,14100
2015-09-14 11:27:59,856.7500,858.0000,856.6500,858.0000,4100
2015-09-14 11:28:59,856.2500,856.7500,856.2000,856.7500,6500
2015-09-14 11:29:59,854.6000,856.3000,854.6000,856.3000,9900
2015-09-14 11:30:59,853.8000,855.0000,853.2000,855.0000,16000
2015-09-14 11:31:59,853.5000,853.8500,853.4500,853.8500,5700
2015-09-14 11:32:59,853.6500,854.1500,853.4500,853.5000,6100
2015-09-14 11:33:59,853.0000,853.4500,852.5000,853.4500,8800
2015-09-14 11:34:59,853.0500,853.3500,852.7000,853.0000,5300
2015-09-14 11:35:59,853.6500,853.7000,853.0000,853.1000,4400
2015-09-14 11:36:59,853.4000,853.6500,853.0000,853.6500,2900
2015-09-14 11:37:59,852.5500,853.5000,851.8500,853.5000,7400
2015-09-14 11:38:59,851.1000,852.7500,851.1000,852.5500,5000
2015-09-14 11:39:59,851.6000,852.4000,851.0000,851.0500,4600
2015-09-14 11:40:59,851.5000,852.0000,851.5000,851.6000,4100
2015-09-14 11:41:59,851.8000,852.0000,851.4000,851.5000,2800
2015-09-14 11:42:59,851.5000,852.0000,851.4000,851.8000,9300
2015-09-14 11:43:59,851.0500,851.5000,850.5000,851.5000,9500
2015-09-14 11:44:59,851.6500,851.9000,851.0500,851.0500,3600
2015-09-14 11:45:59,852.2500,852.5000,851.6500,851.6500,4000
2015-09-14 11:46:59,852.6500,852.8000,851.6500,851.9500,2700
2015-09-14 11:47:59,852.5000,852.8000,852.4000,852.6500,2200
2015-09-14 11:48:00,852.5500,852.7000,852.4000,852.5000,1400
2015-09-14 11:49:59,851.2000,852.4000,851.2000,852.4000,6900
2015-09-14 11:50:59,850.5000,851.2000,850.5000,851.0000,3500
2015-09-14 11:51:59,850.0500,851.0000,850.0000,851.0000,10200
2015-09-14 11:52:59,850.4000,850.5500,850.0000,850.0500,2200
2015-09-14 11:53:59,850.1000,850.5500,850.0500,850.0500,1800
2015-09-14 11:54:59,850.4000,850.6000,850.1000,850.1000,1800
2015-09-14 11:55:59,851.4000,851.5000,850.4000,850.4000,5500
2015-09-14 11:56:59,851.5500,851.8000,851.0500,851.4000,1900
2015-09-14 11:57:58,851.9000,851.9000,851.5000,851.5000,2000
2015-09-14 11:58:59,851.5500,852.0500,851.5500,851.8000,2100
2015-09-14 11:59:00,851.8000,851.9000,851.5500,851.5500,800
2015-09-14 12:00:59,852.5000,852.5000,851.8000,851.8500,3100
2015-09-14 12:01:59,852.0000,852.5000,852.0000,852.2000,1900
2015-09-14 12:02:59,852.7500,852.8000,852.0000,852.0000,2900
2015-09-14 12:03:59,852.2500,852.9000,852.1000,852.7000,3300
2015-09-14 12:04:59,852.4500,852.5500,852.2500,852.5000,1500
2015-09-14 12:05:59,852.7000,852.7000,852.4000,852.4500,1800
2015-09-14 12:06:59,853.0000,853.4000,852.6000,852.7000,5400
2015-09-14 12:07:59,852.7500,853.1000,852.6500,852.8500,2800
2015-09-14 12:08:59,852.4000,853.0000,852.4000,852.7500,7800
2015-09-14 12:09:59,851.8500,852.4000,851.7000,852.4000,3900
2015-09-14 12:10:59,851.8500,852.0000,851.8500,852.0000,300
2015-09-14 12:11:59,850.0500,852.0000,850.0500,851.9000,9100
2015-09-14 12:12:59,850.2000,850.6000,850.0000,850.0500,6100
2015-09-14 12:13:59,850.3500,850.8000,850.0000,850.2000,2900
2015-09-14 12:14:59,850.1500,850.3000,850.0000,850.2500,2700
2015-09-14 12:15:59,849.8500,850.1500,849.7000,850.1500,8300
2015-09-14 12:16:59,850.0000,850.0000,849.8000,849.8000,2100
2015-09-14 12:17:59,850.7500,851.3500,849.9000,849.9000,4800
2015-09-14 12:18:59,850.9000,851.0000,850.0000,851.0000,2800
2015-09-14 12:19:59,850.3000,850.7500,849.9000,850.7000,3600
2015-09-14 12:20:59,851.3500,851.5000,850.3000,850.3000,2000
2015-09-14 12:21:59,851.9000,851.9000,851.3500,851.3500,1200
2015-09-14 12:22:59,851.4000,851.9000,851.0000,851.8500,2900
2015-09-14 12:23:59,851.5500,851.5500,851.0000,851.0000,1700
2015-09-14 12:24:59,851.3000,851.6500,851.0000,851.5000,2100
2015-09-14 12:25:59,851.0000,851.3500,851.0000,851.3000,1000
2015-09-14 12:26:59,851.5000,851.5000,851.0000,851.0000,2000
2015-09-14 12:27:59,851.5500,851.7000,851.4000,851.4000,2000
2015-09-14 12:28:59,851.5500,851.7000,851.5000,851.7000,1600
2015-09-14 12:29:01,851.2500,851.6500,850.4000,851.6500,14100
2015-09-14 12:30:59,851.5500,852.0000,851.0500,851.0500,4900
2015-09-14 12:31:01,852.3500,852.4500,851.5500,851.9000,4400
2015-09-14 12:32:01,851.5500,852.0500,851.3500,852.0500,3600
2015-09-14 12:33:01,851.4500,851.5500,851.0000,851.3500,2400
2015-09-14 12:34:59,851.2000,851.4500,851.0000,851.2000,3400
2015-09-14 12:35:59,850.6500,851.4000,850.6500,851.2000,7800
2015-09-14 12:36:59,851.0500,851.1000,850.9000,850.9000,2400
2015-09-14 12:37:00,851.1000,851.1500,850.8000,851.0000,7200
2015-09-14 12:38:59,851.1500,851.5000,850.5500,851.0000,5400
2015-09-14 12:39:59,851.1500,851.2500,851.0000,851.1500,2600
2015-09-14 12:40:00,850.9000,851.2500,850.5000,851.1000,9600
2015-09-14 12:41:59,851.5000,851.5000,850.5500,850.5500,6700
2015-09-14 12:42:59,852.4500,852.4500,851.3000,851.3000,2200
2015-09-14 12:43:59,852.7500,852.7500,852.0500,852.0500,2200
2015-09-14 12:44:59,852.7000,852.7500,852.2000,852.7500,2400
2015-09-14 12:45:03,852.4000,852.7500,852.3000,852.7000,2900
2015-09-14 12:46:01,852.7500,852.7500,852.3000,852.3000,900
2015-09-14 12:47:59,853.1500,853.1500,852.4000,852.4000,3400
2015-09-14 12:48:59,853.0500,853.5000,852.7500,853.0000,5500
2015-09-14 12:49:59,853.1000,853.6000,853.0500,853.0500,2800
2015-09-14 12:50:59,853.0500,853.5000,852.5500,853.5000,3800
2015-09-14 12:51:00,853.2000,853.5000,852.9000,853.1500,3600
2015-09-14 12:52:59,852.0000,853.0000,852.0000,852.9000,7300
2015-09-14 12:53:59,851.0000,852.2000,851.0000,852.1000,5900
2015-09-14 12:54:59,852.0000,852.3000,851.0000,851.5000,11700
2015-09-14 12:55:59,851.9500,852.0500,851.7500,852.0000,9100
2015-09-14 12:56:59,852.8000,853.0000,851.9500,852.0500,6200
2015-09-14 12:57:59,852.9000,853.0000,852.6000,852.8000,1800
2015-09-14 12:58:59,853.2000,853.2000,852.7500,853.0000,7200
2015-09-14 12:59:59,852.6000,853.0000,852.4000,853.0000,5900
2015-09-14 13:00:59,852.8500,853.0000,852.0000,853.0000,4400
2015-09-14 13:01:00,852.7000,852.8500,852.5000,852.5000,1100
2015-09-14 13:02:59,852.8500,852.8500,852.3000,852.6500,4800
2015-09-14 13:03:00,853.0000,853.2000,852.6000,852.6000,3500
2015-09-14 13:04:01,852.9500,853.5000,852.9000,852.9000,5000
2015-09-14 13:05:59,853.4000,853.5000,852.7000,852.9500,3600
2015-09-14 13:06:59,853.5000,853.7500,853.0500,853.4000,4200
2015-09-14 13:07:59,853.3500,853.6000,852.7000,853.1500,5300
2015-09-14 13:08:59,853.6500,853.7000,853.2500,853.3500,1800
2015-09-14 13:09:01,854.1000,854.2500,853.4500,853.4500,7000
2015-09-14 13:10:59,854.8000,854.8000,854.0000,854.0000,6400
2015-09-14 13:11:59,854.5000,854.8000,854.3000,854.7500,4100
2015-09-14 13:12:59,854.8000,855.0000,854.3500,854.5000,5700
2015-09-14 13:13:59,855.5500,855.6500,854.3500,854.3500,5700
2015-09-14 13:14:59,856.0000,856.0000,854.8500,855.5000,9200
2015-09-14 13:15:00,855.5500,856.0000,855.2500,855.6000,6700
2015-09-14 13:16:59,855.2500,855.5500,855.2000,855.3500,3200
2015-09-14 13:17:59,854.7500,855.3000,854.5000,855.2000,6400
2015-09-14 13:18:59,853.5000,854.7500,853.0500,854.7500,12100
2015-09-14 13:19:59,853.7000,854.2500,853.1000,853.1000,10300
2015-09-14 13:20:59,853.7500,853.7500,852.9500,853.7000,6700
2015-09-14 13:21:59,854.7500,854.7500,853.9000,853.9000,2900
2015-09-14 13:22:59,854.7000,855.4000,854.5000,854.8500,2900
2015-09-14 13:23:59,855.3500,855.3500,854.5500,854.5500,3300
2015-09-14 13:24:59,854.6500,855.3500,854.2000,855.3500,2500
2015-09-14 13:25:59,855.3000,855.3000,854.2000,854.2000,2900
2015-09-14 13:26:00,854.9500,855.3000,854.7000,855.2000,3100
2015-09-14 13:27:59,855.0000,855.1000,854.9000,854.9000,2100
2015-09-14 13:28:59,855.0500,855.2000,854.4000,855.1000,6000
2015-09-14 13:29:59,854.9500,855.0500,854.5000,855.0000,3000
2015-09-14 13:30:58,855.0500,855.2000,854.7000,854.9500,4800
2015-09-14 13:31:00,855.3000,855.3000,855.0500,855.1500,2100
2015-09-14 13:32:59,855.4000,855.6500,854.7500,855.0500,3200
2015-09-14 13:33:58,855.5000,855.8500,854.7500,854.7500,4600
2015-09-14 13:34:00,854.8000,855.6000,854.8000,855.6000,9000
2015-09-14 13:35:59,854.9000,854.9000,854.0000,854.7500,2300
2015-09-14 13:36:59,854.7000,855.0000,854.6500,854.9500,3800
2015-09-14 13:37:00,854.7000,854.7000,854.0500,854.6500,1800
2015-09-14 13:38:59,854.4000,854.9000,854.1500,854.4000,3400
2015-09-14 13:39:59,853.8000,854.9000,853.5000,854.4000,3100
2015-09-14 13:40:59,854.0500,854.3000,853.6000,854.0000,6600
2015-09-14 13:41:59,853.3500,854.2500,853.1000,854.2500,3100
2015-09-14 13:42:00,853.5000,853.8000,853.0000,853.7500,4800
2015-09-14 13:43:59,853.2500,853.5000,853.1500,853.2500,1200
2015-09-14 13:44:00,854.0000,854.0000,853.2500,853.5000,1000
2015-09-14 13:45:59,854.0000,854.1000,853.5500,854.0000,2900
2015-09-14 13:46:59,854.0000,854.0500,853.8000,854.0500,1900
2015-09-14 13:47:00,853.5500,853.9000,853.3500,853.9000,1400
2015-09-14 13:48:59,853.5500,853.6500,853.3500,853.3500,1000
2015-09-14 13:49:00,853.9000,853.9000,853.5000,853.5500,1200
2015-09-14 13:50:59,853.3500,854.0000,853.1500,853.8500,3300
2015-09-14 13:51:59,853.4500,853.6500,853.0500,853.3500,1800
2015-09-14 13:52:59,853.3000,853.3000,853.0000,853.0000,1700
2015-09-14 13:53:59,853.9500,853.9500,853.3000,853.3000,1200
2015-09-14 13:54:59,853.4000,853.9500,853.3000,853.8000,2600
2015-09-14 13:55:00,853.6500,853.6500,853.0000,853.3500,6300
2015-09-14 13:56:01,852.6500,853.5000,852.6500,853.2000,6300
2015-09-14 13:57:02,853.0000,853.1500,852.6500,852.6500,6400
2015-09-14 13:58:02,852.5000,853.2500,852.3500,853.0000,10900
2015-09-14 13:59:59,853.3500,853.3500,852.5000,852.5000,1600
2015-09-14 14:00:00,854.1000,854.2000,853.1500,853.1500,5000
2015-09-14 14:01:01,853.6500,854.1000,853.6000,854.0000,3400
2015-09-14 14:02:59,854.4500,854.4500,853.6500,853.6500,2800
2015-09-14 14:03:58,855.1000,855.1000,854.2500,854.2500,8200
2015-09-14 14:04:00,854.9000,855.2000,854.3000,855.2000,5000
2015-09-14 14:05:59,855.0000,855.0500,854.3000,854.5000,6800
2015-09-14 14:06:00,855.0000,855.0000,854.5000,854.9500,2100
2015-09-14 14:07:59,855.2500,855.2500,854.7000,854.7000,3400
2015-09-14 14:08:59,855.3000,855.5000,855.2000,855.2000,2800
2015-09-14 14:09:59,855.0000,855.3500,854.6500,855.3500,2000
2015-09-14 14:10:01,854.5000,855.0500,854.3500,855.0000,2100
2015-09-14 14:11:59,854.4000,854.5000,854.3000,854.4000,2400
2015-09-14 14:12:59,853.0000,854.4000,852.8500,854.3500,10500
2015-09-14 14:13:00,853.8000,853.8500,853.0000,853.0000,3700
2015-09-14 14:14:59,854.3000,854.3500,853.7500,853.8000,2300
2015-09-14 14:15:59,853.7500,854.0000,853.3000,854.0000,2600
2015-09-14 14:16:59,853.7000,854.4000,853.5000,853.7000,2400
2015-09-14 14:17:00,853.7000,853.9000,853.6500,853.7500,2000
2015-09-14 14:18:01,853.8000,853.8500,853.5500,853.6500,2300
2015-09-14 14:19:59,854.0000,854.0000,853.5500,853.7500,5400
2015-09-14 14:20:00,853.2500,854.0000,853.2500,854.0000,2200
2015-09-14 14:21:58,853.3500,853.6500,853.2500,853.2500,1000
2015-09-14 14:22:00,853.9500,853.9500,853.3500,853.6000,1000
2015-09-14 14:23:59,854.2500,854.2500,853.9000,853.9000,3800
2015-09-14 14:24:59,854.0000,854.5000,853.9500,854.2000,1200
2015-09-14 14:25:59,854.1500,854.2000,854.0000,854.0000,1100
2015-09-14 14:26:59,854.4500,854.5000,854.1000,854.1500,2100
2015-09-14 14:27:59,854.9500,854.9500,854.1500,854.5000,2300
2015-09-14 14:28:59,854.7500,855.0000,854.3000,855.0000,3500
2015-09-14 14:29:59,854.8500,854.8500,854.6000,854.6000,1500
2015-09-14 14:30:59,854.1500,855.0000,854.0000,854.8000,7900
2015-09-14 14:31:59,854.7000,854.7500,854.1500,854.1500,2000
2015-09-14 14:32:59,855.0500,855.1000,854.7000,854.7000,1600
2015-09-14 14:33:59,855.7000,855.7500,855.0500,855.1000,4800
2015-09-14 14:34:59,855.8000,855.9000,855.1000,855.7500,5000
2015-09-14 14:35:00,855.7000,855.9000,855.3500,855.8000,1800
2015-09-14 14:36:59,855.6500,855.8000,855.2500,855.7000,5300
2015-09-14 14:37:59,856.3000,856.4000,855.1500,855.7000,8900
2015-09-14 14:38:59,855.5000,856.4000,854.7000,856.3500,7700
2015-09-14 14:39:00,854.7000,855.3000,854.0000,855.3000,6300
2015-09-14 14:40:01,854.4500,854.8500,854.0000,854.7000,4000
2015-09-14 14:41:59,854.3000,855.0000,854.1000,854.1000,3300
2015-09-14 14:42:59,854.6000,854.8000,854.1000,854.2500,3800
2015-09-14 14:43:59,854.8500,854.9000,854.0000,854.9000,3200
2015-09-14 14:44:59,856.0000,856.0000,854.6500,854.8000,3800
2015-09-14 14:45:59,856.8000,856.8000,855.9500,855.9500,10300
2015-09-14 14:46:59,857.5000,857.5000,856.5000,856.8000,11800
2015-09-14 14:47:59,855.8000,857.4500,855.0000,857.1000,9300
2015-09-14 14:48:59,856.9500,857.3500,855.5000,855.5000,7900
2015-09-14 14:49:59,857.7000,857.7000,856.6000,857.0000,6700
2015-09-14 14:50:59,857.0000,857.8500,856.5000,857.6500,13700
2015-09-14 14:51:59,856.5500,857.0000,856.1500,857.0000,5000
2015-09-14 14:52:00,856.9500,857.4000,856.5500,856.5500,2900
2015-09-14 14:53:59,856.7500,856.9500,856.6000,856.8500,2800
2015-09-14 14:54:59,857.2500,857.2500,856.3000,856.6000,4100
2015-09-14 14:55:59,856.5000,857.4000,856.1500,857.2000,2700
2015-09-14 14:56:00,856.5000,856.9000,856.1000,856.1500,5300
2015-09-14 14:57:59,856.9000,857.0000,856.1500,856.5500,4100
2015-09-14 14:58:59,856.6500,856.9000,856.5500,856.5500,1500
2015-09-14 14:59:00,856.1500,857.5000,856.1500,856.7500,21600
2015-09-14 15:00:00,856.5000,856.7500,856.1500,856.1500,10900
2015-09-14 15:01:01,856.8000,856.9000,856.2000,856.2000,8700
2015-09-14 15:02:00,857.3500,857.7000,856.8000,856.8000,10400
2015-09-14 15:03:59,856.5000,857.5000,854.5000,857.4500,23900
2015-09-14 15:04:59,856.1000,856.3000,855.9000,855.9500,13500
2015-09-14 15:05:59,855.2000,856.3000,855.0000,856.1000,12600
2015-09-14 15:06:59,855.8000,856.0000,854.5000,854.5000,14000
2015-09-14 15:07:00,856.9500,856.9500,855.6000,856.0500,8900
2015-09-14 15:08:00,857.2500,857.3000,856.7500,856.7500,18300
2015-09-14 15:09:01,857.4000,857.9500,857.2500,857.2500,18000
2015-09-14 15:10:59,857.9500,857.9500,857.3500,857.3500,10900
2015-09-14 15:11:00,857.2500,858.0500,856.6000,857.9500,24600
2015-09-14 15:12:59,856.8000,857.4000,856.6000,857.2500,13600
2015-09-14 15:13:59,856.9000,856.9500,856.8000,856.8500,14600
2015-09-14 15:14:59,857.4500,857.5500,856.9000,856.9500,10200
2015-09-14 15:15:59,857.0000,857.6500,855.9000,857.5000,26100
2015-09-14 15:16:59,857.3000,857.3000,856.1500,856.1500,18300
2015-09-14 15:17:59,858.6000,858.6000,857.2500,857.2500,20500
2015-09-14 15:18:59,857.6000,858.6000,857.0000,858.3500,15800
2015-09-14 15:19:59,856.5000,857.5500,856.0000,857.5500,14900
2015-09-14 15:20:59,856.8000,856.9500,856.0000,856.0000,14400
2015-09-14 15:21:59,857.0000,857.3000,856.8500,856.8500,19200
2015-09-14 15:22:59,857.3000,857.3000,857.0000,857.0000,12200
2015-09-14 15:23:59,857.7500,857.9500,857.2000,857.2000,18900
2015-09-14 15:24:59,858.0000,858.0000,857.3500,857.7500,13300
2015-09-14 15:25:00,857.8500,858.0000,857.8000,858.0000,17700
2015-09-14 15:26:59,857.0000,857.4000,856.9500,857.3000,18000
2015-09-14 15:27:59,856.8000,857.1000,856.0000,856.9000,16800
2015-09-14 15:28:59,856.0000,856.9500,856.0000,856.8000,8400
2015-09-14 15:29:59,857.0500,857.0500,856.0000,856.4500,9300
2015-09-14 15:30:00,856.9000,856.9000,856.9000,856.9000,0
2015-09-15 09:15:59,859.7000,860.0000,855.1000,857.1500,37400
2015-09-15 09:16:59,864.4000,865.3500,859.7000,859.7000,51100
2015-09-15 09:17:59,862.1500,864.1000,861.3500,864.1000,30300
2015-09-15 09:18:59,863.3000,863.9000,862.0000,862.5500,13800
2015-09-15 09:19:59,862.0000,863.5500,862.0000,863.3000,7000
2015-09-15 09:20:59,861.2500,862.5000,860.2000,862.1000,6600
2015-09-15 09:21:59,862.0000,862.4000,860.7000,861.0000,5400
2015-09-15 09:22:59,864.2000,864.2000,862.0000,862.4500,9600
2015-09-15 09:23:00,864.0000,864.5000,863.5000,864.2000,10600
2015-09-15 09:24:59,864.1500,864.1500,862.2500,863.8000,16400
2015-09-15 09:25:59,863.1500,864.1500,862.8000,863.5000,7900
2015-09-15 09:26:00,862.7000,863.4500,862.5000,863.0000,3200
2015-09-15 09:27:01,861.8000,863.0000,861.0000,863.0000,6300
2015-09-15 09:28:59,863.7000,863.7000,861.6500,861.8000,2700
2015-09-15 09:29:59,863.8500,864.2500,863.0000,863.6500,7100
2015-09-15 09:30:59,864.4000,864.5000,863.1500,863.6500,3700
2015-09-15 09:31:59,864.6500,864.9000,863.8000,864.5000,6900
2015-09-15 09:32:00,863.6000,864.7000,863.0500,864.5500,5900
2015-09-15 09:33:59,863.7500,863.9500,863.0500,863.6000,2800
2015-09-15 09:34:59,863.0000,863.8500,863.0000,863.8000,4500
2015-09-15 09:35:59,863.5000,863.5000,863.0000,863.2500,1400
2015-09-15 09:36:59,863.1000,863.5500,862.8000,863.5000,3000
2015-09-15 09:37:59,862.7000,863.4000,862.5500,862.6000,4100
2015-09-15 09:38:59,863.0000,863.5000,862.5000,863.0000,3300
2015-09-15 09:39:59,862.3500,863.3000,862.0000,863.0000,3100
2015-09-15 09:40:59,861.2500,862.6500,861.2000,862.3500,2700
2015-09-15 09:41:59,860.8500,861.4000,860.1500,861.2500,7500
2015-09-15 09:42:59,860.0000,860.5500,859.0000,860.5500,13800
2015-09-15 09:43:59,861.5000,861.6500,859.5000,859.7500,3900
2015-09-15 09:44:58,861.7000,862.3500,861.0000,861.0000,4200
2015-09-15 09:45:00,861.7500,862.1500,859.5000,861.1000,6500
2015-09-15 09:46:59,861.1500,862.1500,861.0000,862.0500,3900
2015-09-15 09:47:00,860.8500,861.5000,860.3500,861.2000,3200
2015-09-15 09:48:58,861.9000,862.0000,860.4000,860.8500,3400
2015-09-15 09:49:59,861.3000,862.0000,861.2000,861.9000,1800
2015-09-15 09:50:59,861.9500,862.0000,861.4000,861.4500,1200
2015-09-15 09:51:59,862.1000,862.1000,861.8500,862.0000,2600
2015-09-15 09:52:00,861.5500,862.1500,861.0000,862.1000,1900
2015-09-15 09:53:59,861.1000,862.0000,860.9000,861.7500,1500
2015-09-15 09:54:00,861.4000,861.9500,860.8000,861.5000,1400
2015-09-15 09:55:59,860.8000,861.4500,860.7500,861.0000,1800
2015-09-15 09:56:00,860.8500,861.3000,860.7500,861.3000,2200
2015-09-15 09:57:59,860.8500,861.2000,860.8000,861.0000,1700
2015-09-15 09:58:59,860.4000,861.0000,859.5500,860.7500,3500
2015-09-15 09:59:59,859.5000,860.3000,859.0000,860.1000,6200
2015-09-15 10:00:59,861.5000,861.5000,859.5500,860.1500,2100
2015-09-15 10:01:59,860.0000,862.0000,860.0000,861.6000,7700
2015-09-15 10:02:59,859.8000,860.0000,859.4000,859.8500,1900
2015-09-15 10:03:00,859.8000,860.0000,859.1500,860.0000,900
2015-09-15 10:04:01,860.0500,860.5000,859.8500,859.8500,4900
2015-09-15 10:05:58,860.4500,860.9000,860.0000,860.3500,2200
2015-09-15 10:06:59,860.8500,861.6000,860.0000,860.4500,3900
2015-09-15 10:07:59,860.7500,861.0500,860.4500,860.7500,2000
2015-09-15 10:08:59,860.5000,860.7500,860.0500,860.7500,4000
2015-09-15 10:09:59,859.9000,860.5000,859.6500,860.5000,2400
2015-09-15 10:10:59,859.3500,859.9500,859.1500,859.8000,2300
2015-09-15 10:11:59,859.0000,859.9000,858.9500,859.4500,5800
2015-09-15 10:12:59,859.0000,859.0000,858.9000,859.0000,3700
2015-09-15 10:13:59,860.4000,861.0000,859.0000,859.0000,3000
2015-09-15 10:14:59,860.5000,860.6000,859.5000,860.5000,2400
2015-09-15 10:15:59,860.0000,860.9500,859.7000,860.4500,3300
2015-09-15 10:16:59,860.0000,860.0000,859.2000,860.0000,5600
2015-09-15 10:17:58,859.9000,860.0000,859.8000,859.9000,5500
2015-09-15 10:18:59,860.0000,860.0000,859.8000,859.9500,3200
2015-09-15 10:19:59,860.0000,860.0000,859.5500,860.0000,4100
2015-09-15 10:20:59,859.8500,860.0000,859.8000,860.0000,2900
2015-09-15 10:21:58,859.9500,859.9500,859.8000,859.9000,5200
2015-09-15 10:22:59,859.9500,859.9500,859.5000,859.9500,1700
2015-09-15 10:23:59,859.9000,859.9500,859.6500,859.7000,1600
2015-09-15 10:24:59,860.7500,860.7500,859.6000,859.9500,7800
2015-09-15 10:25:59,860.0000,860.6500,859.6500,860.6500,3400
2015-09-15 10:26:59,859.6000,859.9500,859.6000,859.9500,3800
2015-09-15 10:27:59,858.4500,859.6000,858.0000,859.6000,7200
2015-09-15 10:28:59,859.7000,859.8000,858.3500,858.4000,7000
2015-09-15 10:29:59,860.9000,860.9500,859.8500,860.2500,7600
2015-09-15 10:30:59,861.2000,862.0000,861.0500,861.2500,9900
2015-09-15 10:31:59,860.4000,861.2000,860.4000,861.2000,7100
2015-09-15 10:32:59,861.9000,861.9500,860.1000,860.6500,6600
2015-09-15 10:33:59,863.0000,863.0000,861.9000,861.9500,5800
2015-09-15 10:34:59,862.4500,863.5000,861.9000,862.9500,9500
2015-09-15 10:35:58,863.0500,863.7000,862.4000,862.4500,11200
2015-09-15 10:36:59,862.9000,863.6000,862.5000,863.0500,13400
2015-09-15 10:37:59,863.0000,863.0000,862.4500,863.0000,4500
2015-09-15 10:38:59,862.9000,863.0000,862.4500,862.9500,3400
2015-09-15 10:39:59,863.2000,863.5000,862.8500,862.9000,8100
2015-09-15 10:40:59,863.4500,863.5000,863.0000,863.2000,4100
2015-09-15 10:41:59,863.7000,863.7000,863.3500,863.3500,2300
2015-09-15 10:42:59,863.1500,863.8000,863.1500,863.6500,2600
2015-09-15 10:43:59,863.2500,863.3500,862.9500,863.3500,7900
2015-09-15 10:44:59,863.7500,863.7500,863.2500,863.3500,2600
2015-09-15 10:45:59,863.9500,864.0000,863.5000,863.7000,12400
2015-09-15 10:46:59,864.0500,864.3000,863.9000,863.9500,4800
2015-09-15 10:47:59,864.1000,864.5000,863.8500,864.0500,2800
2015-09-15 10:48:59,864.1000,864.2500,864.0000,864.1000,3600
2015-09-15 10:49:59,864.0000,864.1000,863.5500,864.0000,3100
2015-09-15 10:50:59,863.9500,864.0500,863.9500,864.0000,4100
2015-09-15 10:51:59,863.9500,864.0500,863.9500,864.0000,1800
2015-09-15 10:52:59,864.0000,864.5000,863.8500,864.0000,6500
2015-09-15 10:53:59,864.5000,864.5000,864.0500,864.3000,2400
2015-09-15 10:54:59,864.5500,864.6000,864.4000,864.4000,2500
2015-09-15 10:55:59,865.0000,865.0000,864.1000,864.5000,6100
2015-09-15 10:56:59,865.2000,866.0000,864.6000,864.8000,34300
2015-09-15 10:57:59,866.0000,866.5000,865.2500,865.2500,16000
2015-09-15 10:58:59,866.2500,866.2500,865.5500,865.5500,3500
2015-09-15 10:59:59,866.0000,866.2500,865.3000,866.1500,5100
2015-09-15 11:00:59,867.1500,867.7000,865.7000,866.0000,19900
2015-09-15 11:01:59,866.8000,867.5000,866.6000,867.1000,10100
2015-09-15 11:02:59,868.0000,868.4500,866.7000,866.7000,24500
2015-09-15 11:03:59,867.8500,869.0000,867.6000,867.9500,12100
2015-09-15 11:04:59,867.4000,868.0000,867.0500,868.0000,16200
2015-09-15 11:05:59,867.0000,867.5000,867.0000,867.4000,6700
2015-09-15 11:06:59,866.9000,867.4500,866.4500,867.2500,7500
2015-09-15 11:07:59,866.9000,867.0000,866.2000,867.0000,8300
2015-09-15 11:08:59,866.7000,866.9000,865.7000,866.6500,33100
2015-09-15 11:09:59,867.0000,867.4000,865.9500,866.6000,34700
2015-09-15 11:10:59,867.1500,867.2500,867.0000,867.0000,2800
2015-09-15 11:11:58,867.0500,867.2000,867.0000,867.2000,4200
2015-09-15 11:12:59,867.4000,867.5000,866.8500,867.0500,13400
2015-09-15 11:13:59,868.2000,868.2000,867.0000,867.4000,7800
2015-09-15 11:14:59,868.1500,868.2000,867.7000,868.2000,6000
2015-09-15 11:15:59,868.1500,868.9000,868.0000,868.5000,7900
2015-09-15 11:16:59,867.9000,868.2500,867.7500,868.2000,7300
2015-09-15 11:17:59,867.4000,867.9500,867.0500,867.9500,4500
2015-09-15 11:18:59,867.8000,868.0000,867.2500,867.4000,5100
2015-09-15 11:19:59,868.0000,868.0000,867.8000,867.8000,4200
2015-09-15 11:20:59,867.5500,868.3000,867.1000,867.9500,11800
2015-09-15 11:21:59,867.6000,868.4500,867.0000,867.6500,7300
2015-09-15 11:22:58,867.5000,867.9500,867.3000,867.6500,4800
2015-09-15 11:23:59,867.6500,867.7500,867.1000,867.5500,5300
2015-09-15 11:24:59,867.6500,867.7500,867.2000,867.6500,4100
2015-09-15 11:25:59,867.4500,867.8000,867.0000,867.5500,6300
2015-09-15 11:26:59,867.3500,867.7500,867.1500,867.3000,6500
2015-09-15 11:27:59,867.5500,867.6000,867.2500,867.2500,4800
2015-09-15 11:28:59,867.7000,867.8000,867.3500,867.5000,3400
2015-09-15 11:29:59,867.7500,867.8000,867.6500,867.8000,3600
2015-09-15 11:30:58,867.4500,867.7500,867.2500,867.7500,4300
2015-09-15 11:31:58,867.6500,868.0000,867.1000,867.5500,5500
2015-09-15 11:32:59,867.7500,867.9000,867.1000,867.6500,4100
2015-09-15 11:33:59,867.6500,867.9000,867.5500,867.5500,3100
2015-09-15 11:34:59,867.3500,867.8500,867.1000,867.6500,4300
2015-09-15 11:35:59,868.1000,868.1000,867.3500,867.7500,4800
2015-09-15 11:36:59,867.8500,868.3000,867.2000,868.1000,13500
2015-09-15 11:37:59,867.7500,868.0000,867.4000,868.0000,3300
2015-09-15 11:38:59,867.8500,867.8500,867.7000,867.7500,2900
2015-09-15 11:39:59,867.4500,867.8500,866.8500,867.8000,12200
2015-09-15 11:40:59,867.5500,867.8500,866.6500,866.9500,21600
2015-09-15 11:41:59,867.2500,867.7000,866.5500,867.1500,31000
2015-09-15 11:42:59,867.8500,867.8500,867.0500,867.4500,8600
2015-09-15 11:43:59,868.3000,868.4500,867.7500,867.8000,10500
2015-09-15 11:44:59,868.2500,868.4000,868.0000,868.3000,11100
2015-09-15 11:45:59,868.4000,868.4000,867.7500,868.2000,16300
2015-09-15 11:46:59,868.8000,868.9500,867.6500,868.4000,17200
2015-09-15 11:47:59,868.5500,869.5000,868.5500,868.8000,27100
2015-09-15 11:48:59,868.6500,869.0000,868.1500,868.6500,9900
2015-09-15 11:49:59,868.9000,868.9500,868.5500,868.5500,3500
2015-09-15 11:50:59,868.5000,868.9500,868.4000,868.9000,5700
2015-09-15 11:51:58,868.5000,868.7500,868.3000,868.5000,5500
2015-09-15 11:52:59,868.0000,868.7000,868.0000,868.4000,7000
2015-09-15 11:53:59,868.3500,868.7000,868.0000,868.2000,5100
2015-09-15 11:54:59,868.8000,868.9500,868.3500,868.3500,5600
2015-09-15 11:55:59,868.7000,869.5000,868.7000,868.8500,7800
2015-09-15 11:56:59,870.3000,870.7500,868.7000,868.7000,42500
2015-09-15 11:57:59,870.6000,871.4500,869.7000,870.1000,61300
2015-09-15 11:58:59,870.5000,870.9500,870.0000,870.2000,24200
2015-09-15 11:59:59,870.0000,870.7000,870.0000,870.6500,6300
2015-09-15 12:00:00,870.1500,870.4000,870.0000,870.0000,6500
2015-09-15 12:01:59,870.1000,870.5000,870.0000,870.4000,4600
2015-09-15 12:02:59,870.4500,870.5000,870.0500,870.1000,6400
2015-09-15 12:03:59,870.3500,870.7000,870.0000,870.4500,8900
2015-09-15 12:04:59,870.5000,870.7000,870.0000,870.7000,6800
2015-09-15 12:05:59,870.5000,871.1000,870.0000,870.4500,11500
2015-09-15 12:06:59,870.0000,870.5000,869.6500,870.1500,16600
2015-09-15 12:07:59,870.1500,870.2000,869.4000,870.0000,32200
2015-09-15 12:08:00,870.1000,870.5000,870.0500,870.1000,2900
2015-09-15 12:09:59,870.0000,870.5000,869.8500,870.5000,17700
2015-09-15 12:10:59,869.5000,870.3000,869.4500,870.0000,9600
2015-09-15 12:11:59,868.5000,869.5500,868.4500,869.5000,10400
2015-09-15 12:12:59,867.3000,868.5500,867.3000,868.5000,12300
2015-09-15 12:13:59,867.0000,867.6500,866.3500,867.2000,19200
2015-09-15 12:14:59,867.4500,867.9000,866.8500,867.0000,7300
2015-09-15 12:15:59,867.0000,867.4500,866.7000,867.4500,5900
2015-09-15 12:16:59,866.6000,867.3000,866.6000,867.0000,3500
2015-09-15 12:17:59,867.2000,867.2500,866.6000,866.6000,3000
2015-09-15 12:18:00,867.3500,867.5000,867.1500,867.1500,4100
2015-09-15 12:19:59,867.4500,867.5000,867.1000,867.2500,3600
2015-09-15 12:20:59,867.3000,867.4500,867.0000,867.1000,1900
2015-09-15 12:21:00,867.4500,867.8000,867.3000,867.4500,2300
2015-09-15 12:22:01,867.9000,867.9500,867.4000,867.4000,2800
2015-09-15 12:23:01,867.5500,868.2000,867.5500,867.7000,6700
2015-09-15 12:24:59,867.7000,867.9000,867.0000,867.4000,5000
2015-09-15 12:25:00,867.9500,868.1500,867.1000,867.2000,5000
2015-09-15 12:26:59,867.0000,867.9000,867.0000,867.9000,4800
2015-09-15 12:27:59,866.6000,867.3000,866.6000,867.1000,5800
2015-09-15 12:28:59,864.3000,866.8500,863.9500,866.6000,42100
2015-09-15 12:29:59,864.4000,864.7000,864.0000,864.1500,17400
2015-09-15 12:30:59,863.5000,864.4000,863.1500,864.4000,17000
2015-09-15 12:31:01,864.4000,864.4000,863.2500,863.7000,15000
2015-09-15 12:32:59,865.8000,866.2500,864.1000,864.4000,8900
2015-09-15 12:33:59,865.9000,866.8000,865.6500,865.8000,9500
2015-09-15 12:34:59,865.9000,866.5000,865.5500,865.8500,17000
2015-09-15 12:35:59,866.0000,866.4000,865.2000,865.9000,8700
2015-09-15 12:36:59,865.4500,866.0000,865.3000,865.8500,4400
2015-09-15 12:37:59,866.2000,866.6000,865.5000,865.7500,12200
2015-09-15 12:38:59,866.4000,866.7000,865.7000,866.5000,26700
2015-09-15 12:39:59,866.0000,866.5500,865.7500,866.1000,11300
2015-09-15 12:40:59,866.8500,867.0000,865.8000,866.0000,11300
2015-09-15 12:41:59,866.1000,866.5000,866.0000,866.5000,5000
2015-09-15 12:42:59,866.4500,866.5000,866.1000,866.1000,4500
2015-09-15 12:43:59,866.0000,866.9000,866.0000,866.4500,10000
2015-09-15 12:44:59,866.0000,866.6500,865.8000,866.0000,13000
2015-09-15 12:45:59,866.1500,867.4500,866.0000,866.0000,7800
2015-09-15 12:46:59,866.8500,867.1500,866.3500,866.7500,3500
2015-09-15 12:47:59,867.5500,867.8500,866.8000,866.8500,4700
2015-09-15 12:48:59,867.4000,867.9000,866.5000,867.5500,38900
2015-09-15 12:49:59,866.5000,867.4000,865.9500,867.0000,14100
2015-09-15 12:50:59,865.7000,866.7000,865.6500,866.4000,10600
2015-09-15 12:51:59,865.5500,866.0000,865.5500,866.0000,5900
2015-09-15 12:52:58,865.7500,865.7500,865.5500,865.5500,4100
2015-09-15 12:53:58,865.8000,866.0000,865.6000,865.6000,6700
2015-09-15 12:54:59,864.7000,865.9000,864.7000,865.5500,14800
2015-09-15 12:55:59,865.3000,865.9500,864.6500,865.3500,6500
2015-09-15 12:56:59,865.6000,865.9500,865.2000,865.7500,2200
2015-09-15 12:57:59,865.6500,865.9500,865.6000,865.9500,2600
2015-09-15 12:58:59,865.8500,866.0000,865.6500,865.9000,3200
2015-09-15 12:59:58,866.0000,866.0000,865.8500,865.8500,3400
2015-09-15 13:00:59,866.4500,866.5000,865.9500,866.0000,4600
2015-09-15 13:01:59,866.7000,866.9500,866.2000,866.2000,9800
2015-09-15 13:02:59,866.0500,866.7500,866.0500,866.3000,8600
2015-09-15 13:03:59,865.7000,866.2500,865.6500,866.0000,3700
2015-09-15 13:04:59,867.0000,867.0000,865.7000,865.7000,3400
2015-09-15 13:05:59,867.1000,867.4500,866.8500,866.9500,4000
2015-09-15 13:06:59,866.5000,866.8500,866.0000,866.3500,9700
2015-09-15 13:07:59,867.0000,867.0000,866.0000,866.0000,4600
2015-09-15 13:08:59,867.0000,867.0000,866.6500,866.8000,5300
2015-09-15 13:09:59,867.8500,867.8500,867.0000,867.0000,11000
2015-09-15 13:10:59,867.5000,867.9000,867.1500,867.5000,4600
2015-09-15 13:11:59,867.4000,867.8000,867.2500,867.2500,3200
2015-09-15 13:12:59,867.8000,867.9000,867.4000,867.4000,5200
2015-09-15 13:13:59,868.7000,868.9000,867.8000,867.9000,7100
2015-09-15 13:14:59,868.4000,868.9000,867.8000,868.7000,10700
2015-09-15 13:15:59,868.3500,868.9000,868.1500,868.3500,5100
2015-09-15 13:16:59,868.9000,869.4000,868.3000,868.8000,13600
2015-09-15 13:17:59,868.0000,868.7000,868.0000,868.7000,7300
2015-09-15 13:18:59,866.7500,868.0000,866.5000,867.9500,9500
2015-09-15 13:19:59,866.7000,867.8000,866.7000,866.7500,9300
2015-09-15 13:20:59,867.4500,867.7000,866.5500,866.7000,10800
2015-09-15 13:21:59,867.6000,867.7000,867.2000,867.4500,4300
2015-09-15 13:22:59,867.9000,868.3000,867.6000,867.6000,6700
2015-09-15 13:23:59,867.3000,868.2500,867.3000,867.8000,6000
2015-09-15 13:24:59,867.6000,867.9000,867.1000,867.2500,3700
2015-09-15 13:25:59,867.6500,869.4500,867.6500,868.0000,12500
2015-09-15 13:26:59,868.2500,868.5500,868.0000,868.5000,4100
2015-09-15 13:27:59,867.6000,868.3000,867.3500,868.2500,9100
2015-09-15 13:28:59,867.7500,868.0500,867.5500,867.6000,4100
2015-09-15 13:29:59,867.7500,868.0000,867.6500,867.7000,3300
2015-09-15 13:30:59,868.2500,868.3500,867.8000,867.8000,6600
2015-09-15 13:31:59,868.0500,868.7000,868.0500,868.2000,6100
2015-09-15 13:32:59,867.8000,868.0000,867.8000,868.0000,2800
2015-09-15 13:33:59,867.4500,867.8500,867.3000,867.8500,4700
2015-09-15 13:34:00,867.8000,867.9500,867.3500,867.3500,5500
2015-09-15 13:35:59,866.8000,867.8000,866.8000,867.8000,9200
2015-09-15 13:36:59,866.0000,866.9500,866.0000,866.8500,6700
2015-09-15 13:37:59,866.2000,866.5000,866.0000,866.0000,6900
2015-09-15 13:38:59,866.8500,866.9500,866.1500,866.3000,8700
2015-09-15 13:39:59,866.7500,866.8000,866.1500,866.2000,3800
2015-09-15 13:40:59,866.9500,866.9500,866.5000,866.5000,6500
2015-09-15 13:41:59,867.2000,867.3000,866.6000,866.9500,7600
2015-09-15 13:42:59,867.2000,867.6000,866.7000,866.7000,11100
2015-09-15 13:43:58,867.3500,867.4500,867.2000,867.2000,4800
2015-09-15 13:44:59,867.0000,867.6000,867.0000,867.4000,9700
2015-09-15 13:45:00,867.3000,867.3500,867.0000,867.3500,3300
2015-09-15 13:46:01,867.2500,867.8000,867.2500,867.3000,9700
2015-09-15 13:47:59,867.7500,868.0000,867.2500,867.5000,13100
2015-09-15 13:48:59,868.2000,868.2500,867.4500,867.4500,4900
2015-09-15 13:49:00,867.5500,868.2500,867.3500,868.2500,10800
2015-09-15 13:50:59,867.9500,868.0000,867.5500,867.5500,2300
2015-09-15 13:51:59,868.0000,868.0000,867.9000,867.9000,3600
2015-09-15 13:52:59,868.1000,868.1000,867.9500,867.9500,5200
2015-09-15 13:53:59,866.8000,868.1000,866.3000,868.1000,18200
2015-09-15 13:54:59,866.2000,866.7000,866.0000,866.3500,10800
2015-09-15 13:55:59,863.5000,866.4500,863.1000,866.4500,24100
2015-09-15 13:56:59,863.5000,865.3500,863.2000,863.7000,9800
2015-09-15 13:57:59,863.9000,863.9000,863.1000,863.8000,11400
2015-09-15 13:58:59,864.6000,865.1000,863.8500,863.9000,10100
2015-09-15 13:59:59,863.3000,864.6000,862.7500,864.6000,32800
2015-09-15 14:00:59,862.1000,863.3500,861.9000,862.5500,17900
2015-09-15 14:01:59,862.8500,863.3500,861.3000,861.8500,14600
2015-09-15 14:02:59,863.4000,863.7000,862.8000,862.9500,8800
2015-09-15 14:03:59,864.9000,865.4500,863.3000,863.4000,7100
2015-09-15 14:04:59,864.6500,865.0000,864.4500,864.7500,5000
2015-09-15 14:05:59,864.8500,864.9000,864.6500,864.9000,2600
2015-09-15 14:06:59,864.9000,864.9000,864.7000,864.8000,4600
2015-09-15 14:07:59,866.0000,866.0000,864.8000,864.9000,7600
2015-09-15 14:08:59,865.5000,866.0000,863.8500,865.9500,12700
2015-09-15 14:09:59,866.9000,866.9000,864.6500,865.4500,11400
2015-09-15 14:10:59,866.0000,867.4000,866.0000,866.9500,12500
2015-09-15 14:11:59,866.0000,866.4000,865.8500,866.4000,2300
2015-09-15 14:12:59,866.8500,866.9500,865.9500,866.0000,9100
2015-09-15 14:13:59,866.3500,866.9500,865.8000,866.8500,9000
2015-09-15 14:14:00,865.4000,866.3500,865.3500,866.3000,7300
2015-09-15 14:15:59,864.4000,865.4500,864.1500,865.4000,6800
2015-09-15 14:16:59,864.6500,865.3000,864.1500,864.4500,9200
2015-09-15 14:17:59,865.8000,866.0000,864.6000,864.6500,6000
2015-09-15 14:18:59,866.2000,866.2500,865.8000,866.0000,10500
2015-09-15 14:19:59,865.0000,866.0000,864.5500,866.0000,5900
2015-09-15 14:20:59,865.5000,865.5000,864.7000,865.0000,7700
2015-09-15 14:21:59,866.2500,866.2500,865.1500,865.5000,7400
2015-09-15 14:22:59,865.4000,866.2500,865.0000,866.1000,6200
2015-09-15 14:23:59,865.6500,865.7500,865.3500,865.4000,4400
2015-09-15 14:24:00,865.0500,865.8000,865.0500,865.7500,7400
2015-09-15 14:25:00,866.0000,866.0000,864.6500,865.0000,155200
2015-09-15 14:26:59,865.9000,866.0000,865.5500,865.5500,4400
2015-09-15 14:27:58,866.3000,866.3000,865.8000,865.9000,14100
2015-09-15 14:28:59,866.2000,866.3000,866.2000,866.3000,8200
2015-09-15 14:29:59,866.0000,866.4500,865.4000,866.2000,11900
2015-09-15 14:30:59,866.0000,866.0000,865.0500,865.9000,10100
2015-09-15 14:31:59,866.0000,866.0000,865.8500,865.8500,6300
2015-09-15 14:32:00,865.8500,866.0000,865.8500,865.9500,10000
2015-09-15 14:33:59,866.4500,866.4500,865.8500,865.8500,12700
2015-09-15 14:34:59,866.8000,867.0000,866.2000,866.4500,6000
2015-09-15 14:35:58,867.0000,867.2000,866.8000,866.8000,10800
2015-09-15 14:36:59,866.5000,867.1000,865.6000,867.1000,13100
2015-09-15 14:37:00,866.8000,866.8000,866.4500,866.5000,7200
2015-09-15 14:38:59,865.9500,866.8000,865.6000,866.7500,10800
2015-09-15 14:39:59,867.0000,867.0500,865.9000,865.9500,9700
2015-09-15 14:40:59,867.2000,867.3500,866.7000,866.9500,11400
2015-09-15 14:41:58,867.0000,867.5000,867.0000,867.0000,10300
2015-09-15 14:42:59,866.6000,867.4500,866.0500,867.4500,10600
2015-09-15 14:43:59,867.4000,867.4500,866.5500,866.6000,9400
2015-09-15 14:44:59,866.5500,867.7000,866.3000,867.4000,20300
2015-09-15 14:45:59,866.6000,866.8500,865.3500,866.2500,7400
2015-09-15 14:46:59,867.2000,867.3000,866.5500,866.5500,9700
2015-09-15 14:47:59,867.0000,867.4500,866.9000,867.0500,8600
2015-09-15 14:48:59,866.3500,867.0000,865.9000,866.9500,12100
2015-09-15 14:49:59,865.5000,866.8000,865.4000,866.3500,11600
2015-09-15 14:50:59,865.2000,866.0000,864.0500,865.9500,9800
2015-09-15 14:51:59,866.3000,866.9500,865.3000,865.3000,12500
2015-09-15 14:52:59,866.5000,866.6000,865.8000,866.3000,9900
2015-09-15 14:53:59,867.0000,867.0000,866.0000,866.0000,7200
2015-09-15 14:54:59,865.9500,866.9500,865.8000,866.8500,10400
2015-09-15 14:55:00,865.8000,866.8000,865.4500,866.2000,12700
2015-09-15 14:56:59,866.5500,866.7000,865.8000,865.8000,9800
2015-09-15 14:57:00,865.7000,866.4500,865.0000,866.4500,14300
2015-09-15 14:58:01,866.0500,866.9000,865.5000,865.7000,9500
2015-09-15 14:59:01,865.8500,867.0000,865.8500,866.2500,9700
2015-09-15 15:00:59,866.5500,866.8000,865.8500,865.9000,23100
2015-09-15 15:01:59,866.5000,866.9000,866.2000,866.5500,15300
2015-09-15 15:02:59,866.4500,867.1000,865.1500,866.4500,28100
2015-09-15 15:03:59,866.6500,866.8000,866.2500,866.4500,15500
2015-09-15 15:04:59,867.5000,867.5000,866.3000,866.3000,17000
2015-09-15 15:05:59,866.7000,867.5000,866.0000,867.0500,22000
2015-09-15 15:06:59,866.8500,867.1000,866.2000,866.5000,17200
2015-09-15 15:07:59,867.0000,867.7000,866.8000,866.8000,17800
2015-09-15 15:08:59,866.5000,867.3500,866.3500,867.0000,23700
2015-09-15 15:09:59,866.6000,867.2000,866.5500,866.5500,22700
2015-09-15 15:10:59,867.0000,867.4000,866.6000,866.6000,19500
2015-09-15 15:11:59,866.1000,867.3000,866.0000,867.3000,21700
2015-09-15 15:12:59,865.3500,866.5000,865.3500,866.1500,22200
2015-09-15 15:13:59,865.8500,866.7500,865.3500,865.9500,36300
2015-09-15 15:14:59,865.9000,866.0000,865.6000,865.8500,17000
2015-09-15 15:15:59,866.3000,867.0000,865.9000,866.0000,42200
2015-09-15 15:16:58,866.3000,866.7000,866.1500,866.3000,24900
2015-09-15 15:17:59,866.5500,866.5500,866.3000,866.4000,17000
2015-09-15 15:18:59,865.5500,866.7500,865.5000,866.5500,29400
2015-09-15 15:19:59,865.9500,866.7500,865.5500,865.5500,25400
2015-09-15 15:20:59,866.4000,866.4500,866.0000,866.0000,23200
2015-09-15 15:21:59,866.6500,866.9000,866.4000,866.4000,28300
2015-09-15 15:22:00,866.6000,866.8000,866.5500,866.7000,23700
2015-09-15 15:23:59,866.8500,867.0000,866.5500,866.7000,27300
2015-09-15 15:24:00,866.7000,867.0000,866.7000,866.9500,27200
2015-09-15 15:25:59,866.9000,867.0000,866.7000,866.7000,20300
2015-09-15 15:26:00,867.1500,867.6000,866.9500,867.0000,21000
2015-09-15 15:27:59,867.1000,867.7000,867.1000,867.2500,18000
2015-09-15 15:28:00,866.6000,867.9500,866.2500,867.1000,28000
2015-09-15 15:29:59,866.6000,867.1500,866.5000,866.7000,10900
2015-09-15 15:30:00,866.7000,866.7000,866.7000,866.7000,0
