2015-09-10 09:30:43,247.5000,247.7000,247.5000,247.7000,52300
2015-09-10 09:31:00,248.3102,248.4190,247.3500,247.3500,14100
2015-09-10 09:32:04,248.5900,249.0000,247.6800,248.0700,32200
2015-09-10 09:33:03,249.1567,249.2599,248.6000,248.9484,13900
2015-09-10 09:34:00,248.8200,249.5300,248.8200,249.2800,24400
2015-09-10 09:35:59,249.4900,249.6000,248.9200,248.9200,10800
2015-09-10 09:36:01,249.0700,249.5400,248.9200,249.5400,10300
2015-09-10 09:37:00,249.4900,249.6600,249.0101,249.0500,6000
2015-09-10 09:38:01,249.7700,249.9900,249.3400,249.4100,21800
2015-09-10 09:39:53,249.4550,250.1498,249.4300,249.9800,19100
2015-09-10 09:40:00,249.5400,249.9300,249.3800,249.4420,14200
2015-09-10 09:41:49,249.7787,250.0000,249.6300,249.7177,7900
2015-09-10 09:42:04,249.1800,249.7982,249.0500,249.6880,9500
2015-09-10 09:43:04,248.7700,249.0640,248.7700,249.0640,5800
2015-09-10 09:44:01,248.0000,248.9200,247.6300,248.8400,19300
2015-09-10 09:45:00,248.0450,248.2140,247.6501,247.8900,14300
2015-09-10 09:46:59,247.4400,248.2690,247.3600,248.1400,11100
2015-09-10 09:47:01,247.1200,247.4200,246.9500,247.3050,21900
2015-09-10 09:48:00,246.3900,247.3400,246.3100,247.0600,33700
2015-09-10 09:49:00,247.2650,247.3400,246.3800,246.4100,17000
2015-09-10 09:50:01,247.5050,247.7200,246.9500,247.2300,13400
2015-09-10 09:51:49,247.5600,247.9200,247.3500,247.4100,18600
2015-09-10 09:52:51,248.3800,248.4000,247.8600,248.0000,11700
2015-09-10 09:53:01,247.3000,248.3300,247.3000,248.2300,8500
2015-09-10 09:54:59,246.6360,247.3000,246.6360,247.2900,17000
2015-09-10 09:55:02,246.9700,247.0610,246.6300,246.6300,7500
2015-09-10 09:56:11,246.9000,247.2500,246.8400,246.9700,9700
2015-09-10 09:57:00,247.0899,247.3500,246.7600,246.9100,4900
2015-09-10 09:58:06,246.9900,247.1400,246.8900,246.8900,2500
2015-09-10 09:59:04,246.2800,247.1800,246.2800,247.1750,25600
2015-09-10 10:00:52,246.9500,246.9500,246.2800,246.2900,2700
2015-09-10 10:01:00,246.7500,246.8600,246.4500,246.5500,5500
2015-09-10 10:02:03,247.5000,247.5000,246.9700,247.0000,13000
2015-09-10 10:03:01,247.0050,247.7300,246.8500,247.4600,7600
2015-09-10 10:04:01,246.8250,247.2000,246.5900,246.8500,4500
2015-09-10 10:05:12,247.1900,247.5600,247.0300,247.0300,8200
2015-09-10 10:06:03,246.9100,247.3700,246.9100,247.1700,3800
2015-09-10 10:07:03,247.1500,247.2024,246.8000,246.8000,1300
2015-09-10 10:08:04,247.3600,247.6500,247.1000,247.1700,7200
2015-09-10 10:09:26,247.2800,247.2800,246.9250,246.9250,2500
2015-09-10 10:10:58,246.7420,247.1000,246.6000,247.0000,15600
2015-09-10 10:11:01,246.6900,246.9500,246.5100,246.8500,12100
2015-09-10 10:12:57,246.6700,246.7900,246.5300,246.7200,4400
2015-09-10 10:13:01,246.8200,246.9200,246.5400,246.5400,3100
2015-09-10 10:14:09,246.6000,246.9886,246.3600,246.9886,11200
2015-09-10 10:15:59,245.8200,246.9599,245.8200,246.8050,24100
2015-09-10 10:16:54,246.2742,246.2742,245.3300,245.8400,27200
2015-09-10 10:17:53,246.3600,246.4200,245.9500,246.2023,9500
2015-09-10 10:18:59,246.4300,246.4300,245.9300,246.0700,5500
2015-09-10 10:19:08,247.0500,247.2100,246.4400,246.4600,9200
2015-09-10 10:20:56,246.5000,247.0250,246.2900,246.8850,9400
2015-09-10 10:21:03,246.1700,246.5200,246.0200,246.3000,6900
2015-09-10 10:22:01,246.4801,246.7300,246.2300,246.2300,12300
2015-09-10 10:23:01,246.8280,246.8500,246.5100,246.5100,4300
2015-09-10 10:24:59,246.7000,246.8500,246.3300,246.7500,22100
2015-09-10 10:25:01,246.5400,246.7000,246.4600,246.6000,6400
2015-09-10 10:26:15,246.5300,246.5300,246.5300,246.5300,400
2015-09-10 10:27:15,246.4900,246.6200,246.4709,246.4709,2000
2015-09-10 10:28:10,246.6203,246.8390,246.5600,246.8390,3300
2015-09-10 10:29:14,247.0200,247.0900,246.5400,246.5700,19400
2015-09-10 10:30:01,246.8600,247.2600,246.8600,247.0950,14700
2015-09-10 10:31:16,247.4400,247.5300,247.0000,247.0000,20800
2015-09-10 10:32:00,247.8100,247.8100,247.4410,247.5300,12500
2015-09-10 10:33:19,247.8700,248.0000,247.7300,247.7300,12600
2015-09-10 10:34:28,248.3800,248.4200,247.8100,247.8600,12100
2015-09-10 10:35:31,248.7400,248.7725,248.5000,248.7000,18900
2015-09-10 10:36:01,248.6000,248.8700,248.4600,248.8100,14900
2015-09-10 10:37:00,248.9100,249.0000,248.5800,248.5800,19800
2015-09-10 10:38:00,249.0595,249.2000,248.8201,248.8800,23400
2015-09-10 10:39:00,249.2609,249.4000,249.0701,249.1999,10700
2015-09-10 10:40:01,249.3494,249.4000,249.0000,249.2150,10700
2015-09-10 10:41:56,249.2400,249.2400,249.0634,249.1600,1700
2015-09-10 10:42:58,249.1100,249.3000,248.9800,249.0500,12000
2015-09-10 10:43:59,249.0200,249.3200,249.0000,249.0360,4300
2015-09-10 10:44:04,248.9000,249.0400,248.8500,249.0300,12900
2015-09-10 10:45:38,248.4700,248.7600,248.4700,248.7500,2000
2015-09-10 10:46:59,248.9700,248.9700,248.5750,248.5750,7400
2015-09-10 10:47:01,249.3700,249.3700,248.9205,248.9300,5500
2015-09-10 10:48:22,248.9197,249.1650,248.8900,249.1650,4100
2015-09-10 10:49:29,249.0400,249.0400,248.9200,248.9700,6700
2015-09-10 10:50:12,249.0700,249.2900,248.9901,249.1300,5700
2015-09-10 10:51:12,248.7900,249.1500,248.7900,248.9600,2700
2015-09-10 10:52:54,248.2600,248.7700,248.1700,248.7000,5100
2015-09-10 10:53:58,248.5700,248.6400,248.4500,248.4830,6700
2015-09-10 10:54:47,248.3300,248.4020,248.1201,248.4020,4700
2015-09-10 10:55:58,248.5550,248.7700,248.4787,248.4787,6100
2015-09-10 10:56:01,248.2140,248.6500,248.1201,248.4400,7100
2015-09-10 10:57:02,248.3800,248.3900,248.1280,248.1280,3000
2015-09-10 10:58:22,248.0474,248.3899,247.9000,248.3899,9800
2015-09-10 10:59:59,248.2900,248.2900,248.0710,248.0710,2600
2015-09-10 11:00:03,247.8000,248.2100,247.8000,248.2100,5600
2015-09-10 11:01:13,248.0600,248.2100,247.8604,247.8604,3900
2015-09-10 11:02:58,248.1300,248.2199,248.0105,248.0500,8100
2015-09-10 11:03:04,248.0940,248.3200,247.8417,248.1300,10500
2015-09-10 11:04:17,248.0068,248.0699,247.9600,248.0300,5000
2015-09-10 11:05:59,248.2200,248.2200,248.2200,248.2200,100
2015-09-10 11:06:00,248.4100,248.5500,248.3300,248.3400,7900
2015-09-10 11:07:06,248.9500,248.9500,248.4900,248.4900,3300
2015-09-10 11:08:07,248.7600,249.0400,248.7600,249.0000,7400
2015-09-10 11:09:13,248.5725,248.6300,248.3300,248.5300,8600
2015-09-10 11:10:01,248.7200,248.7200,248.5880,248.6700,2800
2015-09-10 11:11:04,248.5200,248.6500,248.4100,248.6500,5400
2015-09-10 11:12:08,248.8450,248.8450,248.4826,248.5200,4300
2015-09-10 11:13:06,248.7642,248.7642,248.6800,248.7400,1400
2015-09-10 11:14:05,248.4000,248.7000,248.2560,248.7000,3600
2015-09-10 11:15:06,248.5600,248.6400,248.3700,248.4000,2700
2015-09-10 11:16:00,248.5100,248.5100,248.2500,248.5100,33600
2015-09-10 11:17:48,247.9100,248.3800,247.7600,248.3800,7700
2015-09-10 11:18:58,248.3999,248.4100,247.9000,247.9000,4900
2015-09-10 11:19:01,248.2845,248.6200,248.0600,248.1876,11100
2015-09-10 11:20:00,248.0700,248.2768,247.9700,248.1500,9200
2015-09-10 11:21:10,248.1000,248.3100,248.1000,248.3100,3500
2015-09-10 11:22:29,248.2000,248.3500,248.2000,248.3500,300
2015-09-10 11:23:05,248.3700,248.5350,248.3688,248.4400,14800
2015-09-10 11:24:52,248.5200,248.6400,248.5101,248.5600,16100
2015-09-10 11:25:01,248.3200,248.5700,248.3200,248.4400,13900
2015-09-10 11:26:28,248.6000,248.6000,248.3500,248.3500,19200
2015-09-10 11:27:59,248.6800,248.8882,248.5700,248.5700,7700
2015-09-10 11:28:00,248.7400,249.0600,248.6400,248.6400,8300
2015-09-10 11:29:58,249.0000,249.0100,248.6300,248.6300,11800
2015-09-10 11:30:59,249.3900,249.4500,249.0700,249.0700,13600
2015-09-10 11:31:00,249.2500,249.6720,249.2000,249.4600,24200
2015-09-10 11:32:17,249.3800,249.4500,249.1100,249.2000,4700
2015-09-10 11:33:59,249.5200,249.5200,249.1710,249.3600,11900
2015-09-10 11:34:00,249.1600,249.5300,249.1600,249.5200,3800
2015-09-10 11:35:02,249.2800,249.3500,249.1200,249.2000,7500
2015-09-10 11:36:24,249.5000,249.5000,249.2600,249.3650,1700
2015-09-10 11:37:56,249.8810,250.0500,249.5000,249.5000,19000
2015-09-10 11:38:03,249.9275,250.0200,249.7500,249.8300,3400
2015-09-10 11:39:07,250.0110,250.1100,249.9544,249.9800,2300
2015-09-10 11:40:01,249.7700,250.1150,249.7600,250.1000,11400
2015-09-10 11:41:58,250.0200,250.0200,249.7000,249.7800,6400
2015-09-10 11:42:00,249.9800,250.0600,249.9400,250.0300,6100
2015-09-10 11:43:30,250.1500,250.1500,250.1000,250.1000,3800
2015-09-10 11:44:56,250.2400,250.4500,250.2000,250.4490,15600
2015-09-10 11:45:02,250.0600,250.4000,250.0600,250.2600,3300
2015-09-10 11:46:08,249.8760,250.1954,249.8101,250.1954,4600
2015-09-10 11:47:01,249.7115,250.1000,249.7100,250.0200,2500
2015-09-10 11:48:02,249.7105,250.0200,249.7105,249.9300,5100
2015-09-10 11:49:17,249.2840,249.5300,249.2840,249.5300,6100
2015-09-10 11:50:44,249.2850,249.3500,249.2700,249.2700,300
2015-09-10 11:51:36,249.2000,249.2700,249.1000,249.2700,4800
2015-09-10 11:52:16,248.9800,249.2199,248.9800,249.1500,2000
2015-09-10 11:53:04,249.2600,249.4200,249.0600,249.0600,13100
2015-09-10 11:54:12,249.3400,249.3400,249.1600,249.2300,6800
2015-09-10 11:55:08,249.3500,249.5800,249.3500,249.4100,2700
2015-09-10 11:56:54,249.1700,249.4600,249.1400,249.4600,7300
2015-09-10 11:57:56,249.4900,249.7400,249.1800,249.2400,17000
2015-09-10 11:58:00,249.4400,249.7095,249.4400,249.5300,5200
2015-09-10 11:59:30,249.1650,249.4300,249.1600,249.4300,2500
2015-09-10 12:00:59,249.2500,249.5000,249.2400,249.2600,5400
2015-09-10 12:01:05,249.1800,249.4895,249.1800,249.4300,10400
2015-09-10 12:02:00,249.3900,249.4100,249.2500,249.3400,6300
2015-09-10 12:03:00,249.1700,249.3580,249.1600,249.2780,2300
2015-09-10 12:04:53,249.4400,249.4400,249.2542,249.2900,3800
2015-09-10 12:05:00,249.5100,249.7499,249.4045,249.4045,10500
2015-09-10 12:06:01,249.5700,249.5800,249.2800,249.3500,3700
2015-09-10 12:07:25,249.8790,249.8790,249.6600,249.6600,1500
2015-09-10 12:08:58,249.8800,249.9300,249.6100,249.6100,4900
2015-09-10 12:09:04,249.9500,249.9500,249.7500,249.8600,5200
2015-09-10 12:10:52,249.7400,249.8300,249.7400,249.8300,600
2015-09-10 12:11:07,249.8010,249.8010,249.7450,249.7900,1000
2015-09-10 12:12:58,249.5300,249.7200,249.5300,249.7200,1600
2015-09-10 12:13:58,249.7400,249.7500,249.3500,249.5100,8400
2015-09-10 12:14:00,249.6500,249.7400,249.5800,249.7200,10000
2015-09-10 12:15:49,249.8343,249.8343,249.5801,249.8140,1200
2015-09-10 12:16:54,249.3700,249.7400,249.3700,249.7400,3700
2015-09-10 12:17:05,249.2500,249.3000,249.2000,249.3000,1400
2015-09-10 12:18:14,249.4700,249.4700,249.2654,249.2654,2400
2015-09-10 12:19:20,249.0100,249.4699,249.0100,249.4699,1400
2015-09-10 12:20:02,249.2600,249.2800,248.8300,249.0100,7000
2015-09-10 12:21:03,249.2000,249.2600,249.2000,249.2600,1400
2015-09-10 12:22:05,249.2000,249.4399,249.2000,249.4399,4900
2015-09-10 12:23:22,248.9600,249.0200,248.9300,249.0000,4100
2015-09-10 12:24:06,249.1100,249.2200,249.0500,249.0500,1200
2015-09-10 12:25:10,248.9200,249.0200,248.7900,249.0200,3000
2015-09-10 12:26:02,248.9500,248.9700,248.7500,248.9300,1400
2015-09-10 12:27:15,248.8000,248.8720,248.6410,248.7500,2400
2015-09-10 12:28:59,248.6000,248.7400,248.5100,248.7400,9800
2015-09-10 12:29:02,248.4300,248.6700,248.2900,248.5285,13800
2015-09-10 12:30:38,248.4400,248.4400,248.2900,248.2900,4300
2015-09-10 12:31:10,248.3901,248.5300,248.3901,248.4399,6600
2015-09-10 12:32:17,248.2200,248.5800,248.2104,248.5200,3400
2015-09-10 12:33:13,248.8490,248.8490,248.4300,248.5000,1900
2015-09-10 12:34:05,248.7000,248.7600,248.5600,248.6600,7600
2015-09-10 12:35:12,248.7099,248.7800,248.5300,248.5750,12500
2015-09-10 12:36:02,249.0700,249.0700,248.7480,248.7500,3700
2015-09-10 12:37:09,248.9900,249.0300,248.8700,248.9300,5800
2015-09-10 12:38:58,248.7300,248.9100,248.6800,248.8600,4800
2015-09-10 12:39:57,248.9800,249.0000,248.5900,248.6703,6300
2015-09-10 12:40:57,248.9400,248.9400,248.6700,248.8500,6800
2015-09-10 12:41:03,248.7500,248.9300,248.6300,248.9300,3600
2015-09-10 12:42:11,248.5900,248.6600,248.4900,248.6600,6300
2015-09-10 12:43:51,248.6500,248.7300,248.5900,248.5900,600
2015-09-10 12:44:10,248.6700,248.8420,248.6700,248.7150,3000
2015-09-10 12:46:59,248.9500,248.9900,248.6900,248.7000,1300
2015-09-10 12:47:00,248.8000,249.0000,248.8000,248.9800,1400
2015-09-10 12:48:21,248.8400,248.8400,248.8400,248.8400,1300
2015-09-10 12:49:20,249.0100,249.0300,248.9900,249.0300,1400
2015-09-10 12:50:35,249.1000,249.2500,249.0000,249.2300,2300
2015-09-10 12:51:47,249.2700,249.2700,249.2700,249.2700,800
2015-09-10 12:52:13,249.0700,249.2000,249.0700,249.2000,1100
2015-09-10 12:53:59,248.8900,249.0700,248.8900,249.0700,1500
2015-09-10 12:54:58,249.3000,249.3000,248.8900,248.8900,5100
2015-09-10 12:55:51,249.1855,249.1855,249.1600,249.1600,900
2015-09-10 12:56:57,248.9800,249.2500,248.9800,249.1200,2600
2015-09-10 12:57:08,249.0500,249.0500,249.0500,249.0500,3400
2015-09-10 12:58:57,248.5300,248.5300,248.5300,248.5300,100
2015-09-10 12:59:05,248.8000,248.8000,248.5360,248.5360,1000
2015-09-10 13:00:15,248.8200,249.0000,248.8200,249.0000,900
2015-09-10 13:01:59,248.6100,248.8300,248.6000,248.7900,1800
2015-09-10 13:02:12,248.7500,248.7500,248.6500,248.6500,700
2015-09-10 13:03:55,248.9000,248.9000,248.6700,248.8600,1500
2015-09-10 13:04:04,248.7000,248.7600,248.6500,248.7100,1000
2015-09-10 13:05:24,248.9700,249.2100,248.9000,248.9000,3100
2015-09-10 13:07:18,249.2500,249.2500,249.0000,249.0600,1000
2015-09-10 13:08:57,249.0000,249.2500,249.0000,249.2200,1400
2015-09-10 13:09:11,248.9000,248.9000,248.9000,248.9000,300
2015-09-10 13:10:38,249.2600,249.2600,249.1200,249.1200,2000
2015-09-10 13:12:34,249.0800,249.0800,248.9300,249.0300,600
2015-09-10 13:14:17,248.8200,249.1400,248.8200,249.0800,1500
2015-09-10 13:15:16,249.0800,249.0900,248.9900,248.9900,1000
2015-09-10 13:16:06,249.1900,249.2000,248.9700,249.0900,6500
2015-09-10 13:17:54,248.9300,249.1700,248.9100,249.0300,3600
2015-09-10 13:18:01,248.8600,249.1100,248.8600,249.0600,6200
2015-09-10 13:19:01,248.9900,249.0900,248.8300,248.8500,9700
2015-09-10 13:20:03,249.0000,249.0300,248.9300,248.9300,8300
2015-09-10 13:21:19,248.9400,248.9400,248.9000,248.9399,500
2015-09-10 13:22:39,249.0300,249.0800,249.0300,249.0800,6000
2015-09-10 13:23:14,249.4400,249.5000,248.9500,248.9500,6300
2015-09-10 13:24:24,249.4260,249.4400,249.2900,249.2901,2100
2015-09-10 13:25:12,249.4500,249.6875,249.4400,249.4700,11000
2015-09-10 13:26:01,249.2600,249.4600,249.1937,249.4600,5100
2015-09-10 13:27:13,249.5233,249.5400,249.2380,249.2380,2900
2015-09-10 13:28:04,250.1300,250.1300,249.5100,249.5700,12800
2015-09-10 13:29:04,250.0200,250.0500,249.9300,249.9500,3100
2015-09-10 13:30:04,250.0500,250.1400,249.9310,250.1400,13300
2015-09-10 13:31:42,249.7900,249.8500,249.7810,249.8500,700
2015-09-10 13:32:10,250.1800,250.2000,249.7900,249.8100,8700
2015-09-10 13:33:52,250.1500,250.2499,250.1500,250.2040,5100
2015-09-10 13:34:06,250.2200,250.2500,250.0100,250.2000,6900
2015-09-10 13:35:12,250.1300,250.1500,250.0900,250.1500,1200
2015-09-10 13:36:04,250.4300,250.4300,250.0700,250.1200,5300
2015-09-10 13:37:03,250.5300,250.7231,250.3960,250.4300,6500
2015-09-10 13:38:04,250.5800,250.6200,250.4931,250.5300,1200
2015-09-10 13:39:01,250.6100,250.6600,250.4200,250.5600,6200
2015-09-10 13:40:26,250.5972,250.6999,250.5972,250.6999,500
2015-09-10 13:41:05,250.3100,250.4700,250.3100,250.4700,2400
2015-09-10 13:42:11,250.2300,250.2600,249.9520,250.1550,2100
2015-09-10 13:43:00,250.1000,250.2700,249.8100,250.2300,10000
2015-09-10 13:44:01,249.9400,250.0863,249.8800,250.0700,5500
2015-09-10 13:45:56,250.0000,250.1400,249.8800,250.1400,4300
2015-09-10 13:46:04,249.9767,250.0114,249.8950,249.8950,900
2015-09-10 13:47:10,249.8700,249.8800,249.7200,249.7300,5900
2015-09-10 13:48:10,249.9400,250.0300,249.9400,250.0200,7600
2015-09-10 13:49:04,250.1900,250.1900,249.8600,250.1800,7900
2015-09-10 13:50:04,250.1100,250.2300,250.0400,250.2300,3200
2015-09-10 13:51:22,250.2500,250.2500,250.2100,250.2200,1300
2015-09-10 13:52:06,250.0100,250.2100,250.0100,250.1600,2700
2015-09-10 13:53:22,249.9500,250.0000,249.9500,250.0000,1200
2015-09-10 13:54:06,249.7300,249.8900,249.7300,249.8900,2400
2015-09-10 13:55:10,249.9000,249.9000,249.5000,249.5500,3000
2015-09-10 13:56:56,249.7300,249.9000,249.7001,249.7800,10900
2015-09-10 13:57:04,249.9899,249.9899,249.8200,249.8200,600
2015-09-10 13:58:16,249.6700,249.7730,249.5300,249.7730,8000
2015-09-10 13:59:04,249.5700,249.6100,249.4850,249.6000,16700
2015-09-10 14:00:52,249.7600,249.8200,249.7600,249.8200,1100
2015-09-10 14:01:45,249.7701,249.7701,249.7700,249.7700,600
2015-09-10 14:02:36,249.4900,249.7300,249.3782,249.7300,5400
2015-09-10 14:03:24,249.4900,249.6200,249.4400,249.4840,2900
2015-09-10 14:04:02,249.4400,249.4400,249.4400,249.4400,2500
2015-09-10 14:05:33,249.5600,249.5700,249.5300,249.5500,2600
2015-09-10 14:06:11,249.3000,249.3100,249.2900,249.3000,500
2015-09-10 14:07:49,249.8500,249.9000,249.4200,249.4900,4300
2015-09-10 14:08:03,249.6610,249.9200,249.6610,249.9000,7000
2015-09-10 14:09:10,249.6400,249.7450,249.6400,249.6635,2300
2015-09-10 14:10:33,249.8500,249.8500,249.7700,249.7700,1800
2015-09-10 14:11:35,249.8700,250.0000,249.7900,249.9800,1700
2015-09-10 14:12:03,249.6800,249.8999,249.6775,249.7700,3400
2015-09-10 14:13:59,249.7000,249.7800,249.6800,249.7600,3800
2015-09-10 14:14:03,249.4600,249.7327,249.4600,249.7116,1200
2015-09-10 14:15:12,249.1400,249.4500,249.1300,249.4500,2900
2015-09-10 14:16:56,249.3600,249.3600,249.0900,249.0900,3100
2015-09-10 14:17:00,249.2900,249.2900,249.2500,249.2700,3900
2015-09-10 14:18:22,249.3700,249.3800,249.2500,249.2500,2800
2015-09-10 14:19:09,249.5000,249.5200,249.4700,249.5000,2300
2015-09-10 14:20:09,249.4080,249.5400,249.4080,249.5080,2900
2015-09-10 14:21:00,249.2500,249.3170,249.1400,249.2500,6600
2015-09-10 14:22:11,249.5000,249.6799,249.2800,249.2800,11200
2015-09-10 14:23:06,249.5200,249.5400,249.3000,249.5400,2000
2015-09-10 14:24:21,249.5000,249.6800,249.5000,249.6600,3400
2015-09-10 14:25:26,249.5700,249.6100,249.5001,249.6000,1000
2015-09-10 14:26:16,249.7500,249.7500,249.4800,249.5600,2900
2015-09-10 14:27:57,249.5400,249.7100,249.5300,249.7100,2800
2015-09-10 14:28:59,249.7400,249.7400,249.5400,249.6900,5900
2015-09-10 14:29:07,249.6800,249.7400,249.6200,249.7100,6500
2015-09-10 14:30:06,249.9399,249.9700,249.5000,249.5600,12200
2015-09-10 14:31:08,249.7900,249.9246,249.7100,249.9246,1500
2015-09-10 14:32:52,249.7900,249.8200,249.6600,249.6900,1600
2015-09-10 14:33:56,249.5800,249.5800,249.5800,249.5800,800
2015-09-10 14:34:40,249.5300,249.6500,249.5300,249.5800,900
2015-09-10 14:35:05,249.6500,249.6900,249.6100,249.6500,900
2015-09-10 14:36:42,249.5840,249.7500,249.5000,249.7000,1200
2015-09-10 14:37:04,249.5501,249.6000,249.5400,249.5400,800
2015-09-10 14:38:03,249.9000,249.9000,249.7660,249.7660,1100
2015-09-10 14:39:06,249.5600,249.8900,249.5500,249.7900,7800
2015-09-10 14:40:44,249.5100,249.5700,249.4500,249.5000,5300
2015-09-10 14:41:05,249.6200,249.7099,249.5900,249.7000,1900
2015-09-10 14:42:52,249.7601,249.9000,249.7600,249.7600,2200
2015-09-10 14:43:07,249.9000,249.9000,249.9000,249.9000,200
2015-09-10 14:44:04,249.8050,249.8800,249.7200,249.8800,3100
2015-09-10 14:45:00,249.6600,249.8000,249.5800,249.7700,5400
2015-09-10 14:46:00,249.7301,249.8400,249.7301,249.7700,3600
2015-09-10 14:47:23,249.3800,249.5200,249.1800,249.5200,4300
2015-09-10 14:48:04,249.5200,249.5200,249.5200,249.5200,2400
2015-09-10 14:49:25,249.5000,249.5900,249.4900,249.5900,1900
2015-09-10 14:50:07,249.5460,249.5460,249.4800,249.4810,1800
2015-09-10 14:51:16,249.6100,249.6300,249.5100,249.5900,5500
2015-09-10 14:52:00,249.2796,249.7100,249.2796,249.6800,5600
2015-09-10 14:53:05,249.4100,249.5600,249.4100,249.4900,1000
2015-09-10 14:54:08,249.3800,249.4600,249.3800,249.4188,600
2015-09-10 14:55:28,248.8800,249.3080,248.8800,249.2600,9800
2015-09-10 14:56:04,248.8800,248.9300,248.8000,248.8600,700
2015-09-10 14:57:12,248.9600,248.9600,248.9300,248.9300,2400
2015-09-10 14:58:54,248.8180,248.9300,248.8000,248.9000,1700
2015-09-10 14:59:50,248.5900,248.8800,248.5900,248.8700,1500
2015-09-10 15:00:59,248.5200,248.5500,248.4800,248.4900,5000
2015-09-10 15:01:03,248.5080,248.5080,248.5080,248.5080,100
2015-09-10 15:01:54,248.7200,248.7200,248.5000,248.5200,50100
2015-09-10 15:02:51,248.6300,248.6600,248.6001,248.6600,1600
2015-09-10 15:03:59,248.1600,248.5000,248.1600,248.5000,4100
2015-09-10 15:04:55,248.6900,248.6900,248.1600,248.1700,13500
2015-09-10 15:05:54,248.5910,248.6699,248.4700,248.6400,8500
2015-09-10 15:06:29,248.3500,248.6000,248.3500,248.5100,6200
2015-09-10 15:07:47,248.4800,248.6219,248.4300,248.5500,7700
2015-09-10 15:08:46,248.4000,248.5400,248.2700,248.5400,10600
2015-09-10 15:09:56,248.5800,248.6600,248.3335,248.3700,10000
2015-09-10 15:10:17,248.7399,248.7584,248.5500,248.6400,4000
2015-09-10 15:11:17,248.6000,248.6000,248.6000,248.6000,2100
2015-09-10 15:12:44,248.5200,248.6210,248.5200,248.5400,3500
2015-09-10 15:13:31,248.4000,248.4000,248.2401,248.3600,3400
2015-09-10 15:14:51,248.4800,248.4800,248.3200,248.3200,1400
2015-09-10 15:15:55,248.8400,248.9300,248.8400,248.9300,3000
2015-09-10 15:16:18,248.8500,248.8500,248.8500,248.8500,700
2015-09-10 15:17:12,248.6900,248.6900,248.6900,248.6900,100
2015-09-10 15:17:50,248.7100,248.7750,248.7100,248.7750,45600
2015-09-10 15:18:53,248.7500,248.9467,248.5857,248.6843,31200
2015-09-10 15:19:59,248.6800,248.8600,248.6500,248.8600,5600
2015-09-10 15:20:46,248.6100,248.8100,248.6100,248.8100,2500
2015-09-10 15:21:57,248.3700,248.5848,248.3100,248.5848,4800
2015-09-10 15:22:50,248.5569,248.7600,248.5200,248.7600,3200
2015-09-10 15:23:53,248.3900,248.3900,248.3400,248.3400,3300
2015-09-10 15:24:34,248.4600,248.4600,248.3600,248.3600,600
2015-09-10 15:25:48,248.3500,248.4100,248.3500,248.4100,3600
2015-09-10 15:26:48,248.1800,248.4300,248.1800,248.4300,5100
2015-09-10 15:27:37,248.1900,248.3100,248.0700,248.1600,5400
2015-09-10 15:28:44,248.2920,248.2920,248.2920,248.2920,800
2015-09-10 15:29:56,248.3900,248.5793,248.3300,248.3300,3300
2015-09-10 15:30:54,248.2800,248.2900,248.1700,248.2400,3800
2015-09-10 15:31:58,248.3850,248.4100,248.3799,248.4100,600
2015-09-10 15:32:07,248.2700,248.2700,248.2700,248.2700,500
2015-09-10 15:32:27,248.0000,248.2700,248.0000,248.2700,13300
2015-09-10 15:33:44,248.0000,248.0800,247.8200,248.0800,10500
2015-09-10 15:34:55,248.1900,248.2175,248.0200,248.0200,3900
2015-09-10 15:35:53,248.2100,248.3000,247.9900,248.2100,14300
2015-09-10 15:36:56,248.0900,248.1500,248.0300,248.0800,3200
2015-09-10 15:37:50,247.9710,248.1300,247.7900,248.0200,11500
2015-09-10 15:38:55,248.3000,248.3000,247.8700,247.8700,5500
2015-09-10 15:39:45,248.1500,248.2700,248.0100,248.2300,5800
2015-09-10 15:40:01,248.1700,248.1700,248.1700,248.1700,300
2015-09-10 15:40:59,247.6500,248.1900,247.5600,248.1700,25200
2015-09-10 15:41:59,247.6390,247.7501,247.5300,247.7000,6300
2015-09-10 15:42:38,247.7000,247.7800,247.6300,247.6300,4600
2015-09-10 15:43:01,247.7300,247.7300,247.7300,247.7300,100
2015-09-10 15:43:20,247.7200,247.8150,247.7200,247.7300,1300
2015-09-10 15:44:59,248.0200,248.1700,247.9100,247.9600,10800
2015-09-10 15:45:53,247.7000,248.0100,247.7000,248.0100,11600
2015-09-10 15:46:59,247.9800,247.9900,247.6200,247.7300,13700
2015-09-10 15:47:55,247.9180,247.9800,247.8500,247.9800,4600
2015-09-10 15:48:59,247.9799,247.9799,247.8676,247.8676,3400
2015-09-10 15:49:02,247.8400,247.8400,247.8400,247.8400,200
2015-09-10 15:49:57,248.0300,248.2400,247.8200,247.8400,6800
2015-09-10 15:50:59,248.5300,248.8000,248.0800,248.2000,14800
2015-09-10 15:51:52,248.0300,248.4838,248.0300,248.4600,8200
2015-09-10 15:52:57,248.1400,248.1400,248.0200,248.0400,7100
2015-09-10 15:53:43,248.3200,248.3300,248.0334,248.1500,4400
2015-09-10 15:54:56,248.6400,248.6500,248.3300,248.3300,8300
2015-09-10 15:55:02,248.5400,248.5400,248.5400,248.5400,200
2015-09-10 15:55:48,248.6000,248.6700,248.5350,248.5400,4000
2015-09-10 15:56:10,248.5100,248.5100,248.5100,248.5100,2500
2015-09-10 15:56:51,248.6000,248.8200,248.4600,248.5100,18600
2015-09-10 15:57:59,248.4900,248.6400,248.4900,248.5300,8000
2015-09-10 15:58:55,248.4300,248.7300,248.4300,248.4517,7700
2015-09-10 15:59:00,248.4400,248.4400,248.4400,248.4400,6200
2015-09-10 15:59:59,248.3800,248.6200,248.3100,248.4400,86500
2015-09-10 16:00:00,248.3810,248.3810,248.3810,248.3810,800
2015-09-11 09:30:37,247.2100,247.2100,247.1500,247.1500,32400
2015-09-11 09:31:47,247.6200,247.6200,247.4000,247.4000,2900
2015-09-11 09:32:07,248.9299,248.9410,247.6100,247.7500,27800
2015-09-11 09:33:55,248.3200,248.8990,248.1100,248.8795,11700
2015-09-11 09:34:55,247.7301,248.3700,247.7301,248.3700,6500
2015-09-11 09:35:13,247.9400,247.9891,247.5100,247.6900,6900
2015-09-11 09:36:59,248.6100,248.6100,248.0000,248.0000,5800
2015-09-11 09:37:57,248.8000,248.8800,248.6000,248.6000,6600
2015-09-11 09:38:02,248.0300,248.8800,247.7600,248.7700,11400
2015-09-11 09:39:05,248.1300,248.4800,247.9500,248.1100,8500
2015-09-11 09:40:15,248.1600,248.2500,247.7600,247.8000,7000
2015-09-11 09:41:46,248.5800,248.5800,248.1100,248.3210,3600
2015-09-11 09:42:04,248.5500,248.7654,248.1600,248.4900,11000
2015-09-11 09:43:01,248.3099,248.4400,248.1200,248.2400,6900
2015-09-11 09:44:04,248.4300,248.6700,248.3000,248.4900,8400
2015-09-11 09:45:05,248.2700,248.5585,248.2700,248.2880,3400
2015-09-11 09:46:31,248.0000,248.0668,247.9000,248.0668,4800
2015-09-11 09:47:50,247.9800,248.0992,247.9000,247.9000,4100
2015-09-11 09:48:05,248.0000,248.2200,247.9700,248.0000,4100
2015-09-11 09:49:06,247.7500,248.0000,247.6000,248.0000,14000
2015-09-11 09:50:07,247.7800,248.2100,247.5800,247.5800,7400
2015-09-11 09:51:02,247.6600,248.0000,247.6300,247.7409,3100
2015-09-11 09:52:03,247.7400,247.8482,247.5100,247.7000,7200
2015-09-11 09:53:13,247.7400,247.8100,247.3900,247.5800,16300
2015-09-11 09:54:08,247.6000,247.8870,247.3700,247.8870,3800
2015-09-11 09:55:17,247.9680,248.1000,247.8000,247.9200,7000
2015-09-11 09:56:01,247.8000,247.9890,247.7200,247.9800,3300
2015-09-11 09:57:01,247.5000,247.9499,247.5000,247.9200,5500
2015-09-11 09:58:05,246.9100,247.5800,246.9100,247.5800,19600
2015-09-11 09:59:10,246.7500,246.9356,246.7400,246.9356,12500
2015-09-11 10:00:59,246.2550,246.7700,246.1600,246.7500,32900
2015-09-11 10:01:03,246.8500,246.8500,246.2800,246.2800,7500
2015-09-11 10:02:12,246.8000,246.9000,246.5900,246.8900,3900
2015-09-11 10:03:59,246.7400,246.9400,246.4800,246.6100,13200
2015-09-11 10:04:01,246.5600,246.7500,246.3600,246.6980,19700
2015-09-11 10:05:05,246.6940,246.6940,246.3200,246.5000,3100
2015-09-11 10:06:00,246.5350,246.7500,246.5000,246.6400,4100
2015-09-11 10:07:02,246.4646,246.7300,246.3000,246.6400,2700
2015-09-11 10:08:07,246.7400,246.7850,246.3850,246.3850,4500
2015-09-11 10:09:08,247.1000,247.2000,246.7800,246.8150,10000
2015-09-11 10:10:03,246.6720,247.0600,246.5000,247.0100,16000
2015-09-11 10:12:59,246.5700,246.7605,246.2700,246.6300,10500
2015-09-11 10:13:09,246.4700,246.7300,246.2900,246.7300,3900
2015-09-11 10:14:09,246.5000,246.7700,246.3200,246.3200,4000
2015-09-11 10:15:00,246.5180,246.5900,246.3100,246.5900,1100
2015-09-11 10:16:54,246.2600,246.5220,246.2600,246.5220,8900
2015-09-11 10:17:01,246.6547,246.6547,246.4000,246.4000,2900
2015-09-11 10:18:09,246.6000,246.9400,246.5900,246.9400,6400
2015-09-11 10:19:59,246.7200,246.7500,246.5000,246.7000,22100
2015-09-11 10:20:05,246.5805,246.8000,246.5805,246.6175,6800
2015-09-11 10:21:04,246.6400,246.8000,246.5700,246.7800,7400
2015-09-11 10:22:03,246.6500,246.7500,246.4500,246.6700,2900
2015-09-11 10:23:00,246.6000,246.7900,246.5800,246.5800,2900
2015-09-11 10:24:07,246.7879,246.7879,246.7700,246.7700,13800
2015-09-11 10:25:09,246.6025,247.1100,246.6025,246.8300,7300
2015-09-11 10:26:18,246.7100,246.7250,246.5000,246.7250,3400
2015-09-11 10:27:31,246.9900,247.0100,246.8400,246.8400,2400
2015-09-11 10:28:04,246.4900,246.9900,246.4000,246.9900,7900
2015-09-11 10:29:02,246.3500,246.6900,246.3000,246.4900,7700
2015-09-11 10:30:00,246.6000,246.6870,246.5300,246.5300,1000
2015-09-11 10:31:12,246.7200,246.8900,246.7200,246.8500,2900
2015-09-11 10:32:59,246.3000,246.5700,246.0700,246.5200,15600
2015-09-11 10:33:55,246.2900,246.3299,246.1600,246.3200,6000
2015-09-11 10:34:03,246.3500,246.4400,246.1100,246.1100,11300
2015-09-11 10:35:01,246.2000,246.2900,246.0800,246.2500,9300
2015-09-11 10:36:59,246.1600,246.3600,246.1100,246.1100,10000
2015-09-11 10:37:00,246.1600,246.2700,246.1600,246.1900,6200
2015-09-11 10:38:59,246.2000,246.3600,246.0280,246.1500,11800
2015-09-11 10:39:00,246.3200,246.3500,246.1800,246.1900,7300
2015-09-11 10:40:00,246.4000,246.5000,246.3200,246.4200,6500
2015-09-11 10:41:59,246.2150,246.3500,246.2150,246.2900,4700
2015-09-11 10:42:54,246.2200,246.3000,246.1600,246.2900,5800
2015-09-11 10:43:05,246.1900,246.3900,246.1200,246.1400,3300
2015-09-11 10:44:09,246.3000,246.3900,246.1500,246.2300,7500
2015-09-11 10:45:02,246.2600,246.4200,246.1900,246.3200,3100
2015-09-11 10:46:11,246.1700,246.2820,246.0400,246.2500,4700
2015-09-11 10:47:58,246.0700,246.3600,246.0100,246.0801,2900
2015-09-11 10:48:04,246.1100,246.2499,246.0300,246.1000,3200
2015-09-11 10:49:59,245.9080,246.1499,245.6600,246.1400,11300
2015-09-11 10:50:00,245.7500,245.8940,245.7080,245.8940,2300
2015-09-11 10:51:12,245.5300,245.8700,245.4300,245.8600,12600
2015-09-11 10:52:55,245.4900,245.5899,245.4200,245.4300,5600
2015-09-11 10:53:07,245.4400,245.5800,245.4400,245.4725,3700
2015-09-11 10:54:09,245.2590,245.4300,245.1400,245.3700,3400
2015-09-11 10:55:59,245.4200,245.4200,245.0700,245.0700,2900
2015-09-11 10:56:00,245.4400,245.4748,245.2500,245.2500,2000
2015-09-11 10:57:11,245.2100,245.6100,245.1300,245.6100,8000
2015-09-11 10:58:06,245.6140,245.6500,245.2700,245.2700,6200
2015-09-11 10:59:58,245.3434,245.5250,245.3434,245.5100,2900
2015-09-11 11:00:00,245.3000,245.4850,245.2500,245.3400,4300
2015-09-11 11:01:09,245.2700,245.5100,245.1001,245.2400,17400
2015-09-11 11:02:04,245.1550,245.3700,245.1300,245.2400,5600
2015-09-11 11:03:01,244.7600,245.1450,244.7600,245.1000,22900
2015-09-11 11:04:03,245.1900,245.1900,244.7300,244.9299,8900
2015-09-11 11:05:06,245.1488,245.2400,245.0100,245.1917,4700
2015-09-11 11:06:15,245.5000,245.5000,245.1200,245.1999,6700
2015-09-11 11:07:35,245.5005,245.7200,245.5005,245.5900,4900
2015-09-11 11:08:10,245.6700,245.8399,245.6700,245.8250,19000
2015-09-11 11:09:59,245.8700,246.0700,245.8600,245.8600,9100
2015-09-11 11:10:00,245.8600,246.1300,245.7600,245.8700,7500
2015-09-11 11:11:45,245.5925,245.8200,245.3700,245.8200,9600
2015-09-11 11:12:58,245.5028,245.5028,245.1990,245.1990,14200
2015-09-11 11:13:15,245.3700,245.4300,245.2200,245.4300,5800
2015-09-11 11:14:01,245.3400,245.3400,245.1300,245.1800,1600
2015-09-11 11:15:04,245.2800,245.4800,245.2800,245.4700,2200
2015-09-11 11:16:12,245.3950,245.3950,245.1500,245.3200,3600
2015-09-11 11:17:14,245.7000,245.7000,245.2800,245.3100,3200
2015-09-11 11:18:12,245.7500,245.7500,245.3900,245.6560,3500
2015-09-11 11:19:57,245.9200,245.9700,245.6100,245.6100,3800
2015-09-11 11:20:02,245.9800,246.1100,245.9700,246.0000,3200
2015-09-11 11:21:00,245.8200,246.0400,245.7600,245.8100,1800
2015-09-11 11:22:59,245.5500,245.7512,245.5500,245.5500,1200
2015-09-11 11:23:02,245.7200,245.7200,245.7200,245.7200,100
2015-09-11 11:23:57,245.6800,245.7800,245.6300,245.7200,22300
2015-09-11 11:24:59,245.6600,245.9100,245.6600,245.7400,9100
2015-09-11 11:25:57,245.8500,245.9100,245.7200,245.8100,10000
2015-09-11 11:26:48,245.7500,245.9800,245.6900,245.6900,3500
2015-09-11 11:27:56,245.8400,245.9700,245.7900,245.9700,5800
2015-09-11 11:28:55,246.0400,246.1000,245.7700,245.8000,4300
2015-09-11 11:29:56,245.9900,246.1200,245.9900,246.1200,2000
2015-09-11 11:30:38,245.9083,246.2300,245.9083,246.1700,6100
2015-09-11 11:31:59,246.1500,246.2000,246.0100,246.1800,9900
2015-09-11 11:32:58,246.0400,246.2200,246.0400,246.2200,4200
2015-09-11 11:33:55,245.7200,246.1600,245.7200,246.1500,8200
2015-09-11 11:34:57,245.5000,245.8000,245.5000,245.8000,7700
2015-09-11 11:35:51,245.6500,245.6500,245.4000,245.5000,8700
2015-09-11 11:36:50,245.8000,245.8000,245.6500,245.7500,2600
2015-09-11 11:37:57,245.8000,245.8000,245.7000,245.7600,1800
2015-09-11 11:38:41,245.7200,245.7200,245.7200,245.7200,2300
2015-09-11 11:39:03,246.1400,246.2399,245.7960,245.8500,5200
2015-09-11 11:40:53,246.3000,246.4400,245.9700,245.9700,8000
2015-09-11 11:41:04,246.4000,246.4500,246.2800,246.3860,6100
2015-09-11 11:42:05,246.6000,246.7075,246.2900,246.3500,14600
2015-09-11 11:43:03,246.4500,246.7000,246.4500,246.7000,5100
2015-09-11 11:44:56,246.5100,246.5300,246.4800,246.4800,3100
2015-09-11 11:45:51,246.5500,246.6600,246.4300,246.5100,5200
2015-09-11 11:46:02,246.4200,246.6900,246.3900,246.5200,6300
2015-09-11 11:47:02,246.2400,246.5000,246.2300,246.5000,9200
2015-09-11 11:48:54,246.4800,246.4800,246.4800,246.4800,100
2015-09-11 11:49:06,246.7100,246.7799,246.5800,246.5800,4400
2015-09-11 11:50:09,246.7100,246.9200,246.6100,246.6100,4300
2015-09-11 11:51:04,247.0501,247.2100,246.7500,246.7500,14200
2015-09-11 11:52:59,247.0000,247.2500,246.9101,247.2000,20500
2015-09-11 11:53:03,246.8700,247.1450,246.8450,247.1450,7700
2015-09-11 11:54:04,247.0000,247.1100,246.7900,246.7900,7700
2015-09-11 11:55:23,247.0859,247.0859,246.9001,246.9001,2100
2015-09-11 11:56:11,246.8900,247.1300,246.8900,247.1300,2700
2015-09-11 11:57:58,247.0029,247.0029,246.8900,246.9000,2700
2015-09-11 11:58:55,246.8400,247.1000,246.8400,246.9865,5500
2015-09-11 11:59:04,247.0300,247.0400,246.9800,246.9800,1400
2015-09-11 12:00:00,246.9200,247.1300,246.9200,247.1000,4300
2015-09-11 12:01:12,246.9900,247.0999,246.9300,246.9300,4700
2015-09-11 12:02:27,246.9000,246.9500,246.9000,246.9500,200
2015-09-11 12:03:49,246.9900,247.2500,246.9900,247.0999,4100
2015-09-11 12:04:35,247.1700,247.2600,247.1700,247.2400,5800
2015-09-11 12:05:10,247.1700,247.1700,247.1700,247.1700,700
2015-09-11 12:06:06,247.4500,247.4600,247.2505,247.2800,5200
2015-09-11 12:07:18,247.1000,247.4127,247.1000,247.3100,4000
2015-09-11 12:08:25,247.1980,247.1980,247.1000,247.1500,700
2015-09-11 12:09:59,247.1000,247.1700,247.0850,247.0850,4600
2015-09-11 12:10:58,246.9800,247.2300,246.9800,247.1500,3100
2015-09-11 12:11:00,247.3300,247.3300,246.9900,246.9900,2800
2015-09-11 12:12:02,246.9520,247.2700,246.9500,247.1419,1700
2015-09-11 12:13:29,247.1601,247.1601,247.0000,247.0000,2800
2015-09-11 12:14:35,247.1100,247.1100,247.0600,247.0800,300
2015-09-11 12:15:56,246.9700,247.1700,246.9700,247.0790,1600
2015-09-11 12:16:55,246.7700,247.0600,246.7700,247.0600,2100
2015-09-11 12:17:04,246.8560,246.9300,246.7700,246.7800,2300
2015-09-11 12:18:03,246.8100,247.0900,246.8000,246.8700,4800
2015-09-11 12:20:04,246.8500,246.8500,246.6900,246.7400,1300
2015-09-11 12:21:36,246.7800,246.8200,246.7800,246.8200,600
2015-09-11 12:22:41,246.7000,246.7000,246.7000,246.7000,3600
2015-09-11 12:24:05,246.6700,246.6700,246.5577,246.5900,1800
2015-09-11 12:25:49,246.6300,246.7000,246.5100,246.5700,4600
2015-09-11 12:26:00,246.5900,246.6800,246.5500,246.5600,10900
2015-09-11 12:27:04,246.7000,246.7000,246.5500,246.5500,1900
2015-09-11 12:28:05,246.8900,246.8900,246.7500,246.7500,2300
2015-09-11 12:29:02,246.7800,246.8900,246.7300,246.8900,2400
2015-09-11 12:30:13,246.9100,247.0000,246.9100,246.9100,1400
2015-09-11 12:31:01,247.0000,247.0000,246.8650,246.9600,800
2015-09-11 12:32:06,246.8900,246.8900,246.6400,246.8500,2500
2015-09-11 12:33:01,246.8201,246.9800,246.8201,246.9800,2800
2015-09-11 12:34:56,246.8500,246.8500,246.7900,246.7900,2200
2015-09-11 12:35:00,246.8800,247.0080,246.8800,246.8800,2300
2015-09-11 12:36:42,246.7500,246.7500,246.6700,246.7400,800
2015-09-11 12:37:40,246.7999,246.8000,246.7450,246.7600,900
2015-09-11 12:39:46,246.3550,246.3550,246.2500,246.2900,7300
2015-09-11 12:40:58,246.2900,246.4700,246.2000,246.4700,14600
2015-09-11 12:41:00,246.2800,246.3000,246.1800,246.3000,9500
2015-09-11 12:42:00,246.2420,246.3000,246.2420,246.2900,600
2015-09-11 12:43:52,246.5700,246.5700,246.2600,246.2600,2900
2015-09-11 12:44:00,246.7300,246.8700,246.5900,246.5900,6600
2015-09-11 12:45:43,246.7050,246.8200,246.6900,246.7500,6600
2015-09-11 12:46:57,246.7800,246.8700,246.7800,246.8700,3800
2015-09-11 12:47:03,246.9500,246.9599,246.8000,246.9599,1600
2015-09-11 12:48:57,247.3000,247.3300,246.9350,246.9350,17700
2015-09-11 12:49:08,247.3500,247.4000,247.1200,247.3300,10600
2015-09-11 12:50:00,247.3250,247.4000,247.1900,247.2940,12300
2015-09-11 12:51:08,247.3500,247.4000,247.2820,247.3400,5000
2015-09-11 12:52:01,247.2300,247.3400,247.1400,247.3400,7400
2015-09-11 12:53:34,247.1300,247.1600,247.1300,247.1600,1900
2015-09-11 12:54:19,247.1300,247.1700,247.0100,247.0200,1700
2015-09-11 12:55:57,247.1500,247.2200,246.9000,247.1400,10700
2015-09-11 12:56:03,246.8800,247.0599,246.8700,246.9600,1500
2015-09-11 12:57:54,247.0100,247.0800,246.9100,246.9100,4400
2015-09-11 12:58:00,247.0600,247.1700,247.0000,247.0400,8100
2015-09-11 12:59:05,247.0750,247.2100,247.0400,247.0400,3700
2015-09-11 13:00:59,247.0000,247.0800,246.9000,246.9900,3700
2015-09-11 13:01:06,247.1000,247.1000,247.0000,247.0000,1100
2015-09-11 13:03:42,247.1800,247.1800,247.0100,247.0100,1200
2015-09-11 13:04:00,247.1300,247.1650,247.0890,247.1600,1000
2015-09-11 13:05:43,247.2000,247.2000,247.2000,247.2000,100
2015-09-11 13:06:05,247.1620,247.3100,247.1300,247.2280,3000
2015-09-11 13:07:51,247.0700,247.0700,247.0700,247.0700,100
2015-09-11 13:08:33,247.1000,247.1500,247.0300,247.1500,900
2015-09-11 13:10:00,247.1100,247.1100,247.1100,247.1100,100
2015-09-11 13:11:31,247.1300,247.2300,247.0400,247.1500,2600
2015-09-11 13:12:46,247.0505,247.2400,247.0500,247.2200,1500
2015-09-11 13:13:09,247.2200,247.2200,247.1500,247.1600,1200
2015-09-11 13:14:07,246.9900,247.2100,246.9800,247.2100,3700
2015-09-11 13:15:23,246.8814,246.8814,246.8500,246.8500,1200
2015-09-11 13:16:02,246.9800,247.0500,246.9300,246.9300,4300
2015-09-11 13:17:14,247.0950,247.0950,247.0500,247.0500,1900
2015-09-11 13:18:39,247.0500,247.0900,247.0300,247.0900,1200
2015-09-11 13:19:58,247.0400,247.0500,247.0400,247.0500,200
2015-09-11 13:20:24,246.9600,247.0200,246.8400,247.0200,4000
2015-09-11 13:21:12,246.9300,246.9700,246.9300,246.9600,3200
2015-09-11 13:22:15,246.8400,246.9000,246.7600,246.8900,15800
2015-09-11 13:24:21,246.6500,246.7600,246.6200,246.7600,8900
2015-09-11 13:25:16,246.8700,246.8700,246.6301,246.6500,1900
2015-09-11 13:27:10,246.8320,246.9600,246.7700,246.8800,1600
2015-09-11 13:28:11,246.8500,246.8500,246.8500,246.8500,200
2015-09-11 13:30:33,246.7900,246.7900,246.7900,246.7900,700
2015-09-11 13:31:12,246.7900,246.7900,246.7900,246.7900,200
2015-09-11 13:32:04,246.6200,246.8000,246.6200,246.8000,1800
2015-09-11 13:33:06,246.8200,246.8200,246.5300,246.5800,6400
2015-09-11 13:34:02,246.7500,246.8600,246.7500,246.8600,1000
2015-09-11 13:35:02,246.6800,246.7800,246.6580,246.6600,7200
2015-09-11 13:36:11,246.6900,246.6900,246.6000,246.6200,2400
2015-09-11 13:37:25,246.4500,246.5500,246.4500,246.4700,6600
2015-09-11 13:38:58,246.3400,246.4700,246.2000,246.4300,7600
2015-09-11 13:39:00,246.3700,246.4700,246.3400,246.3400,3300
2015-09-11 13:41:55,246.2900,246.4000,246.2900,246.4000,1100
2015-09-11 13:42:04,246.3300,246.3300,246.2900,246.2900,800
2015-09-11 13:43:15,246.2200,246.2200,246.2200,246.2200,100
2015-09-11 13:44:07,246.3800,246.3900,246.2500,246.2500,3700
2015-09-11 13:45:12,246.2800,246.3300,246.2800,246.3300,500
2015-09-11 13:46:21,246.3999,246.3999,246.1900,246.1900,4200
2015-09-11 13:48:21,246.2490,246.3700,246.1300,246.2400,5900
2015-09-11 13:49:35,246.2400,246.2400,246.2400,246.2400,100
2015-09-11 13:50:08,246.2900,246.2900,246.2580,246.2580,3500
2015-09-11 13:51:00,246.1100,246.3000,246.1100,246.3000,1800
2015-09-11 13:52:59,246.1100,246.1100,246.1100,246.1100,100
2015-09-11 13:53:21,246.1900,246.1900,246.1600,246.1600,600
2015-09-11 13:54:13,246.4471,246.4700,246.3100,246.3100,2600
2015-09-11 13:55:06,246.5930,246.6600,246.5000,246.5400,5500
2015-09-11 13:57:07,246.4900,246.5700,246.4200,246.4200,3400
2015-09-11 13:58:39,246.3500,246.3500,246.3500,246.3500,200
2015-09-11 14:00:00,246.3600,246.4800,246.3600,246.4800,700
2015-09-11 14:01:31,246.4120,246.4120,246.4120,246.4120,300
2015-09-11 14:02:03,246.3700,246.5200,246.3200,246.5200,5300
2015-09-11 14:03:27,246.2700,246.2800,246.2700,246.2800,1000
2015-09-11 14:04:20,246.3500,246.3500,246.2200,246.2800,2000
2015-09-11 14:05:00,246.2100,246.6500,246.1600,246.5000,10500
2015-09-11 14:06:40,246.1700,246.2200,246.1100,246.2200,2400
2015-09-11 14:07:04,246.2300,246.3500,246.2300,246.2900,8300
2015-09-11 14:08:47,246.5000,246.5000,246.5000,246.5000,1200
2015-09-11 14:10:46,246.6000,246.6000,246.6000,246.6000,1000
2015-09-11 14:11:04,246.6600,246.7000,246.6000,246.6300,3100
2015-09-11 14:12:11,246.6100,246.6300,246.5600,246.6000,800
2015-09-11 14:13:16,246.5000,246.5600,246.5000,246.5500,4600
2015-09-11 14:16:55,246.8499,246.8499,246.5700,246.5700,2000
2015-09-11 14:17:12,246.6800,246.7800,246.5500,246.7600,4300
2015-09-11 14:18:41,246.8000,246.8500,246.6600,246.7200,4300
2015-09-11 14:19:02,246.8800,246.9000,246.6800,246.8600,11500
2015-09-11 14:20:03,246.8860,246.9700,246.8000,246.8900,3400
2015-09-11 14:21:06,247.6200,247.6200,247.0100,247.0800,32300
2015-09-11 14:22:05,247.5948,247.7400,247.5400,247.6200,13300
2015-09-11 14:23:00,247.4400,247.6900,247.3400,247.6900,6500
2015-09-11 14:24:58,247.5347,247.5500,247.4400,247.5500,1500
2015-09-11 14:25:04,247.7000,247.8000,247.4700,247.5436,11400
2015-09-11 14:26:14,247.6800,247.7000,247.5900,247.7000,1900
2015-09-11 14:27:35,247.6800,247.6800,247.6200,247.6800,1200
2015-09-11 14:28:09,247.5601,247.5601,247.5601,247.5601,2800
2015-09-11 14:29:53,247.8900,247.8900,247.6200,247.6200,6600
2015-09-11 14:30:57,248.0200,248.0200,247.7600,247.8500,18900
2015-09-11 14:31:06,248.0000,248.0527,247.9700,248.0100,5300
2015-09-11 14:32:22,247.9600,247.9820,247.9400,247.9800,4000
2015-09-11 14:33:05,247.9800,248.0000,247.9300,247.9400,2800
2015-09-11 14:34:55,248.1000,248.1000,247.9001,248.0800,3900
2015-09-11 14:35:09,248.1640,248.1700,248.1300,248.1500,4300
2015-09-11 14:36:11,248.2500,248.2500,248.1000,248.1120,5400
2015-09-11 14:37:03,248.4001,248.5400,248.2500,248.2500,12100
2015-09-11 14:38:01,248.4500,248.4500,248.3400,248.4400,8100
2015-09-11 14:39:04,248.4500,248.4500,248.2400,248.3401,2400
2015-09-11 14:40:20,248.2500,248.3800,248.2300,248.2700,1700
2015-09-11 14:41:03,248.3800,248.4300,248.2900,248.3500,6800
2015-09-11 14:43:49,248.2600,248.4989,248.2600,248.4700,5300
2015-09-11 14:44:03,248.6700,248.6700,248.3400,248.3400,23800
2015-09-11 14:45:00,249.0900,249.2000,248.6700,248.6700,16600
2015-09-11 14:46:28,249.0000,249.0400,248.8700,249.0400,3200
2015-09-11 14:47:57,248.8000,248.8900,248.8000,248.8700,8300
2015-09-11 14:48:02,248.8400,248.9400,248.7900,248.8100,4100
2015-09-11 14:49:03,249.0900,249.1100,248.7800,248.9200,16200
2015-09-11 14:50:44,249.1500,249.1500,248.9901,249.0700,15500
2015-09-11 14:51:01,249.1300,249.2000,248.9900,249.2000,11700
2015-09-11 14:52:07,249.1700,249.3689,249.1000,249.1300,14400
2015-09-11 14:53:05,248.9500,249.1500,248.7600,249.1200,9200
2015-09-11 14:54:04,248.7600,248.8500,248.7200,248.8500,5100
2015-09-11 14:55:01,248.7500,248.8200,248.7200,248.7400,4200
2015-09-11 14:56:01,248.9800,249.0000,248.8000,248.8000,1500
2015-09-11 14:57:01,248.7600,249.0000,248.7600,249.0000,8300
2015-09-11 14:58:24,248.6000,248.7700,248.6000,248.7700,2200
2015-09-11 14:59:33,248.6900,248.6900,248.6900,248.6900,100
2015-09-11 15:00:01,248.5630,248.7200,248.4000,248.7000,6500
2015-09-11 15:01:11,248.5900,248.6000,248.4400,248.4400,2800
2015-09-11 15:03:00,248.7600,248.8760,248.7600,248.8500,2800
2015-09-11 15:04:59,248.9200,248.9200,248.7900,248.8300,600
2015-09-11 15:05:01,248.8600,248.8600,248.8180,248.8479,800
2015-09-11 15:06:59,249.1600,249.2000,249.0000,249.0000,7400
2015-09-11 15:07:01,249.1800,249.1900,249.0500,249.0800,3400
2015-09-11 15:08:00,249.1800,249.1800,249.0900,249.1600,2900
2015-09-11 15:09:10,249.1300,249.2000,249.1300,249.1500,2500
2015-09-11 15:10:07,249.0800,249.1890,249.0800,249.1890,700
2015-09-11 15:11:58,249.1900,249.2000,249.0700,249.0700,10700
2015-09-11 15:12:02,249.1800,249.2500,249.1600,249.1879,4000
2015-09-11 15:13:06,249.1500,249.2500,249.1500,249.2500,3700
2015-09-11 15:14:57,249.1360,249.2150,249.1360,249.1509,6600
2015-09-11 15:15:02,249.2400,249.2500,249.2000,249.2000,1700
2015-09-11 15:16:00,249.4800,249.4800,249.3100,249.3100,5500
2015-09-11 15:17:13,249.6495,249.6900,249.4600,249.4800,7600
2015-09-11 15:18:55,249.7194,249.7900,249.6200,249.6300,8300
2015-09-11 15:19:59,249.6100,249.7800,249.6000,249.7200,5200
2015-09-11 15:20:04,249.5499,249.6173,249.4400,249.5990,5600
2015-09-11 15:21:22,249.3700,249.4600,249.3600,249.4600,700
2015-09-11 15:22:52,249.1600,249.3660,249.1600,249.3300,3500
2015-09-11 15:23:00,249.1600,249.2500,249.1300,249.1600,7900
2015-09-11 15:24:16,249.1400,249.1700,249.0200,249.1300,5700
2015-09-11 15:25:59,248.9794,249.1500,248.8500,249.0600,5700
2015-09-11 15:26:09,248.8500,249.1500,248.8500,248.9800,4800
2015-09-11 15:27:00,249.0900,249.0900,248.8100,248.8700,4600
2015-09-11 15:28:04,249.0600,249.1900,248.9100,249.1100,5600
2015-09-11 15:29:34,248.9700,249.1200,248.9700,249.1100,3100
2015-09-11 15:30:16,248.9400,248.9900,248.8300,248.8500,3900
2015-09-11 15:31:03,248.9100,248.9200,248.7600,248.8500,5400
2015-09-11 15:32:08,249.0800,249.1200,248.8800,248.9300,4800
2015-09-11 15:33:00,249.0200,249.1100,249.0200,249.1000,3600
2015-09-11 15:34:01,249.0510,249.1900,248.9600,249.0600,4100
2015-09-11 15:35:42,249.2400,249.2500,249.2100,249.2500,2600
2015-09-11 15:36:17,249.4500,249.4650,249.4500,249.4600,1000
2015-09-11 15:37:53,249.5000,249.6300,249.4400,249.4900,5400
2015-09-11 15:38:51,249.5920,249.6700,249.4500,249.5400,4800
2015-09-11 15:39:00,249.5200,249.5250,249.5100,249.5100,1000
2015-09-11 15:40:03,249.5300,249.6900,249.3500,249.5800,5500
2015-09-11 15:41:28,249.4600,249.6900,249.4600,249.6300,3600
2015-09-11 15:42:18,249.4300,249.4400,249.4000,249.4200,1800
2015-09-11 15:43:04,249.4100,249.5700,249.4100,249.5300,3900
2015-09-11 15:44:13,249.5500,249.5500,249.4000,249.4000,2700
2015-09-11 15:45:03,249.7500,249.8100,249.6300,249.6300,17000
2015-09-11 15:46:23,249.7500,249.8300,249.6200,249.6600,5000
2015-09-11 15:47:59,249.7250,249.8400,249.6500,249.7301,4300
2015-09-11 15:48:10,249.8990,249.8990,249.7000,249.7000,2200
2015-09-11 15:49:01,249.7300,249.8700,249.6400,249.8460,9300
2015-09-11 15:50:22,249.9000,249.9000,249.8000,249.8200,3100
2015-09-11 15:51:03,250.0900,250.0900,249.9100,249.9600,38000
2015-09-11 15:52:33,250.0500,250.1000,250.0200,250.0484,24000
2015-09-11 15:53:06,249.9400,250.0200,249.9100,250.0100,11000
2015-09-11 15:54:00,250.0900,250.1000,249.9600,249.9600,9900
2015-09-11 15:55:02,250.0400,250.1100,250.0400,250.0900,20500
2015-09-11 15:56:03,250.2148,250.2285,250.0600,250.0600,29700
2015-09-11 15:57:26,250.1700,250.1800,250.0100,250.0100,13300
2015-09-11 15:58:59,250.0700,250.2000,250.0100,250.1800,26000
2015-09-11 15:59:59,250.0900,250.1800,250.0500,250.0900,42300
2015-09-11 16:00:00,250.2400,250.2400,250.2400,250.2400,16900
2015-09-14 09:30:57,251.5700,251.5700,251.0001,251.1400,65900
2015-09-14 09:31:00,250.8675,251.5690,250.8001,251.4931,15200
2015-09-14 09:32:01,250.7500,251.1610,250.7500,250.8600,5000
2015-09-14 09:33:16,250.5540,250.6901,250.3500,250.6800,6600
2015-09-14 09:34:00,250.6000,250.8600,250.4660,250.6620,11400
2015-09-14 09:35:56,250.1850,250.7180,250.1000,250.5200,6700
2015-09-14 09:36:13,250.0100,250.2000,249.6700,250.1000,14800
2015-09-14 09:37:05,250.5600,250.8800,250.3400,250.4100,9400
2015-09-14 09:38:01,251.1100,251.2500,250.5300,250.5500,35800
2015-09-14 09:39:00,251.2400,251.4780,250.9800,251.0000,14000
2015-09-14 09:40:59,252.0400,252.3900,251.2900,251.2900,31100
2015-09-14 09:41:00,251.7600,252.0999,251.4801,252.0999,13200
2015-09-14 09:42:08,251.7750,251.9900,251.5100,251.6700,14200
2015-09-14 09:43:02,251.8999,252.0000,251.3699,251.6400,17600
2015-09-14 09:44:59,251.5000,251.9500,251.2300,251.5800,29900
2015-09-14 09:45:00,250.7800,251.6400,250.6200,251.2344,18500
2015-09-14 09:46:01,250.4300,250.8190,250.3801,250.7626,8800
2015-09-14 09:47:01,250.0000,250.7000,250.0000,250.6900,8800
2015-09-14 09:48:04,250.1000,250.2700,249.7101,250.0200,8100
2015-09-14 09:49:59,250.5700,250.5700,250.0500,250.1250,5300
2015-09-14 09:50:58,250.6400,250.7000,250.5200,250.5395,5000
2015-09-14 09:51:59,251.1600,251.3800,250.7000,250.7500,11900
2015-09-14 09:52:01,251.0210,251.4500,251.0210,251.1800,10700
2015-09-14 09:53:04,251.0200,251.4400,251.0200,251.1900,14300
2015-09-14 09:54:02,250.6260,251.2100,250.6000,251.2100,5000
2015-09-14 09:55:04,250.3900,250.8900,250.3544,250.5900,5000
2015-09-14 09:56:09,250.5100,250.5600,250.3200,250.3200,3100
2015-09-14 09:57:09,250.4800,250.8699,250.2101,250.5800,3800
2015-09-14 09:58:04,250.8400,251.1280,250.2300,250.2600,12200
2015-09-14 09:59:58,250.7100,250.9299,250.6300,250.6300,5000
2015-09-14 10:00:01,250.3100,250.9200,250.3100,250.7800,1800
2015-09-14 10:01:59,250.8400,250.8400,250.4200,250.4200,3600
2015-09-14 10:02:00,250.8300,250.9950,250.5920,250.7600,6900
2015-09-14 10:03:08,250.8020,250.9600,250.6550,250.6550,3500
2015-09-14 10:04:57,250.7400,250.7500,250.3500,250.6500,14900
2015-09-14 10:05:00,251.0900,251.1900,250.7400,250.7400,11100
2015-09-14 10:06:58,251.1250,251.4450,250.9000,251.0300,14700
2015-09-14 10:07:59,251.9600,251.9700,251.0100,251.1588,16000
2015-09-14 10:08:01,251.5100,251.8500,251.2600,251.8500,13200
2015-09-14 10:09:59,251.8600,252.0000,251.5100,251.5100,14300
2015-09-14 10:10:58,251.9700,252.1999,251.8045,251.8240,39900
2015-09-14 10:11:00,251.5450,252.0000,251.4401,252.0000,10600
2015-09-14 10:12:04,251.8200,251.9500,251.4400,251.4400,14200
2015-09-14 10:13:11,252.1200,252.1963,251.8990,251.9299,12600
2015-09-14 10:14:02,252.8692,252.8692,252.0201,252.1900,22800
2015-09-14 10:15:03,252.1901,252.7600,252.1901,252.7500,12000
2015-09-14 10:16:00,252.6500,252.8000,252.2000,252.3370,9500
2015-09-14 10:17:02,252.1500,252.4450,252.0508,252.3700,7600
2015-09-14 10:18:02,252.3499,252.5755,252.1400,252.1400,8100
2015-09-14 10:19:09,252.5800,252.6199,252.3500,252.3500,5900
2015-09-14 10:20:03,252.2000,252.7390,252.0700,252.7300,12000
2015-09-14 10:21:00,251.7500,252.1700,251.7500,252.1700,10000
2015-09-14 10:22:07,251.7950,252.0100,251.7350,251.8900,9200
2015-09-14 10:23:04,252.3000,252.3000,251.8500,251.8500,5500
2015-09-14 10:24:08,252.9900,252.9900,252.3300,252.4000,14100
2015-09-14 10:25:00,252.5900,252.9800,252.5400,252.8997,13700
2015-09-14 10:26:00,252.3900,252.6992,252.1600,252.5400,6200
2015-09-14 10:27:59,252.1500,252.2100,251.5800,252.2100,22200
2015-09-14 10:28:00,251.7500,252.0800,251.6820,251.9900,2900
2015-09-14 10:29:15,251.7500,251.9600,251.7500,251.8300,1800
2015-09-14 10:30:23,252.1860,252.2400,252.1000,252.1700,3100
2015-09-14 10:31:56,251.3000,252.0900,251.3000,251.9700,12200
2015-09-14 10:32:58,251.4700,251.7100,251.3200,251.3200,4900
2015-09-14 10:33:03,251.5100,251.5100,251.1500,251.1800,4000
2015-09-14 10:34:53,251.9200,252.0000,251.4114,251.4114,5200
2015-09-14 10:35:10,252.3270,252.5000,251.7000,251.7000,15000
2015-09-14 10:36:00,252.5300,252.8900,252.2000,252.2000,11900
2015-09-14 10:37:56,252.7800,252.9400,252.5901,252.6350,6900
2015-09-14 10:38:59,252.9500,252.9500,252.4500,252.6400,6600
2015-09-14 10:39:07,252.9900,252.9900,252.7950,252.9100,4200
2015-09-14 10:40:00,253.4200,253.4800,252.9045,252.9600,52200
2015-09-14 10:41:00,253.7500,253.9499,252.9100,253.2950,54900
2015-09-14 10:42:03,253.2950,253.8600,253.1700,253.6400,17600
2015-09-14 10:43:59,252.9100,253.1799,252.9100,253.1100,7700
2015-09-14 10:44:01,253.4299,253.4299,252.7100,252.9100,11800
2015-09-14 10:45:01,252.9650,253.2999,252.9500,253.1700,7000
2015-09-14 10:46:59,253.2200,253.2200,252.8000,252.9500,7900
2015-09-14 10:47:00,253.5700,253.8700,253.0200,253.0300,15800
2015-09-14 10:48:59,253.6199,253.7900,253.2950,253.4250,11200
2015-09-14 10:49:02,253.4314,253.7590,253.4000,253.5680,14900
2015-09-14 10:50:16,253.5850,253.5850,253.4134,253.5400,5100
2015-09-14 10:51:03,253.2500,253.5820,252.9300,253.5820,10500
2015-09-14 10:52:04,253.3650,253.3650,253.0500,253.2000,9400
2015-09-14 10:53:15,253.0180,253.2400,253.0000,253.2400,4400
2015-09-14 10:54:53,252.7600,253.0200,252.6700,253.0000,6600
2015-09-14 10:55:29,252.8900,252.8900,252.7600,252.7600,1000
2015-09-14 10:56:05,253.0400,253.0400,253.0400,253.0400,2000
2015-09-14 10:57:21,252.7332,252.7700,252.7000,252.7700,3200
2015-09-14 10:58:25,252.5400,252.7052,252.5400,252.7052,1200
2015-09-14 10:59:10,252.7600,252.7600,252.5700,252.6500,500
2015-09-14 11:00:11,253.1899,253.1900,252.7500,252.7500,3600
2015-09-14 11:01:45,253.3000,253.3000,253.1540,253.2000,1100
2015-09-14 11:02:54,253.1000,253.3400,253.0605,253.2601,3700
2015-09-14 11:03:03,253.6400,253.6400,253.1000,253.1000,4800
2015-09-14 11:04:59,253.6843,253.7000,253.4092,253.5890,4000
2015-09-14 11:05:00,253.5200,253.9600,253.5200,253.6843,24600
2015-09-14 11:06:09,253.2700,253.5240,253.2700,253.4900,2500
2015-09-14 11:07:03,253.0300,253.4799,253.0000,253.2800,4800
2015-09-14 11:08:12,253.3530,253.4500,253.0300,253.1900,2900
2015-09-14 11:09:59,253.5110,253.5110,253.1367,253.2100,6000
2015-09-14 11:10:04,253.4400,253.5100,253.1800,253.4800,5000
2015-09-14 11:11:01,253.2400,253.3100,253.1400,253.2300,5700
2015-09-14 11:12:05,253.0564,253.1280,253.0564,253.1200,2100
2015-09-14 11:13:04,253.1000,253.1200,253.0900,253.1200,1000
2015-09-14 11:14:59,253.4300,253.4700,253.1000,253.1740,6800
2015-09-14 11:15:03,253.4200,253.4200,253.1500,253.4000,6900
2015-09-14 11:16:55,253.2600,253.3300,253.0100,253.3300,6600
2015-09-14 11:17:01,253.3100,253.3150,253.1200,253.2300,5900
2015-09-14 11:18:02,252.8880,253.3500,252.7500,253.3000,22300
2015-09-14 11:19:03,252.8200,252.8200,252.6000,252.7800,4900
2015-09-14 11:20:06,252.9652,253.1200,252.8900,252.8900,5300
2015-09-14 11:21:06,252.4600,252.9500,252.3500,252.9500,7700
2015-09-14 11:22:15,252.7100,252.7100,252.7100,252.7100,100
2015-09-14 11:23:00,252.4986,252.7200,252.4064,252.6100,6100
2015-09-14 11:24:19,252.5301,252.7800,252.4501,252.5000,1600
2015-09-14 11:25:00,252.7699,252.7800,252.4500,252.5200,11800
2015-09-14 11:26:31,252.5100,252.7300,252.5100,252.6696,4800
2015-09-14 11:27:58,252.8200,252.8900,252.5600,252.6000,9800
2015-09-14 11:28:00,252.8600,252.9000,252.6880,252.9000,3900
2015-09-14 11:29:03,252.6100,252.7235,252.5500,252.6000,3300
2015-09-14 11:30:00,252.3000,252.7390,252.2300,252.6700,13900
2015-09-14 11:31:59,252.0000,252.3890,251.9400,252.3890,14300
2015-09-14 11:32:00,252.0800,252.0800,252.0800,252.0800,600
2015-09-14 11:32:57,252.2910,252.3250,252.0420,252.0700,5000
2015-09-14 11:33:50,252.6800,252.6800,252.0900,252.2200,3100
2015-09-14 11:34:44,252.0600,252.1100,252.0300,252.0900,5500
2015-09-14 11:35:51,252.0080,252.1499,251.9800,252.1000,8400
2015-09-14 11:36:11,252.1499,252.1499,252.1499,252.1499,100
2015-09-14 11:37:57,252.3100,252.5000,251.9700,252.1400,10700
2015-09-14 11:38:50,252.2600,252.2900,252.2600,252.2900,2600
2015-09-14 11:39:57,252.0765,252.2600,252.0500,252.2600,3700
2015-09-14 11:40:42,252.3400,252.4300,252.0450,252.0450,6400
2015-09-14 11:41:59,252.5980,252.5980,252.2800,252.2900,9800
2015-09-14 11:42:55,252.4000,252.5500,252.2600,252.5500,7600
2015-09-14 11:43:37,252.3800,252.4000,252.2700,252.3300,5700
2015-09-14 11:44:54,252.0600,252.1600,252.0000,252.1100,15100
2015-09-14 11:45:50,251.7955,252.1500,251.7600,252.0750,9400
2015-09-14 11:46:04,251.8600,251.8600,251.8600,251.8600,200
2015-09-14 11:46:45,251.7000,252.0300,251.6700,251.8600,10000
2015-09-14 11:47:58,251.9000,251.9000,251.6720,251.8300,5100
2015-09-14 11:48:57,251.8450,252.0900,251.8450,251.9000,6600
2015-09-14 11:49:54,252.0900,252.0900,252.0200,252.0200,2100
2015-09-14 11:50:51,252.0700,252.1873,252.0160,252.1873,2500
2015-09-14 11:51:58,252.2100,252.3600,252.0500,252.2199,14000
2015-09-14 11:52:05,252.2600,252.2600,252.2600,252.2600,2300
2015-09-15 09:30:37,252.5500,253.3000,252.5500,252.8550,63000
2015-09-15 09:31:58,251.1489,252.6200,250.8100,252.6200,54400
2015-09-15 09:32:43,250.8900,251.1699,250.4900,250.7013,21600
2015-09-15 09:33:01,251.0900,251.1500,250.4600,250.8050,25300
2015-09-15 09:34:03,251.4800,251.4900,250.6000,250.9800,12300
2015-09-15 09:35:59,251.0000,251.4600,250.9500,251.2300,15700
2015-09-15 09:36:59,250.1000,250.9800,249.8200,250.9800,44600
2015-09-15 09:37:03,250.3200,250.3498,250.0000,250.0400,11200
2015-09-15 09:38:58,250.0500,250.3400,249.9500,250.3400,12000
2015-09-15 09:39:01,250.2000,250.3400,249.9500,250.0400,12400
2015-09-15 09:40:05,249.9300,250.2990,249.7700,250.0200,22400
2015-09-15 09:41:18,249.8930,250.2800,249.8930,249.9000,4800
2015-09-15 09:42:00,249.7740,250.0160,249.5000,249.8910,21200
2015-09-15 09:43:01,250.1100,250.2600,249.5800,249.7000,7600
2015-09-15 09:44:58,250.4200,250.7500,249.6800,250.1980,28900
2015-09-15 09:45:05,250.3400,250.6600,250.1593,250.3848,7400
2015-09-15 09:46:01,250.3500,250.4500,250.1100,250.4499,5200
2015-09-15 09:47:03,250.2950,250.5600,250.1101,250.3500,7500
2015-09-15 09:48:18,250.2500,250.4000,250.0600,250.2750,6900
2015-09-15 09:49:00,250.7400,250.7400,250.1400,250.2500,13700
2015-09-15 09:50:00,251.2000,251.2000,250.6200,250.6200,19500
2015-09-15 09:51:01,251.4540,251.4600,251.0600,251.1900,14800
2015-09-15 09:52:59,251.1000,251.5000,251.1000,251.4900,9000
2015-09-15 09:53:00,251.4900,251.4900,251.0700,251.1350,19300
2015-09-15 09:54:59,251.9800,252.4400,251.3300,251.3300,34700
2015-09-15 09:55:00,252.3200,252.5000,252.0100,252.2400,22600
2015-09-15 09:56:01,251.9600,252.4600,251.8400,252.4000,23600
2015-09-15 09:57:58,251.6600,252.1800,251.6500,251.9520,4900
2015-09-15 09:58:58,252.0599,252.2200,251.7000,251.7600,15900
2015-09-15 09:59:00,251.9900,252.2800,251.9100,252.0150,8300
2015-09-15 10:00:58,252.1200,252.4400,252.0000,252.0000,11500
2015-09-15 10:01:00,252.3500,252.3500,251.8000,252.1500,10200
2015-09-15 10:02:00,252.2900,252.3500,252.1800,252.3500,7800
2015-09-15 10:03:59,251.9100,252.4500,251.9100,252.2400,14900
2015-09-15 10:04:57,251.6600,252.1100,251.6600,251.9300,12100
2015-09-15 10:05:00,251.6900,251.6900,251.3601,251.6600,11700
2015-09-15 10:06:05,251.3100,251.6700,251.2100,251.6700,13200
2015-09-15 10:07:03,251.4300,251.6400,251.3200,251.3300,8600
2015-09-15 10:08:08,251.1000,251.5000,251.1000,251.4200,8300
2015-09-15 10:09:02,250.8330,251.4100,250.7300,251.3300,16100
2015-09-15 10:10:03,251.3900,251.5800,250.9400,251.0000,12200
2015-09-15 10:11:01,251.2400,251.4700,251.1700,251.4500,12000
2015-09-15 10:12:06,251.2630,251.5000,251.2200,251.2300,6500
2015-09-15 10:13:01,251.4259,251.5900,251.3900,251.3900,5500
2015-09-15 10:14:56,251.2700,251.4000,250.9300,251.3500,5700
2015-09-15 10:15:00,251.1900,251.4000,251.0701,251.2800,7300
2015-09-15 10:16:03,251.2400,251.4890,251.1800,251.2200,13400
2015-09-15 10:17:04,251.1500,251.3850,251.1100,251.3850,12400
2015-09-15 10:18:04,251.3000,251.4900,251.2100,251.2100,6700
2015-09-15 10:19:17,251.5820,251.6800,251.3100,251.3100,11900
2015-09-15 10:20:05,252.0000,252.0400,251.5400,251.5600,14400
2015-09-15 10:21:05,251.8100,252.0200,251.7100,252.0000,5900
2015-09-15 10:22:59,252.0950,252.1500,251.9099,251.9099,11700
2015-09-15 10:23:00,252.0000,252.2400,252.0000,252.1800,6700
2015-09-15 10:24:59,252.1000,252.1000,251.9372,252.0650,6700
2015-09-15 10:25:00,252.0300,252.2000,252.0200,252.0750,4700
2015-09-15 10:26:00,251.8800,252.0900,251.8000,251.9650,2500
2015-09-15 10:27:09,251.8900,252.1500,251.8900,252.0200,6100
2015-09-15 10:28:01,251.9100,252.1100,251.8200,251.9800,12600
2015-09-15 10:29:58,251.9100,252.0600,251.8400,251.9500,8900
2015-09-15 10:30:59,252.5600,252.5800,251.9300,251.9400,15800
2015-09-15 10:31:03,252.6000,253.0000,252.5000,252.5800,24900
2015-09-15 10:32:00,252.4910,252.7300,252.4700,252.7200,4100
2015-09-15 10:33:03,252.5100,252.6261,252.3700,252.3700,4100
2015-09-15 10:34:05,252.2140,252.7900,252.2000,252.6300,15100
2015-09-15 10:35:12,252.1800,252.2000,252.0500,252.1800,5000
2015-09-15 10:36:54,252.1500,252.1900,252.0100,252.1100,5600
2015-09-15 10:37:01,251.7378,252.1900,251.7378,252.1500,9200
2015-09-15 10:38:00,252.0000,252.0200,251.7310,251.7310,3500
2015-09-15 10:39:01,252.2100,252.2200,251.9000,251.9600,6000
2015-09-15 10:40:00,252.4000,252.4000,252.1200,252.1899,7400
2015-09-15 10:41:59,252.6499,252.9200,252.2200,252.2700,17500
2015-09-15 10:42:02,252.7400,252.8000,252.6400,252.6400,6700
2015-09-15 10:43:15,253.0900,253.0900,252.5800,252.7995,15500
2015-09-15 10:44:05,253.1059,253.1700,252.9289,253.0300,16800
2015-09-15 10:45:59,253.1600,253.2100,252.8000,253.0500,24900
2015-09-15 10:46:02,252.9500,253.3500,252.9500,253.1000,20700
2015-09-15 10:47:04,252.9000,253.1100,252.6901,253.0060,15300
2015-09-15 10:48:10,252.7500,252.8000,252.5000,252.6800,6400
2015-09-15 10:49:07,252.5300,252.7600,252.5300,252.7500,4000
2015-09-15 10:50:52,252.7325,252.7900,252.5750,252.5750,4200
2015-09-15 10:51:05,252.7600,252.9400,252.7200,252.8900,7100
2015-09-15 10:52:56,252.8100,252.8100,252.6001,252.7500,1200
2015-09-15 10:53:12,252.8600,252.8600,252.8600,252.8600,100
2015-09-15 10:53:58,253.1054,253.1054,252.8900,252.8900,18500
2015-09-15 10:54:54,253.1100,253.1600,253.0500,253.0900,2900
2015-09-15 10:55:53,253.1688,253.2600,253.0900,253.2200,4400
2015-09-15 10:56:25,252.8230,253.2100,252.8230,253.1106,6300
2015-09-15 10:57:59,252.7050,252.9300,252.6700,252.7900,9000
2015-09-15 10:58:59,252.5900,252.7700,252.5000,252.7700,7500
2015-09-15 10:59:50,252.5600,252.6700,252.4100,252.5800,11000
2015-09-15 11:00:56,252.4500,252.6200,252.4400,252.6200,5100
2015-09-15 11:01:57,252.2761,252.5101,252.1900,252.4400,8400
2015-09-15 11:02:57,252.3000,252.5000,252.1700,252.1700,5600
2015-09-15 11:03:53,252.1801,252.4199,252.0000,252.2900,10200
2015-09-15 11:04:55,252.3203,252.4200,252.1500,252.1900,4600
2015-09-15 11:05:59,252.5900,252.5900,252.4100,252.5500,5700
2015-09-15 11:06:55,252.7300,252.7850,252.5800,252.6600,8300
2015-09-15 11:07:58,252.6600,252.7900,252.5800,252.5800,4400
2015-09-15 11:08:01,252.7600,252.7600,252.7600,252.7600,100
2015-09-15 11:09:11,252.8100,252.8600,252.7100,252.8200,2700
2015-09-15 11:10:07,252.9300,252.9500,252.7600,252.8000,5900
2015-09-15 11:11:06,252.9500,252.9500,252.9500,252.9500,100
2015-09-15 11:11:58,253.0000,253.1000,252.9700,253.0000,22100
2015-09-15 11:12:57,253.0400,253.1100,252.8800,252.9650,8400
2015-09-15 11:13:56,253.1030,253.2500,253.0500,253.0500,9300
2015-09-15 11:14:47,252.8500,253.1498,252.8500,253.1498,5600
2015-09-15 11:15:56,252.7600,253.0608,252.7000,252.9400,4600
2015-09-15 11:16:54,252.7100,252.8600,252.5900,252.8600,12900
2015-09-15 11:17:48,252.6000,252.7200,252.6000,252.6700,3800
2015-09-15 11:18:38,252.6300,252.6300,252.4300,252.6000,2600
2015-09-15 11:19:38,252.5700,252.5800,252.3700,252.5800,1600
2015-09-15 11:20:51,252.2601,252.5500,252.2601,252.5400,1900
2015-09-15 11:21:40,252.4600,252.4900,252.2800,252.2800,6100
2015-09-15 11:22:54,252.1516,252.4099,252.0700,252.3200,7400
2015-09-15 11:23:59,252.0800,252.4130,252.0800,252.4130,11300
2015-09-15 11:24:20,252.2300,252.2450,252.2100,252.2100,1500
2015-09-15 11:25:42,252.3500,252.3500,252.2600,252.3200,2300
2015-09-15 11:26:00,252.3290,252.3290,252.3290,252.3290,500
