2015-09-10 09:15:01,555.5500,556.8000,552.3500,554.9000,12400
2015-09-10 09:16:59,557.7500,557.7500,555.0500,555.0500,5200
2015-09-10 09:17:00,556.8500,558.4500,556.5500,558.4500,2400
2015-09-10 09:18:05,556.6500,556.9000,556.0000,556.8500,1800
2015-09-10 09:19:00,556.5000,556.5000,555.9000,556.0500,1200
2015-09-10 09:20:01,556.4500,556.7500,555.0000,556.3500,4200
2015-09-10 09:21:00,556.9500,557.3500,556.4000,556.4500,3100
2015-09-10 09:22:01,558.6500,558.8500,556.9500,556.9500,4700
2015-09-10 09:23:59,559.0000,559.7000,558.4500,558.4500,4800
2015-09-10 09:24:00,557.7500,559.5000,557.7500,559.0000,3300
2015-09-10 09:25:00,557.9000,558.5000,556.7500,558.2000,2300
2015-09-10 09:26:09,557.7000,558.0000,557.3500,557.5500,2200
2015-09-10 09:27:59,557.9500,558.0000,557.5000,557.5000,2500
2015-09-10 09:28:00,557.5500,558.0000,557.1000,558.0000,2800
2015-09-10 09:29:01,557.7500,558.1500,557.5000,557.5500,1600
2015-09-10 09:30:08,557.6000,558.0500,557.6000,557.7500,900
2015-09-10 09:31:59,557.2000,558.0000,557.2000,557.9500,1500
2015-09-10 09:32:00,557.1000,557.2500,557.1000,557.1500,3000
2015-09-10 09:33:00,557.1000,557.2500,557.1000,557.2000,2100
2015-09-10 09:34:59,556.9000,557.2500,556.9000,557.1000,1600
2015-09-10 09:35:59,556.3500,557.0000,556.3000,557.0000,2100
2015-09-10 09:36:00,556.0500,556.3500,555.6000,556.3500,1800
2015-09-10 09:37:59,556.1000,556.1000,555.6000,556.0000,2500
2015-09-10 09:38:00,556.1000,556.2000,555.9500,556.0500,1600
2015-09-10 09:39:01,556.7500,557.0000,556.1000,556.2000,2300
2015-09-10 09:40:01,556.4000,556.7500,556.4000,556.7500,500
2015-09-10 09:41:00,555.8000,556.4000,555.8000,556.4000,3400
2015-09-10 09:42:01,555.8500,555.9000,555.5500,555.8000,1700
2015-09-10 09:43:01,555.9000,555.9000,555.7500,555.9000,900
2015-09-10 09:44:18,556.0000,556.0000,555.9500,556.0000,3200
2015-09-10 09:45:00,556.1000,556.5000,555.9500,556.0000,2600
2015-09-10 09:46:01,556.0000,556.1000,555.9500,555.9500,2600
2015-09-10 09:47:04,556.0000,556.0000,555.9500,556.0000,2000
2015-09-10 09:48:00,555.8000,556.0000,555.8000,556.0000,2300
2015-09-10 09:49:00,555.6500,555.8500,555.6000,555.8000,1300
2015-09-10 09:50:00,555.7000,555.8000,555.6000,555.7000,1900
2015-09-10 09:51:01,555.4500,555.8500,555.1000,555.8500,2300
2015-09-10 09:52:01,555.0000,555.5000,554.8000,555.0000,7100
2015-09-10 09:53:03,554.7000,555.3000,554.7000,555.0000,1800
2015-09-10 09:54:01,554.6500,555.1500,554.6500,554.7500,1700
2015-09-10 09:55:02,556.2500,556.4500,554.6500,554.8000,12000
2015-09-10 09:56:06,556.5000,556.5000,556.3500,556.3500,1300
2015-09-10 09:57:00,558.1500,558.3500,556.9000,556.9000,19500
2015-09-10 09:58:01,556.2000,558.9500,556.2000,558.5500,13100
2015-09-10 09:59:03,557.2000,557.2000,556.2000,556.4500,2100
2015-09-10 10:00:01,557.3000,557.4500,556.8500,556.8500,1600
2015-09-10 10:01:59,556.7500,557.2500,556.7500,557.2500,3000
2015-09-10 10:02:00,555.9500,556.9000,555.4000,556.9000,2300
2015-09-10 10:03:00,556.0500,556.0500,555.6500,555.9000,1500
2015-09-10 10:04:02,555.9000,556.0500,555.9000,556.0500,800
2015-09-10 10:05:00,556.4000,556.5500,555.9000,556.0500,3000
2015-09-10 10:06:01,555.6000,556.7500,555.6000,556.7500,1600
2015-09-10 10:07:01,555.6000,555.8000,555.6000,555.8000,600
2015-09-10 10:08:04,555.7000,555.7500,555.6000,555.7000,1700
2015-09-10 10:09:59,555.8000,555.8000,555.6000,555.6000,2600
2015-09-10 10:10:01,556.1500,556.3000,555.5000,555.7000,4500
2015-09-10 10:11:00,555.7500,556.3000,555.0000,556.2500,5900
2015-09-10 10:12:01,555.9000,556.1000,555.7500,556.1000,2000
2015-09-10 10:13:01,555.9000,556.4500,555.8500,555.9000,1200
2015-09-10 10:14:07,556.0000,556.2500,555.7000,556.2500,100
2015-09-10 10:15:00,556.0000,556.0000,555.7500,556.0000,1300
2015-09-10 10:16:02,555.7500,556.0000,555.7500,555.9500,700
2015-09-10 10:17:59,555.9000,556.0000,555.9000,556.0000,400
2015-09-10 10:18:00,555.6000,556.0000,555.6000,556.0000,600
2015-09-10 10:19:00,555.8500,556.0000,555.6000,555.6000,400
2015-09-10 10:20:00,555.6000,555.9500,555.6000,555.8500,3500
2015-09-10 10:21:01,555.4500,555.9500,555.0000,555.9500,4300
2015-09-10 10:22:01,555.1500,555.4500,555.1500,555.4500,800
2015-09-10 10:23:06,555.1500,555.1500,554.7000,555.0000,1600
2015-09-10 10:24:00,555.9000,555.9500,555.2000,555.2000,2600
2015-09-10 10:25:02,555.9500,555.9500,555.6000,555.8500,900
2015-09-10 10:26:02,555.6000,555.9500,555.0000,555.9500,453200
2015-09-10 10:27:01,555.3500,555.6000,555.0500,555.6000,1800
2015-09-10 10:28:01,555.6000,555.6000,555.4000,555.6000,500
2015-09-10 10:29:00,555.7000,555.7000,555.6500,555.7000,1800
2015-09-10 10:30:00,555.9500,556.0000,555.6500,555.7000,1200
2015-09-10 10:31:00,556.0000,556.0000,555.9500,556.0000,4300
2015-09-10 10:32:01,556.0000,556.0000,556.0000,556.0000,1100
2015-09-10 10:33:00,555.6000,556.0000,555.6000,556.0000,1500
2015-09-10 10:34:01,554.5500,555.7500,554.5000,555.7500,7200
2015-09-10 10:35:04,554.5000,554.5000,554.2000,554.2000,6400
2015-09-10 10:36:01,554.2500,554.5000,554.0000,554.5000,3100
2015-09-10 10:37:59,553.6000,554.2500,553.5000,554.2500,3800
2015-09-10 10:38:00,553.5500,553.6500,553.3000,553.6000,2200
2015-09-10 10:39:59,554.0000,554.0000,553.3500,553.7000,3200
2015-09-10 10:40:00,554.0000,554.3500,553.5500,554.2000,3100
2015-09-10 10:41:58,554.0000,554.0000,553.6500,554.0000,3700
2015-09-10 10:42:00,553.9000,554.0000,553.7500,554.0000,3600
2015-09-10 10:43:01,553.9500,554.0000,553.7500,553.9000,2500
2015-09-10 10:44:58,553.5000,553.9500,553.1500,553.9500,3100
2015-09-10 10:45:00,553.5000,553.5500,553.1500,553.5000,3800
2015-09-10 10:46:03,553.4000,553.5500,553.2500,553.5500,1100
2015-09-10 10:47:59,553.4500,553.5000,553.3500,553.4000,500
2015-09-10 10:48:00,553.5000,553.5000,553.3500,553.5000,1400
2015-09-10 10:49:02,553.5000,553.5000,553.4000,553.4000,100
2015-09-10 10:50:08,552.0000,553.4500,552.0000,553.4500,13700
2015-09-10 10:51:59,552.1500,552.1500,551.1500,552.0000,5800
2015-09-10 10:52:00,553.1000,553.2000,552.1000,552.1500,3800
2015-09-10 10:53:04,553.2500,553.5000,553.0000,553.1000,700
2015-09-10 10:54:01,553.7000,553.7000,553.4500,553.4500,2400
2015-09-10 10:55:00,553.9000,553.9000,553.7500,553.7500,200
2015-09-10 10:56:02,554.1500,554.2500,554.0000,554.0000,1900
2015-09-10 10:57:00,554.1000,554.3000,554.1000,554.3000,500
2015-09-10 10:58:00,554.2000,554.2000,553.9000,554.1000,400
2015-09-10 10:59:00,556.0000,556.0000,554.2000,554.2000,7500
2015-09-10 11:00:01,555.6500,556.0000,555.3500,556.0000,2400
2015-09-10 11:01:02,555.8000,555.9500,555.3500,555.3500,2800
2015-09-10 11:02:03,555.9500,556.0000,555.4000,556.0000,3600
2015-09-10 11:03:02,555.9500,556.0000,555.2000,556.0000,1700
2015-09-10 11:04:03,555.6000,555.7000,555.4000,555.4500,2000
2015-09-10 11:05:05,555.9000,555.9000,554.6500,555.4500,2100
2015-09-10 11:06:01,555.8500,555.9000,555.5000,555.9000,5500
2015-09-10 11:07:01,555.5000,555.9500,555.5000,555.8000,2800
2015-09-10 11:08:00,555.6500,555.6500,555.2000,555.5000,1300
2015-09-10 11:09:01,555.8000,555.8000,555.5000,555.6500,252600
2015-09-10 11:10:10,555.8000,555.8000,555.5000,555.8000,900
2015-09-10 11:11:04,555.7500,555.8000,555.5000,555.8000,600
2015-09-10 11:12:01,555.7000,555.8000,555.2500,555.7500,2300
2015-09-10 11:13:01,555.1500,555.7500,555.0000,555.7000,3300
2015-09-10 11:14:00,555.4500,555.6000,555.1500,555.5500,2000
2015-09-10 11:15:01,555.6000,555.6000,555.4500,555.6000,1100
2015-09-10 11:16:00,555.6000,555.6000,555.5500,555.6000,500
2015-09-10 11:17:04,555.1500,555.6000,555.1500,555.4500,1100
2015-09-10 11:18:00,555.6500,555.6500,555.1500,555.6500,700
2015-09-10 11:19:00,555.4000,555.6500,555.4000,555.6500,700
2015-09-10 11:20:00,555.7000,555.7000,555.6500,555.6500,900
2015-09-10 11:21:00,556.0000,556.0000,555.7000,555.7000,4400
2015-09-10 11:22:02,555.9000,556.0000,555.9000,555.9500,400
2015-09-10 11:23:00,555.6500,556.0000,555.6500,555.9000,900
2015-09-10 11:24:01,555.9000,556.0000,555.6500,556.0000,900
2015-09-10 11:25:01,555.2500,555.9500,555.2500,555.9500,900
2015-09-10 11:26:06,555.4000,555.5000,555.0000,555.5000,1100
2015-09-10 11:27:01,555.4500,555.5000,555.4000,555.5000,900
2015-09-10 11:28:07,555.6000,555.6500,555.4500,555.5000,1700
2015-09-10 11:29:00,555.6500,555.6500,555.6000,555.6500,700
2015-09-10 11:30:00,555.6500,555.6500,555.6000,555.6500,900
2015-09-10 11:31:00,555.7500,555.8000,555.6000,555.6500,900
2015-09-10 11:32:00,555.7500,555.8500,555.6000,555.7000,1200
2015-09-10 11:33:00,555.0000,555.8500,555.0000,555.7500,2900
2015-09-10 11:34:04,555.1000,555.7000,555.1000,555.5500,1700
2015-09-10 11:35:06,555.6000,555.6000,555.0500,555.1000,700
2015-09-10 11:36:02,555.2000,555.6000,555.1500,555.6000,1000
2015-09-10 11:37:02,554.4000,555.5500,554.4000,555.2000,1200
2015-09-10 11:38:13,554.2500,554.6000,554.0000,554.6000,1400
2015-09-10 11:39:59,554.3500,554.3500,554.0000,554.0000,1800
2015-09-10 11:40:00,554.0000,554.4000,554.0000,554.3500,1000
2015-09-10 11:41:04,554.0000,554.4000,554.0000,554.1000,1800
2015-09-10 11:42:00,553.8000,554.4500,553.7500,554.4500,1000
2015-09-10 11:43:06,554.1000,554.1500,553.6000,553.8000,1000
2015-09-10 11:44:00,553.5500,554.2000,553.5500,553.8000,1400
2015-09-10 11:45:01,553.3000,554.1500,553.3000,554.0500,2200
2015-09-10 11:46:01,553.8000,553.8000,553.4000,553.6500,1900
2015-09-10 11:47:00,553.5000,553.8500,553.3500,553.5000,2000
2015-09-10 11:48:01,553.9000,553.9500,553.3500,553.9000,1600
2015-09-10 11:49:07,553.9000,553.9500,553.5000,553.5000,1100
2015-09-10 11:50:14,553.9500,553.9500,553.9000,553.9000,200
2015-09-10 11:51:00,554.0000,554.2500,553.9500,553.9500,3000
2015-09-10 11:52:08,554.1000,554.1000,553.6500,554.0000,700
2015-09-10 11:53:07,554.0000,554.2500,554.0000,554.0500,800
2015-09-10 11:54:00,554.0000,554.2500,553.9500,554.2000,1400
2015-09-10 11:55:07,553.9500,554.0000,553.9500,554.0000,300
2015-09-10 11:56:00,553.9000,554.0000,553.6500,554.0000,1600
2015-09-10 11:57:01,553.6500,553.9500,553.4500,553.8500,1400
2015-09-10 11:58:59,553.9000,553.9000,553.7000,553.7000,2000
2015-09-10 11:59:00,554.6000,554.7000,553.9000,553.9000,1700
2015-09-10 12:00:01,554.6500,555.7500,554.3000,554.6000,2400
2015-09-10 12:01:04,553.9500,554.6500,553.9500,554.6500,3800
2015-09-10 12:02:06,554.0000,554.0000,553.9500,554.0000,700
2015-09-10 12:03:00,554.7500,554.8000,554.0000,554.0000,2100
2015-09-10 12:04:06,555.0000,555.5000,555.0000,555.0000,3100
2015-09-10 12:05:16,555.2000,555.3500,555.1500,555.1500,400
2015-09-10 12:06:01,555.9000,555.9000,554.8000,555.1000,1600
2015-09-10 12:07:00,555.7000,556.0000,555.7000,555.8500,1800
2015-09-10 12:08:00,555.9000,556.0000,555.7000,555.7000,900
2015-09-10 12:09:01,555.9000,556.0000,555.7000,555.9000,800
2015-09-10 12:10:01,555.9000,555.9500,555.8500,555.9000,1400
2015-09-10 12:11:15,555.8000,555.9500,555.7000,555.8500,1000
2015-09-10 12:12:00,555.8500,555.9000,555.7000,555.9000,800
2015-09-10 12:13:00,555.6500,555.8500,555.3500,555.8500,900
2015-09-10 12:14:59,555.5500,555.6500,555.4000,555.4000,300
2015-09-10 12:15:01,555.6500,555.6500,555.6000,555.6500,1500
2015-09-10 12:16:01,555.6000,555.7000,555.5500,555.6500,1200
2015-09-10 12:17:40,555.5500,555.6500,555.3500,555.3500,1000
2015-09-10 12:18:00,555.4000,555.5500,555.1000,555.5500,1400
2015-09-10 12:19:01,554.7000,555.4000,554.7000,555.4000,1200
2015-09-10 12:20:34,554.5500,554.6500,554.5000,554.6000,900
2015-09-10 12:21:02,554.5000,554.5000,554.2000,554.5000,1300
2015-09-10 12:22:00,554.3000,554.5000,554.3000,554.5000,200
2015-09-10 12:23:07,554.5000,554.5500,554.3500,554.3500,3900
2015-09-10 12:24:00,554.5500,554.5500,554.5500,554.5500,300
2015-09-10 12:25:00,554.6500,554.6500,554.5500,554.5500,1200
2015-09-10 12:26:00,555.1500,555.1500,554.6500,554.6500,400
2015-09-10 12:27:00,555.3000,555.3000,555.1500,555.1500,300
2015-09-10 12:28:00,555.3000,555.3000,555.2500,555.3000,400
2015-09-10 12:29:01,555.3500,555.4000,555.3500,555.4000,1000
2015-09-10 12:30:00,555.3500,555.4000,555.3500,555.4000,1000
2015-09-10 12:31:01,554.7000,555.4000,554.4500,555.4000,2100
2015-09-10 12:32:58,554.6500,554.6500,554.4500,554.5000,400
2015-09-10 12:33:00,554.5000,554.6500,554.4500,554.6500,1000
2015-09-10 12:34:59,554.7000,554.7000,554.6500,554.6500,500
2015-09-10 12:35:00,554.7000,554.7500,554.7000,554.7000,400
2015-09-10 12:36:00,554.8500,554.8500,554.7000,554.7500,1500
2015-09-10 12:37:01,555.4000,555.4000,554.8000,554.8000,800
2015-09-10 12:38:05,555.4500,555.4500,555.4000,555.4000,900
2015-09-10 12:39:00,556.0000,556.0000,555.4500,555.4500,700
2015-09-10 12:40:01,555.9000,556.0000,555.7000,555.9500,1700
2015-09-10 12:41:05,555.7000,555.8000,555.7000,555.8000,400
2015-09-10 12:42:00,555.8000,555.8000,555.7000,555.8000,100
2015-09-10 12:43:06,555.8000,555.8000,555.8000,555.8000,200
2015-09-10 12:44:00,555.9000,555.9000,555.4500,555.8000,1500
2015-09-10 12:45:06,555.8500,555.9000,555.6000,555.6000,600
2015-09-10 12:46:02,555.8500,555.9000,555.6000,555.8500,800
2015-09-10 12:47:01,555.9000,555.9000,555.7500,555.9000,500
2015-09-10 12:48:01,555.6000,555.9000,555.6000,555.9000,1200
2015-09-10 12:49:01,555.7000,555.7500,555.6000,555.7500,400
2015-09-10 12:50:02,555.7500,555.7500,555.7500,555.7500,100
2015-09-10 12:51:00,555.7500,555.7500,555.7000,555.7500,2500
2015-09-10 12:52:05,555.5500,555.7000,555.5000,555.7000,1000
2015-09-10 12:53:03,555.2000,555.5500,555.1000,555.5500,2600
2015-09-10 12:54:01,555.0500,555.2500,555.0500,555.2500,900
2015-09-10 12:55:06,554.2500,555.0500,554.2500,555.0500,1400
2015-09-10 12:56:02,553.5000,554.2000,553.5000,554.2000,1500
2015-09-10 12:57:01,553.8500,553.9000,553.2500,553.5000,3000
2015-09-10 12:58:09,554.1000,554.6500,553.8500,553.9000,2800
2015-09-10 12:59:00,554.1000,554.4000,554.1000,554.3000,100
2015-09-10 13:00:00,554.2500,554.4000,554.2500,554.2500,900
2015-09-10 13:01:14,554.1500,554.3500,554.1000,554.3500,800
2015-09-10 13:02:02,554.2500,554.3000,554.2500,554.2500,500
2015-09-10 13:03:59,554.2500,554.3000,554.2500,554.2500,1600
2015-09-10 13:04:00,554.4500,554.4500,554.3000,554.3000,1300
2015-09-10 13:05:01,554.4500,554.4500,554.4000,554.4500,400
2015-09-10 13:06:01,554.4500,554.4500,554.4500,554.4500,300
2015-09-10 13:07:00,554.5500,554.5500,554.4500,554.4500,400
2015-09-10 13:08:07,554.5500,554.5500,554.5500,554.5500,500
2015-09-10 13:09:00,555.0500,555.0500,554.9000,554.9000,600
2015-09-10 13:10:07,555.0000,555.0500,555.0000,555.0000,1300
2015-09-10 13:11:59,554.8500,555.0500,554.7500,555.0500,1200
2015-09-10 13:12:00,555.6500,555.7000,554.8000,554.8500,2200
2015-09-10 13:13:13,555.7000,555.7000,555.7000,555.7000,0
2015-09-10 13:14:00,555.7500,555.7500,555.6000,555.7000,200
2015-09-10 13:15:00,555.6000,555.8000,555.6000,555.7500,400
2015-09-10 13:16:01,555.7500,555.8000,555.7000,555.7000,1100
2015-09-10 13:17:06,554.7500,555.8000,554.7500,555.8000,1900
2015-09-10 13:18:02,554.9500,555.2000,554.9500,555.1500,1200
2015-09-10 13:19:21,555.0000,555.0000,555.0000,555.0000,0
2015-09-10 13:20:05,555.1000,555.1000,554.8000,554.8000,600
2015-09-10 13:21:01,555.2500,555.2500,555.0000,555.1000,1100
2015-09-10 13:22:09,555.2500,555.2500,555.2500,555.2500,100
2015-09-10 13:23:59,555.2000,555.2500,555.1000,555.2500,1300
2015-09-10 13:24:00,555.2500,555.2500,555.1000,555.2000,400
2015-09-10 13:25:59,555.3500,555.3500,555.3500,555.3500,300
2015-09-10 13:26:59,555.8000,555.8000,555.3500,555.3500,1500
2015-09-10 13:27:00,556.8000,557.2000,555.8000,555.8000,7200
2015-09-10 13:28:01,557.0000,557.0000,556.8000,557.0000,1100
2015-09-10 13:29:00,556.9000,557.3000,556.9000,557.0000,2700
2015-09-10 13:30:00,556.2000,556.2500,555.2500,556.2500,2600
2015-09-10 13:31:02,556.2000,556.6000,556.2000,556.2000,400
2015-09-10 13:32:03,556.3000,556.4500,556.2500,556.2500,300
2015-09-10 13:33:01,557.0500,557.0500,556.4000,556.4000,2700
2015-09-10 13:34:00,556.8000,557.0500,556.7000,557.0500,1800
2015-09-10 13:35:13,556.6000,556.8000,556.6000,556.6000,100
2015-09-10 13:36:01,557.0000,557.0000,556.8500,556.9000,1400
2015-09-10 13:37:00,556.9500,557.0000,556.8500,557.0000,2900
2015-09-10 13:38:05,556.9500,557.0000,556.9500,556.9500,1800
2015-09-10 13:39:00,556.5500,556.6000,556.3000,556.6000,600
2015-09-10 13:40:00,556.5500,556.5500,556.4500,556.5500,600
2015-09-10 13:41:09,556.6500,556.6500,556.4500,556.5500,2100
2015-09-10 13:42:01,556.8500,557.0000,556.8000,556.9000,2100
2015-09-10 13:43:05,556.9000,557.0000,556.9000,556.9000,500
2015-09-10 13:44:15,556.9000,557.0000,556.9000,556.9000,600
2015-09-10 13:45:00,556.8000,556.9000,556.3000,556.9000,1100
2015-09-10 13:46:01,556.5500,556.8500,556.5500,556.8500,2100
2015-09-10 13:47:24,556.5500,556.5500,556.3000,556.5500,200
2015-09-10 13:48:00,556.9500,556.9500,556.5500,556.5500,900
2015-09-10 13:49:02,556.8000,557.0000,556.8000,557.0000,600
2015-09-10 13:50:16,557.0000,557.0000,556.8000,556.8000,500
2015-09-10 13:51:59,556.8000,557.0000,556.8000,557.0000,200
2015-09-10 13:52:01,557.4000,557.4000,556.8500,557.0000,7600
2015-09-10 13:53:01,557.1000,557.3000,557.1000,557.2500,1100
2015-09-10 13:54:01,557.0000,557.2000,556.5000,557.2000,2100
2015-09-10 13:55:00,556.5000,556.8500,556.5000,556.7500,900
2015-09-10 13:56:04,555.6000,556.5000,555.2500,556.5000,1300
2015-09-10 13:57:00,555.5000,555.8500,555.2500,555.4500,4700
2015-09-10 13:58:00,555.3500,555.6000,555.1000,555.5000,3200
2015-09-10 13:59:59,553.7500,555.3500,553.2000,555.3500,4900
2015-09-10 14:00:00,554.3000,554.4000,553.7500,553.7500,1200
2015-09-10 14:01:01,553.4000,554.3500,553.3500,554.2500,2400
2015-09-10 14:02:01,552.6500,553.4000,552.3000,553.4000,5700
2015-09-10 14:03:01,552.8000,552.8500,552.4500,552.6500,2400
2015-09-10 14:04:04,552.3000,553.0000,552.3000,553.0000,1700
2015-09-10 14:05:59,553.5500,553.5500,552.5000,552.6500,2100
2015-09-10 14:06:00,554.6000,554.6000,553.5000,553.5000,2900
2015-09-10 14:07:00,553.8500,554.7500,553.7500,554.6000,2100
2015-09-10 14:08:07,553.6500,553.8000,553.6000,553.7500,4700
2015-09-10 14:09:04,553.8000,553.8000,553.6000,553.8000,1100
2015-09-10 14:10:06,553.9000,553.9000,553.4000,553.8000,2300
2015-09-10 14:11:02,553.8000,554.0000,553.8000,553.8500,2700
2015-09-10 14:12:15,553.8000,554.0000,553.7000,553.9000,900
2015-09-10 14:13:02,553.7500,553.7500,553.6500,553.7000,1600
2015-09-10 14:14:00,553.4000,553.7500,553.1500,553.7000,3100
2015-09-10 14:15:18,553.4000,553.5500,553.4000,553.5500,700
2015-09-10 14:16:00,553.2500,553.5500,553.2500,553.5500,1300
2015-09-10 14:17:08,553.7500,553.7500,553.2500,553.4000,4900
2015-09-10 14:18:00,552.8000,553.6500,552.8000,553.6000,9400
2015-09-10 14:19:18,552.9500,553.0000,552.9000,553.0000,3300
2015-09-10 14:20:53,552.9500,553.0000,552.9500,553.0000,2800
2015-09-10 14:21:00,552.9500,553.0000,552.9000,553.0000,1700
2015-09-10 14:22:16,553.0000,553.0000,553.0000,553.0000,1100
2015-09-10 14:23:09,553.1000,553.1000,552.9000,553.0000,2800
2015-09-10 14:24:00,553.5500,553.6500,553.1000,553.1000,4000
2015-09-10 14:25:03,553.7000,553.7000,553.5000,553.5500,400
2015-09-10 14:26:00,553.7500,553.7500,553.5500,553.7000,900
2015-09-10 14:27:04,553.5500,553.8000,553.5500,553.7500,900
2015-09-10 14:28:59,553.7000,553.7000,553.7000,553.7000,500
2015-09-10 14:29:59,553.5000,553.8000,553.2000,553.7000,2800
2015-09-10 14:30:00,553.4500,553.6500,553.2000,553.6000,1100
2015-09-10 14:31:00,553.6500,553.6500,553.4500,553.6000,1100
2015-09-10 14:32:05,553.6500,553.7000,553.6500,553.6500,100
2015-09-10 14:33:10,553.5000,553.7000,553.5000,553.7000,300
2015-09-10 14:34:04,553.7500,553.7500,553.5000,553.5000,1300
2015-09-10 14:35:59,554.5000,554.6500,553.7000,553.8000,3300
2015-09-10 14:36:00,554.7000,554.7000,554.5000,554.6000,1400
2015-09-10 14:37:00,554.7000,554.7000,554.6000,554.7000,500
2015-09-10 14:38:00,554.7000,554.7000,554.4500,554.7000,500
2015-09-10 14:39:01,554.6000,554.8000,554.3500,554.7000,600
2015-09-10 14:40:28,554.1500,554.5000,554.1500,554.5000,200
2015-09-10 14:41:01,554.0000,554.2500,553.8000,554.2000,2300
2015-09-10 14:42:02,554.0500,554.1000,553.5500,553.7500,1100
2015-09-10 14:43:15,554.1000,554.1000,554.0000,554.0000,400
2015-09-10 14:44:13,554.1000,554.1000,554.0000,554.1000,700
2015-09-10 14:45:04,554.1500,554.1500,553.7500,554.1000,600
2015-09-10 14:46:01,554.0000,554.0000,553.7000,554.0000,700
2015-09-10 14:47:00,553.8500,554.0000,553.8500,553.9500,400
2015-09-10 14:48:02,552.6500,553.7000,552.6500,553.7000,3600
2015-09-10 14:49:59,552.8000,552.9500,552.5000,552.9000,7300
2015-09-10 14:50:00,551.7500,552.8000,551.7500,552.5000,6700
2015-09-10 14:51:03,551.9000,552.0000,551.6500,552.0000,2400
2015-09-10 14:52:02,551.8000,552.0000,551.1500,551.9000,8700
2015-09-10 14:53:00,551.3000,551.9500,551.3000,551.7500,6600
2015-09-10 14:54:02,550.5000,551.8000,550.5000,551.7500,15500
2015-09-10 14:55:05,550.8000,551.6500,550.5000,550.5000,7900
2015-09-10 14:56:03,551.3500,551.5000,550.7500,550.7500,7000
2015-09-10 14:57:59,551.8500,552.2500,551.1500,551.3500,6400
2015-09-10 14:58:59,552.0000,552.3000,551.7500,552.0500,6600
2015-09-10 14:59:00,551.5500,552.3000,551.5500,552.1000,6200
2015-09-10 15:00:03,551.0500,552.2500,551.0500,552.1500,7300
2015-09-10 15:01:07,551.4000,552.0000,551.1000,551.4500,6200
2015-09-10 15:02:04,551.1500,551.9500,551.1500,551.5500,5500
2015-09-10 15:03:05,551.3000,551.5500,551.0500,551.5000,3000
2015-09-10 15:04:00,551.1000,551.5500,551.0500,551.0500,6200
2015-09-10 15:05:08,551.1000,551.5500,551.1000,551.1000,6900
2015-09-10 15:06:01,551.0000,551.6000,551.0000,551.4000,7600
2015-09-10 15:07:59,550.4000,551.4500,550.4000,551.4500,7200
2015-09-10 15:08:59,551.0500,551.3000,550.4000,550.9000,7200
2015-09-10 15:09:59,551.1000,551.9000,550.9500,551.0000,5500
2015-09-10 15:10:59,551.6000,551.8500,550.9000,551.3500,6100
2015-09-10 15:11:00,551.8000,552.0000,551.6000,551.6000,5100
2015-09-10 15:12:01,551.2500,552.4500,551.2500,552.0000,8900
2015-09-10 15:13:01,551.3000,551.9000,551.3000,551.8000,5800
2015-09-10 15:14:01,551.7000,552.1500,551.4500,551.4500,6000
2015-09-10 15:15:59,552.2000,552.4500,551.7500,551.8000,5200
2015-09-10 15:16:59,552.0000,552.5000,551.8500,552.3500,6500
2015-09-10 15:17:00,551.8000,552.9000,551.6500,552.0500,11100
2015-09-10 15:18:59,551.3000,552.0000,551.3000,551.8500,6300
2015-09-10 15:19:00,551.5000,552.0500,551.5000,551.7500,6200
2015-09-10 15:20:59,551.6500,552.1000,551.5500,551.8000,6100
2015-09-10 15:21:59,552.4000,552.4500,551.7500,551.9000,6400
2015-09-10 15:22:00,553.4000,553.6000,552.4000,552.4000,7200
2015-09-10 15:23:01,553.4000,553.8000,553.0000,553.8000,6200
2015-09-10 15:24:00,552.6500,553.2500,552.6000,553.0000,4100
2015-09-10 15:25:00,552.6500,552.8000,552.6000,552.6000,4600
2015-09-10 15:26:01,553.5000,553.8500,552.5500,552.6000,6100
2015-09-10 15:27:59,553.1500,554.0000,552.8000,553.5000,7600
2015-09-10 15:28:59,554.8500,555.0000,553.0000,554.9000,10700
2015-09-10 15:29:00,554.1000,554.1000,554.1000,554.1000,0
2015-09-11 09:15:59,556.0000,558.6000,555.0000,555.0000,6900
2015-09-11 09:16:00,555.5000,556.0000,555.4000,556.0000,1700
2015-09-11 09:17:01,556.8500,557.0000,555.8000,555.9000,4800
2015-09-11 09:18:02,556.7500,556.9000,556.6000,556.9000,2700
2015-09-11 09:19:59,556.7000,556.9000,555.8000,556.6500,5400
2015-09-11 09:20:00,555.6000,556.7000,555.6000,556.7000,2400
2015-09-11 09:21:04,556.0000,556.4500,555.9500,556.4000,2800
2015-09-11 09:22:01,556.1500,556.2500,555.5000,556.2000,4000
2015-09-11 09:23:59,555.8500,556.3000,555.6500,555.6500,4300
2015-09-11 09:24:00,556.0000,556.3000,555.8500,555.8500,2200
2015-09-11 09:25:07,556.2500,556.3000,555.7000,556.0000,2300
2015-09-11 09:26:01,555.9500,556.2500,555.7000,556.2500,3000
2015-09-11 09:27:00,556.2500,556.4500,555.7000,555.7000,2000
2015-09-11 09:28:59,557.7000,557.7000,556.5000,556.5000,1700
2015-09-11 09:29:00,557.4000,557.7500,557.3000,557.5500,1800
2015-09-11 09:30:01,557.0500,557.4000,556.5500,557.4000,1400
2015-09-11 09:31:59,556.6000,557.2000,556.5000,557.0500,2000
2015-09-11 09:32:59,556.2500,556.6000,556.2500,556.6000,1900
2015-09-11 09:33:59,556.3500,556.4000,555.2500,556.3000,14400
2015-09-11 09:34:00,557.2000,557.2000,556.2500,556.3500,5200
2015-09-11 09:35:04,556.3500,557.1500,556.3000,557.1500,2600
2015-09-11 09:36:59,557.2000,557.2500,556.6000,556.6500,1500
2015-09-11 09:37:00,557.0500,557.2500,557.0000,557.2000,1700
2015-09-11 09:38:03,557.0500,557.2500,557.0500,557.2000,1300
2015-09-11 09:39:06,556.6000,557.1000,556.5500,557.0500,1500
2015-09-11 09:40:00,557.0000,557.2000,556.6000,556.6000,700
2015-09-11 09:41:05,557.3500,557.4000,557.0000,557.2000,1100
2015-09-11 09:42:00,557.5500,557.7000,557.2000,557.4000,2400
2015-09-11 09:43:00,557.4000,557.4000,557.0500,557.2000,2900
2015-09-11 09:44:22,557.0000,557.1000,556.5000,557.1000,1600
2015-09-11 09:45:00,556.9000,556.9000,556.8500,556.8500,0
2015-09-11 09:46:00,556.9000,557.1000,556.9000,557.1000,300
2015-09-11 09:47:04,557.1000,557.1000,556.8500,556.9000,1600
2015-09-11 09:48:17,557.4500,557.4500,557.2000,557.2000,300
2015-09-11 09:49:02,557.5000,557.7500,557.4000,557.4000,500
2015-09-11 09:50:13,557.7500,557.7500,557.5000,557.5000,200
2015-09-11 09:51:59,558.6500,558.7000,557.8000,557.8000,4000
2015-09-11 09:52:00,558.9000,558.9500,558.4500,558.6500,5600
2015-09-11 09:53:59,559.4000,559.6500,559.1500,559.4500,2700
2015-09-11 09:54:00,559.4000,559.5500,559.1500,559.5000,4300
2015-09-11 09:55:00,560.4000,560.4000,559.5000,559.5000,5300
2015-09-11 09:56:03,560.3000,560.5000,560.1500,560.3500,3400
2015-09-11 09:57:02,560.5000,560.8000,560.2000,560.4000,2400
2015-09-11 09:58:09,560.5000,560.6500,560.5000,560.5500,400
2015-09-11 09:59:06,560.4000,560.7000,560.4000,560.5000,1100
2015-09-11 10:00:01,560.7000,560.7000,560.4000,560.4000,800
2015-09-11 10:01:02,560.8500,560.8500,560.5500,560.6500,2000
2015-09-11 10:02:01,560.8500,560.8500,560.7000,560.8500,600
2015-09-11 10:03:00,560.9000,561.0000,560.8000,560.8500,1300
2015-09-11 10:04:59,560.5000,561.0000,560.2000,560.8500,4200
2015-09-11 10:05:00,560.0000,560.5000,560.0000,560.5000,2200
2015-09-11 10:06:04,559.6000,559.9500,559.6000,559.9500,1100
2015-09-11 10:07:02,559.6000,559.8000,559.6000,559.6000,500
2015-09-11 10:08:01,559.6000,559.7500,559.5500,559.6000,800
2015-09-11 10:09:02,559.8500,559.9000,559.6000,559.6000,1400
2015-09-11 10:10:04,560.5500,560.7000,560.0000,560.0000,2400
2015-09-11 10:11:00,560.5000,560.5500,560.4500,560.5500,1500
2015-09-11 10:12:16,560.4500,560.5000,560.4500,560.5000,400
2015-09-11 10:13:06,560.6500,560.8500,560.6000,560.7500,4100
2015-09-11 10:14:01,560.8000,560.8000,560.6000,560.7500,2400
2015-09-11 10:15:22,560.7500,561.0000,560.7500,561.0000,1000
2015-09-11 10:16:01,560.9500,561.0000,560.7500,560.7500,700
2015-09-11 10:17:18,560.7500,561.0000,560.7500,561.0000,2100
2015-09-11 10:18:00,560.7500,561.0000,560.7000,560.7500,1100
2015-09-11 10:19:07,560.5000,560.9500,560.5000,560.9500,2100
2015-09-11 10:20:08,560.5000,560.6500,560.5000,560.5000,900
2015-09-11 10:21:06,560.0500,560.5000,559.9500,560.5000,1500
2015-09-11 10:22:07,560.0500,560.1000,560.0000,560.0500,2100
2015-09-11 10:23:12,559.9000,560.1000,559.8500,560.0000,1700
2015-09-11 10:24:07,559.8000,559.9000,559.8000,559.9000,1400
2015-09-11 10:25:08,559.9000,560.0000,559.9000,559.9000,500
2015-09-11 10:26:01,560.0000,560.0000,559.9000,559.9000,400
2015-09-11 10:27:03,559.8000,560.0000,559.7000,560.0000,1900
2015-09-11 10:28:02,559.8000,559.8000,559.6500,559.7000,500
2015-09-11 10:29:00,559.9500,560.0000,559.7500,559.8000,500
2015-09-11 10:30:00,560.1500,560.5000,559.8500,560.0000,2300
2015-09-11 10:31:01,560.3500,560.4500,560.1500,560.1500,500
2015-09-11 10:32:02,560.6500,560.8000,560.4000,560.5000,2300
2015-09-11 10:33:02,560.6500,560.7000,560.6500,560.7000,500
2015-09-11 10:34:01,560.5000,560.6500,560.5000,560.6000,1900
2015-09-11 10:35:04,560.4500,560.5000,560.4500,560.5000,800
2015-09-11 10:36:02,560.7000,560.9500,560.4500,560.4500,1200
2015-09-11 10:37:00,560.5000,560.9500,560.4500,560.5000,1000
2015-09-11 10:38:59,560.7000,560.7000,560.4500,560.5000,1000
2015-09-11 10:39:59,562.0000,562.4500,560.7000,560.7000,11900
2015-09-11 10:40:59,562.7500,562.8500,562.0000,562.0000,6300
2015-09-11 10:41:00,562.0000,562.8000,561.8500,562.7500,9600
2015-09-11 10:42:59,561.5500,562.0000,561.5500,562.0000,4800
2015-09-11 10:43:00,561.0000,561.5500,560.9500,561.5500,2200
2015-09-11 10:44:00,561.0000,561.0000,560.6000,560.9500,5800
2015-09-11 10:45:05,561.7000,561.7000,560.8000,560.8000,1000
2015-09-11 10:46:24,561.1500,561.6000,561.1500,561.2500,2000
2015-09-11 10:47:04,561.0500,561.1000,560.7000,561.1000,1700
2015-09-11 10:48:14,560.9500,561.0500,560.9500,561.0500,500
2015-09-11 10:49:22,560.8000,561.0000,560.7500,560.9500,1300
2015-09-11 10:50:18,560.7000,560.8000,560.7000,560.7500,500
2015-09-11 10:51:58,560.6500,560.7000,560.6500,560.7000,700
2015-09-11 10:52:01,560.3000,560.6500,560.1000,560.6500,2800
2015-09-11 10:53:12,560.3000,560.4000,560.3000,560.4000,500
2015-09-11 10:54:41,560.4500,560.4500,560.3500,560.4500,300
2015-09-11 10:55:35,560.3500,560.5500,560.3500,560.5500,500
2015-09-11 10:56:58,560.4500,560.5500,560.3500,560.3500,900
2015-09-11 10:57:05,560.5000,560.6500,560.3500,560.4500,900
2015-09-11 10:58:13,560.8000,560.9000,560.3000,560.5500,2300
2015-09-11 10:59:03,560.9000,561.0000,560.8000,560.8000,700
2015-09-11 11:00:04,561.1000,561.4500,560.8000,561.2500,1100
2015-09-11 11:01:01,560.8500,561.0000,560.8500,561.0000,700
2015-09-11 11:02:05,560.0500,560.9000,560.0500,560.9000,3100
2015-09-11 11:03:01,560.4000,560.9500,560.2500,560.2500,2600
2015-09-11 11:04:03,560.4000,560.4500,560.4000,560.4000,300
2015-09-11 11:05:06,560.4000,560.4500,560.4000,560.4000,800
2015-09-11 11:06:07,560.9000,560.9000,560.4000,560.4500,500
2015-09-11 11:07:18,560.5000,560.5000,560.5000,560.5000,200
2015-09-11 11:08:08,560.8500,560.8500,560.5000,560.5500,100
2015-09-11 11:09:15,560.5000,560.5500,560.5000,560.5500,700
2015-09-11 11:10:12,560.2000,560.5000,560.2000,560.5000,4600
2015-09-11 11:11:04,559.3000,560.2000,559.1000,560.2000,5500
2015-09-11 11:12:01,559.1500,559.6000,559.1500,559.3000,1900
2015-09-11 11:13:00,558.6500,559.1500,558.4000,559.1000,3000
2015-09-11 11:14:00,557.8500,558.4000,557.7500,558.4000,4700
2015-09-11 11:15:04,557.7500,557.9500,557.7500,557.9500,3500
2015-09-11 11:16:01,558.2500,558.6500,558.0000,558.0500,1200
2015-09-11 11:17:03,558.9000,558.9000,558.2500,558.6500,200
2015-09-11 11:18:26,558.5500,558.9500,558.5500,558.5500,700
2015-09-11 11:19:04,558.4000,558.9000,558.4000,558.9000,1500
2015-09-11 11:20:04,558.2500,558.5500,558.2500,558.5500,1400
2015-09-11 11:21:00,558.2500,558.2500,558.0000,558.2500,2600
2015-09-11 11:22:02,558.8000,558.8000,558.2000,558.2500,1300
2015-09-11 11:23:04,558.6500,558.8000,558.6500,558.8000,0
2015-09-11 11:24:04,558.9000,558.9000,558.5500,558.6500,1100
2015-09-11 11:25:07,558.4500,558.5500,558.4500,558.5500,1000
2015-09-11 11:26:01,558.4000,558.4500,558.4000,558.4500,300
2015-09-11 11:27:02,558.6500,558.6500,558.3500,558.4000,1400
2015-09-11 11:28:08,558.8000,559.1000,558.8000,558.8500,600
2015-09-11 11:29:04,559.0000,559.0000,558.8000,558.8500,1000
2015-09-11 11:30:03,558.9500,559.1000,558.9000,558.9000,700
2015-09-11 11:31:04,558.8000,559.1000,558.8000,559.1000,900
2015-09-11 11:32:06,558.5000,558.8000,558.5000,558.8000,1200
2015-09-11 11:33:00,558.2500,558.8000,558.2500,558.4500,1700
2015-09-11 11:34:23,558.8500,558.8500,558.7500,558.8000,200
2015-09-11 11:35:59,559.6000,559.6000,559.1000,559.1000,1000
2015-09-11 11:36:00,559.5000,559.6000,559.5000,559.6000,1000
2015-09-11 11:37:04,559.6000,559.6000,559.5000,559.6000,500
2015-09-11 11:38:05,559.6000,559.7000,559.6000,559.6000,400
2015-09-11 11:39:07,559.3500,559.6000,559.3500,559.6000,1200
2015-09-11 11:40:02,559.5000,559.5000,559.3000,559.3000,100
2015-09-11 11:41:36,559.0500,559.5500,558.8500,558.8500,1600
2015-09-11 11:42:25,559.1500,559.1500,559.1500,559.1500,300
2015-09-11 11:43:22,559.2000,559.5000,559.2000,559.5000,0
2015-09-11 11:44:08,559.0500,559.7500,559.0500,559.6500,1000
2015-09-11 11:45:12,559.8500,559.9000,559.4500,559.4500,300
2015-09-11 11:46:06,559.7000,559.8000,559.7000,559.8000,300
2015-09-11 11:47:00,559.3000,559.7500,559.2500,559.3500,900
2015-09-11 11:48:02,559.4000,559.6000,559.3000,559.3000,800
2015-09-11 11:49:01,559.4000,559.6000,559.0500,559.3000,1500
2015-09-11 11:50:01,559.7500,559.7500,558.9500,559.5500,800
2015-09-11 11:51:28,559.9500,559.9500,559.7500,559.7500,500
2015-09-11 11:52:21,559.5000,559.9500,559.5000,559.9500,100
2015-09-11 11:53:00,559.9500,559.9500,559.5000,559.5000,0
2015-09-11 11:54:02,559.8500,559.9500,559.8500,559.9500,100
2015-09-11 11:55:58,560.0000,560.0000,559.8500,559.8500,700
2015-09-11 11:56:07,559.5000,560.0000,559.5000,559.8500,800
2015-09-11 11:57:04,559.2500,559.9500,559.2500,559.5000,600
2015-09-11 11:58:03,559.5500,559.5500,559.0500,559.0500,400
2015-09-11 11:59:58,559.7000,559.8500,559.3500,559.4500,700
2015-09-11 12:00:00,559.7000,559.7500,559.3000,559.7000,500
2015-09-11 12:01:01,559.3000,559.7500,559.3000,559.7500,400
2015-09-11 12:02:16,559.3000,559.7000,559.3000,559.3500,700
2015-09-11 12:03:04,559.0500,559.4500,559.0500,559.3500,1400
2015-09-11 12:04:01,559.0500,559.4000,559.0000,559.0500,700
2015-09-11 12:05:00,559.0000,559.4000,559.0000,559.0500,700
2015-09-11 12:06:09,558.5000,559.2000,558.5000,558.9500,1200
2015-09-11 12:07:06,557.9000,558.4000,557.5500,558.4000,2900
2015-09-11 12:08:05,557.7000,558.5000,557.4000,557.4500,3600
2015-09-11 12:09:02,558.8500,558.8500,557.7000,557.7000,1100
2015-09-11 12:10:11,558.3500,558.9000,558.3500,558.9000,1000
2015-09-11 12:11:00,558.6000,558.8500,558.0500,558.3000,5800
2015-09-11 12:12:56,558.4000,558.4000,558.4000,558.4000,0
2015-09-11 12:13:03,558.8500,558.8500,558.4000,558.4000,200
2015-09-11 12:14:24,558.9500,559.0000,558.8500,558.8500,200
2015-09-11 12:15:01,559.0000,559.0000,558.9000,558.9500,1700
2015-09-11 12:16:00,558.7500,559.0000,558.7500,559.0000,400
2015-09-11 12:17:59,558.7000,558.9000,558.5500,558.7500,800
2015-09-11 12:18:00,558.4500,558.8500,558.3500,558.7000,2500
2015-09-11 12:19:09,558.2500,558.8500,558.2500,558.8500,2500
2015-09-11 12:20:00,558.0000,558.2000,557.6000,558.0000,1300
2015-09-11 12:21:59,558.9500,559.0000,557.9500,557.9500,1600
2015-09-11 12:22:02,558.5000,558.9500,558.5000,558.9500,0
2015-09-11 12:23:19,558.9000,559.0000,558.5500,558.9500,500
2015-09-11 12:24:28,558.6000,558.6000,558.6000,558.6000,0
2015-09-11 12:25:26,558.6000,558.9000,558.6000,558.8000,300
2015-09-11 12:27:21,558.7000,558.9000,558.6500,558.8500,300
2015-09-11 12:28:02,558.9000,558.9000,558.5500,558.9000,700
2015-09-11 12:29:05,559.1500,559.5000,559.0000,559.0000,1100
2015-09-11 12:30:14,559.4000,559.5000,559.0500,559.1500,700
2015-09-11 12:31:03,558.3000,559.4000,558.3000,559.2500,1200
2015-09-11 12:32:12,557.8500,558.6000,557.8500,558.2000,1500
2015-09-11 12:33:01,557.7500,558.5000,557.7500,558.0000,2500
2015-09-11 12:34:59,558.2000,558.4000,557.6000,558.4000,2600
2015-09-11 12:35:59,557.6000,558.1500,557.0000,557.7500,5300
2015-09-11 12:36:00,557.0500,557.7000,556.7500,557.0500,2000
2015-09-11 12:37:15,556.6000,557.0500,556.0000,556.7500,1900
2015-09-11 12:38:00,556.7500,556.8000,556.1000,556.1000,2200
2015-09-11 12:39:00,556.9500,557.3500,556.4500,556.4500,400
2015-09-11 12:40:23,557.6000,557.6000,557.2500,557.2500,100
2015-09-11 12:41:05,558.0000,558.0000,557.4500,557.5000,1400
2015-09-11 12:42:08,557.8500,558.0000,557.8500,558.0000,100
2015-09-11 12:43:10,558.0000,558.0000,557.7500,557.8500,800
2015-09-11 12:44:00,557.3500,558.0000,557.3500,558.0000,1300
2015-09-11 12:45:38,557.4000,557.5000,557.0000,557.3000,400
2015-09-11 12:46:29,557.4500,557.5000,557.3500,557.4500,200
2015-09-11 12:47:14,557.7000,557.9000,557.6000,557.6000,100
2015-09-11 12:48:16,557.9000,558.0000,557.7000,557.9000,300
2015-09-11 12:49:00,558.4000,558.4000,558.0000,558.0000,100
2015-09-11 12:50:59,557.1500,558.5000,557.1500,558.3000,800
2015-09-11 12:51:01,557.5000,557.7000,557.0000,557.4000,700
2015-09-11 12:52:07,557.0000,557.0000,556.7000,557.0000,100
2015-09-11 12:53:59,556.4000,556.9000,556.4000,556.6500,1700
2015-09-11 12:54:00,555.8000,556.3500,555.8000,556.3500,4900
2015-09-11 12:55:57,555.6000,555.8500,555.5000,555.5000,2700
2015-09-11 12:56:59,556.6000,557.0000,555.5500,555.5500,3600
2015-09-11 12:57:59,556.9000,556.9000,556.5500,556.6000,200
2015-09-11 12:58:00,556.4500,556.9500,556.4500,556.9000,400
2015-09-11 12:59:01,557.0000,557.6000,556.5000,556.5000,2600
2015-09-11 13:00:17,557.4000,557.7500,557.2000,557.2000,900
2015-09-11 13:01:02,557.5500,558.0000,557.4500,557.4500,200
2015-09-11 13:02:01,557.1000,557.7000,557.1000,557.6000,1300
2015-09-11 13:03:01,556.9500,557.0000,556.6500,556.8000,1800
2015-09-11 13:04:01,557.2000,557.2000,556.2500,556.8000,700
2015-09-11 13:05:01,558.5000,558.5000,557.4000,557.4000,700
2015-09-11 13:06:01,557.3000,558.4000,557.2500,558.4000,300
2015-09-11 13:07:59,556.3500,557.7500,556.3500,557.3000,300
2015-09-11 13:08:00,557.8000,557.9000,556.1500,556.3500,1200
2015-09-11 13:09:01,556.5500,557.6000,556.5500,557.6000,3200
2015-09-11 13:10:01,556.2000,556.7500,556.1500,556.7000,2100
2015-09-11 13:11:01,556.8000,557.3000,555.9000,556.2000,2300
2015-09-11 13:12:01,556.7500,557.1500,556.4000,556.4000,1900
2015-09-11 13:13:59,556.1000,556.7000,556.1000,556.7000,2400
2015-09-11 13:14:59,555.8000,556.3000,555.6000,556.3000,2500
2015-09-11 13:15:00,556.2500,556.7500,555.6000,555.9000,2200
2015-09-11 13:16:01,556.0500,556.4000,556.0000,556.0500,700
2015-09-11 13:17:01,555.9000,556.0500,555.7000,556.0500,300
2015-09-11 13:18:01,556.6500,556.7500,555.9000,555.9000,2600
2015-09-11 13:19:01,556.3000,556.7500,555.8000,556.7500,3900
2015-09-11 13:20:02,557.0000,557.0000,555.8000,555.8000,800
2015-09-11 13:21:00,557.4000,557.8000,556.9000,556.9500,500
2015-09-11 13:22:01,557.4000,557.4000,557.1500,557.4000,100
2015-09-11 13:23:02,557.2500,557.6500,556.3500,557.5000,7100
2015-09-11 13:24:01,557.1500,557.1500,556.8000,557.1500,200
2015-09-11 13:25:02,556.9500,556.9500,556.8000,556.8000,500
2015-09-11 13:26:02,557.7000,557.7000,556.9000,556.9000,300
2015-09-11 13:27:00,557.4000,557.8000,557.4000,557.7000,300
2015-09-11 13:28:01,557.4000,557.4000,557.4000,557.4000,0
2015-09-11 13:29:02,557.6500,557.6500,557.4000,557.4000,100
2015-09-11 13:30:02,558.5000,558.7500,557.6500,557.6500,1900
2015-09-11 13:31:59,559.3000,559.4500,558.5000,558.5000,4400
2015-09-11 13:32:01,559.4000,559.5000,559.0000,559.3000,2800
2015-09-11 13:33:01,559.4000,559.7000,559.1000,559.3500,2300
2015-09-11 13:34:01,558.7000,559.3000,558.7000,559.0000,500
2015-09-11 13:35:11,558.3500,558.5000,557.7500,558.5000,900
2015-09-11 13:36:01,558.1000,558.1000,557.9000,558.0000,100
2015-09-11 13:37:01,558.1000,558.4000,557.9000,557.9000,500
2015-09-11 13:38:02,558.2500,558.2500,557.9000,558.1000,400
2015-09-11 13:39:02,558.0000,558.2500,557.9000,557.9000,200
2015-09-11 13:40:02,558.0500,558.0500,558.0000,558.0000,0
2015-09-11 13:41:01,558.9000,558.9500,558.0500,558.0500,1400
2015-09-11 13:42:01,559.6000,559.6000,558.9000,558.9000,1700
2015-09-11 13:43:01,559.3500,559.7500,559.3000,559.6000,500
2015-09-11 13:44:01,559.1500,559.7000,559.1500,559.3500,500
2015-09-11 13:45:01,559.1500,559.4000,559.1000,559.1000,300
2015-09-11 13:46:01,559.1000,559.1000,559.0000,559.0000,0
2015-09-11 13:47:01,559.3500,559.4000,559.0000,559.0500,800
2015-09-11 13:48:02,559.1500,559.2000,559.0000,559.2000,600
2015-09-11 13:49:02,558.6500,559.0000,558.5500,558.5500,300
2015-09-11 13:50:02,558.6000,559.0500,558.6000,558.6500,1100
2015-09-11 13:51:00,558.3000,558.6000,558.3000,558.6000,500
2015-09-11 13:52:02,558.4500,558.6000,558.2500,558.2500,900
2015-09-11 13:53:01,558.4000,558.4000,558.2500,558.2500,0
2015-09-11 13:54:01,559.2000,559.4500,558.2500,558.2500,1000
2015-09-11 13:55:02,558.7500,559.4500,558.6000,559.1500,1300
2015-09-11 13:56:02,559.0000,559.1000,558.6000,558.7500,400
2015-09-11 13:57:01,559.0000,559.4000,559.0000,559.4000,600
2015-09-11 13:58:59,559.0000,559.0000,558.8000,559.0000,1200
2015-09-11 13:59:00,559.0500,559.4500,558.6000,558.6000,1400
2015-09-11 14:00:59,558.8500,559.0500,558.8500,559.0500,200
2015-09-11 14:01:00,558.6500,559.2000,558.6000,559.2000,500
2015-09-11 14:02:01,558.6000,559.1000,558.5000,558.6500,800
2015-09-11 14:03:02,558.6000,558.6500,558.6000,558.6000,100
2015-09-11 14:04:00,558.6500,558.9000,558.6000,558.6000,400
2015-09-11 14:05:02,559.4000,560.0000,558.6000,558.6500,3400
2015-09-11 14:06:02,559.9000,559.9000,559.5000,559.5000,100
2015-09-11 14:07:01,559.7500,559.7500,559.5500,559.5500,300
2015-09-11 14:08:01,559.7000,559.7000,559.5500,559.5500,300
2015-09-11 14:09:01,559.7000,559.7000,559.5500,559.7000,300
2015-09-11 14:10:01,559.7500,560.0000,559.5500,559.5500,1200
2015-09-11 14:11:10,559.5000,559.9500,559.3000,559.9500,800
2015-09-11 14:12:02,559.2000,559.5000,558.5000,559.5000,1200
2015-09-11 14:13:01,559.3000,559.4000,558.7500,559.2000,900
2015-09-11 14:14:02,559.0000,559.3000,558.8000,559.3000,700
2015-09-11 14:15:02,559.9500,560.0000,559.0500,559.0500,600
2015-09-11 14:16:01,559.5500,560.0000,559.5500,559.5500,2900
2015-09-11 14:17:00,559.1500,559.9500,558.5500,559.5500,1700
2015-09-11 14:18:01,558.9000,559.5000,558.5500,559.1500,1200
2015-09-11 14:19:01,559.5500,559.8500,558.9000,558.9000,1000
2015-09-11 14:20:01,559.3500,559.8000,559.3500,559.5500,700
2015-09-11 14:21:02,560.0000,560.0000,559.3500,559.3500,4900
2015-09-11 14:22:01,560.0000,560.0000,559.6000,559.9500,900
2015-09-11 14:23:01,560.0000,560.0000,559.9500,559.9500,2000
2015-09-11 14:24:01,559.9500,560.0000,559.5000,560.0000,3100
2015-09-11 14:25:02,559.9500,560.0000,559.9000,559.9000,1200
2015-09-11 14:26:02,559.1000,560.0000,558.6500,559.9500,3000
2015-09-11 14:27:59,559.4500,559.4500,558.7000,559.4500,1300
2015-09-11 14:28:59,559.5000,559.5000,559.1000,559.4500,1500
2015-09-11 14:29:00,559.6500,559.9000,559.6500,559.9000,1000
2015-09-11 14:30:02,559.2000,559.7500,559.2000,559.6500,1000
2015-09-11 14:31:00,559.7000,559.7000,559.2000,559.2000,900
2015-09-11 14:32:02,559.3000,559.7000,559.2000,559.6000,1000
2015-09-11 14:33:01,559.2500,559.6000,559.2500,559.3000,700
2015-09-11 14:34:59,559.7500,559.9000,559.0500,559.2500,1900
2015-09-11 14:35:00,559.4000,559.7500,559.3000,559.7500,1000
2015-09-11 14:36:01,559.9500,559.9500,559.4000,559.4000,400
2015-09-11 14:37:01,559.8000,559.9500,559.8000,559.8000,600
2015-09-11 14:38:01,559.9000,559.9500,559.7500,559.8000,1100
2015-09-11 14:39:02,559.9500,560.0000,559.9000,559.9000,600
2015-09-11 14:40:02,559.9500,560.0000,559.9500,559.9500,600
2015-09-11 14:41:00,560.0000,560.0000,559.9500,560.0000,4300
2015-09-11 14:42:02,559.9000,560.0000,559.8500,559.9500,1400
2015-09-11 14:43:01,559.9500,560.0000,559.9000,559.9000,1100
2015-09-11 14:44:00,560.0000,560.0000,559.9500,559.9500,700
2015-09-11 14:45:59,559.9000,560.0000,559.9000,559.9500,1800
2015-09-11 14:46:00,560.0000,560.0000,559.9000,559.9000,700
2015-09-11 14:47:02,560.0000,560.0000,559.9000,559.9000,500
2015-09-11 14:48:02,559.9500,560.0000,559.9500,560.0000,1000
2015-09-11 14:49:59,559.9000,560.0000,559.9000,559.9500,1400
2015-09-11 14:50:00,559.9000,559.9500,559.9000,559.9500,1600
2015-09-11 14:51:02,559.9500,559.9500,559.9000,559.9000,700
2015-09-11 14:52:01,559.9500,559.9500,559.9000,559.9000,900
2015-09-11 14:53:01,559.9000,560.0000,559.9000,559.9000,1100
2015-09-11 14:54:02,559.9000,560.0000,559.9000,559.9000,1200
2015-09-11 14:55:02,559.9000,560.0000,559.9000,559.9000,300
2015-09-11 14:56:58,560.1500,560.1500,559.9000,559.9000,3600
2015-09-11 14:57:00,559.8500,560.4500,559.8500,560.4500,1300
2015-09-11 14:58:01,559.9500,560.0000,559.8000,559.8500,1800
2015-09-11 14:59:02,560.0000,560.1000,559.9500,559.9500,2300
2015-09-11 15:00:00,559.7500,560.2000,559.6500,560.0000,3300
2015-09-11 15:01:02,559.4500,559.7500,559.4500,559.7500,2200
2015-09-11 15:02:00,559.7000,559.7000,559.4500,559.4500,800
2015-09-11 15:03:00,559.9500,560.0000,559.5000,559.5000,900
2015-09-11 15:04:00,559.7500,560.0000,559.6500,559.9500,700
2015-09-11 15:05:59,559.7500,560.0000,559.7500,559.7500,3400
2015-09-11 15:06:00,560.1000,560.2500,559.7500,559.7500,2800
2015-09-11 15:07:59,560.1500,560.6500,560.1000,560.1000,5700
2015-09-11 15:08:00,560.0000,560.0000,559.7000,559.7500,2800
2015-09-11 15:09:01,559.3500,559.9500,559.3500,559.9500,6200
2015-09-11 15:10:59,559.4000,560.0000,559.3500,559.8000,7100
2015-09-11 15:11:00,559.5000,560.0000,559.3500,559.7000,6100
2015-09-11 15:12:01,558.7500,559.7000,558.5500,559.5000,8600
2015-09-11 15:13:59,558.0000,559.2000,558.0000,558.9000,4700
2015-09-11 15:14:59,556.3500,558.0000,556.0000,557.6500,7400
2015-09-11 15:15:59,556.4500,556.7500,555.2500,556.3000,10600
2015-09-11 15:16:59,556.8000,556.8000,555.9500,556.4500,7500
2015-09-11 15:17:00,557.8000,557.9000,556.8000,556.8000,8700
2015-09-11 15:18:59,557.8500,558.0000,557.3000,558.0000,4900
2015-09-11 15:19:59,558.9000,558.9000,557.9500,558.0000,7100
2015-09-11 15:20:00,558.5500,558.9500,557.7000,558.9000,10600
2015-09-11 15:21:00,558.6500,559.0000,558.1000,558.5500,10700
2015-09-11 15:22:02,559.6500,559.7000,558.4000,558.4000,7900
2015-09-11 15:23:02,560.0000,560.5000,559.9000,559.9000,18500
2015-09-11 15:24:59,560.0500,560.2500,559.4000,559.9000,23500
2015-09-11 15:25:00,560.0500,560.5000,560.0500,560.3000,16700
2015-09-11 15:26:59,560.6000,560.6000,559.9500,560.2000,9500
2015-09-11 15:27:00,559.7500,561.1500,559.1000,560.9500,15400
2015-09-11 15:28:01,559.7000,560.4000,559.5500,559.5500,3500
2015-09-11 15:29:00,559.3000,560.3000,558.2500,559.4000,3900
2015-09-11 15:30:00,559.0000,559.0000,559.0000,559.0000,0
2015-09-14 09:15:04,560.5000,561.0000,560.0000,561.0000,7000
2015-09-14 09:16:06,559.4000,560.5000,559.2000,560.4500,3800
2015-09-14 09:17:01,559.7500,560.0000,559.3500,559.4000,3100
2015-09-14 09:18:00,559.7500,560.0000,559.4500,559.5500,6400
2015-09-14 09:19:01,560.3000,560.5000,560.1000,560.1000,1500
2015-09-14 09:20:59,561.2000,561.2000,560.1500,560.3000,2100
2015-09-14 09:21:00,560.3000,561.3000,559.7500,561.2500,7100
2015-09-14 09:22:59,560.3000,560.3000,560.0000,560.2500,1300
2015-09-14 09:23:00,560.9000,561.4000,560.7500,560.7500,5400
2015-09-14 09:24:00,560.9500,561.3000,560.9000,560.9000,3200
2015-09-14 09:25:01,560.5500,560.9500,560.4500,560.9500,1800
2015-09-14 09:26:59,560.2500,560.6500,560.2500,560.3500,4100
2015-09-14 09:27:00,560.9000,560.9000,560.3500,560.3500,11400
2015-09-14 09:28:03,560.9500,560.9500,560.7000,560.8500,3200
2015-09-14 09:29:02,561.3500,561.8000,560.8500,560.8500,3000
2015-09-14 09:30:12,562.0000,562.4000,561.9000,561.9000,4600
2015-09-14 09:31:01,561.9500,562.3000,561.7500,562.3000,2600
2015-09-14 09:32:03,561.3000,561.9000,561.2000,561.9000,2500
2015-09-14 09:33:59,560.5000,561.2000,560.5000,561.2000,7200
2015-09-14 09:34:59,560.3500,560.5000,560.0000,560.5000,6800
2015-09-14 09:35:00,562.2500,562.9000,560.5000,560.5000,11100
2015-09-14 09:36:03,561.0000,562.2500,561.0000,562.2500,9300
2015-09-14 09:37:11,561.2000,561.4000,561.1000,561.4000,1000
2015-09-14 09:38:59,560.4500,561.2000,560.4500,561.2000,6200
2015-09-14 09:39:00,560.4000,561.0000,560.3500,560.4500,5300
2015-09-14 09:40:00,560.7500,560.7500,560.2500,560.4000,6600
2015-09-14 09:41:24,561.0500,561.5000,561.0000,561.0000,1600
2015-09-14 09:42:05,561.3000,561.5000,560.9500,560.9500,1900
2015-09-14 09:43:00,560.7000,561.2500,560.7000,561.2500,4400
2015-09-14 09:44:05,561.0000,561.0000,560.5000,560.6000,4900
2015-09-14 09:45:25,561.0000,561.1500,560.8000,561.1500,800
2015-09-14 09:46:09,561.5000,561.5000,561.0000,561.0000,700
2015-09-14 09:47:06,561.5500,561.5500,560.8500,561.1500,1600
2015-09-14 09:48:03,561.4000,561.7500,561.0000,561.6000,2700
2015-09-14 09:49:13,560.7500,561.1500,560.7500,561.1000,4100
2015-09-14 09:50:06,561.4000,561.4000,560.4000,560.6500,2200
2015-09-14 09:51:00,561.2000,561.7500,561.2000,561.3500,1400
2015-09-14 09:52:03,561.0000,561.0500,560.7000,561.0500,5800
2015-09-14 09:53:59,561.0000,561.3500,561.0000,561.3500,1100
2015-09-14 09:54:00,561.2500,561.5000,561.0000,561.0000,1800
2015-09-14 09:55:59,561.1500,561.1500,560.7500,561.1500,3500
2015-09-14 09:56:01,561.4500,561.8000,561.1500,561.2000,5200
2015-09-14 09:57:01,561.4000,562.0000,561.2500,561.6000,11500
2015-09-14 09:58:04,561.0000,561.4000,560.8000,561.4000,5300
2015-09-14 09:59:05,560.5000,561.0000,560.5000,561.0000,2100
2015-09-14 10:00:01,560.8000,561.1500,560.1500,560.4000,8500
2015-09-14 10:01:08,560.7000,561.3000,560.7000,560.9500,2500
2015-09-14 10:02:02,560.3000,560.6000,560.2500,560.5000,3600
2015-09-14 10:03:07,560.8500,560.8500,560.8500,560.8500,200
2015-09-14 10:04:12,560.9000,561.0000,560.7000,560.8500,300
2015-09-14 10:05:08,561.7000,561.7000,560.9000,560.9000,700
2015-09-14 10:06:04,561.4500,561.6500,561.3000,561.4500,2600
2015-09-14 10:07:59,560.8000,561.5500,560.8000,561.4500,3000
2015-09-14 10:08:59,561.2500,561.4000,560.8000,560.8000,1200
2015-09-14 10:09:59,562.7000,562.8000,561.2500,561.2500,2800
2015-09-14 10:10:00,562.2500,562.9000,561.8500,562.7000,4500
2015-09-14 10:11:59,561.6000,562.1000,561.6000,562.1000,2700
2015-09-14 10:12:00,562.0000,562.0000,561.1000,561.6000,4400
2015-09-14 10:13:59,562.1000,563.0000,562.0500,562.4500,3000
2015-09-14 10:14:58,561.8000,562.1000,561.8000,562.1000,4800
2015-09-14 10:15:00,562.7500,562.7500,561.8000,561.8000,1400
2015-09-14 10:16:00,563.2000,563.5000,562.6000,562.6000,2800
2015-09-14 10:17:59,563.7500,564.0000,563.4000,563.4000,6000
2015-09-14 10:18:00,563.2500,563.7500,563.1500,563.7500,2000
2015-09-14 10:19:01,564.5000,564.8000,563.2000,563.2000,2600
2015-09-14 10:20:02,565.2500,565.4000,564.5000,564.5000,3300
2015-09-14 10:21:00,565.5500,566.4500,565.2500,565.2500,7600
2015-09-14 10:22:08,565.5000,565.8500,564.8500,565.3500,9100
2015-09-14 10:23:01,566.0000,566.0000,565.1500,565.5000,1000
2015-09-14 10:24:00,566.0000,566.2000,565.9000,566.0000,4100
2015-09-14 10:25:01,566.7500,566.8000,566.0500,566.0500,1200
2015-09-14 10:26:00,566.2500,566.7500,566.0000,566.7500,1000
2015-09-14 10:27:00,566.2000,566.3500,566.2000,566.2500,1400
2015-09-14 10:28:01,566.7500,567.0000,566.2000,566.2000,2700
2015-09-14 10:29:02,566.7500,566.7500,566.4000,566.4000,1200
2015-09-14 10:30:00,567.0000,567.0000,566.6500,566.7500,1100
2015-09-14 10:31:19,566.7000,567.0000,566.6500,567.0000,1800
2015-09-14 10:32:01,567.0000,567.0000,566.7000,566.7000,700
2015-09-14 10:33:02,566.7000,566.9500,566.7000,566.9500,700
2015-09-14 10:34:08,566.7000,566.9500,566.6000,566.7000,3000
2015-09-14 10:35:59,566.6000,566.8000,566.6000,566.6500,1900
2015-09-14 10:36:00,566.0000,566.9500,566.0000,566.6000,2200
2015-09-14 10:37:00,566.6000,566.6000,565.9000,566.0000,5700
2015-09-14 10:38:04,566.3000,566.7500,566.3000,566.4500,2300
2015-09-14 10:39:03,566.5500,566.5500,566.0000,566.0000,6000
2015-09-14 10:40:11,566.6500,566.9500,566.4000,566.5000,800
2015-09-14 10:41:01,567.0000,567.0000,566.6500,566.6500,600
2015-09-14 10:42:59,566.6000,567.0000,566.6000,566.8000,3900
2015-09-14 10:43:58,566.6000,567.0000,566.5500,566.6000,1100
2015-09-14 10:44:00,567.1500,567.1500,566.6500,567.0000,2100
2015-09-14 10:45:59,567.2000,567.8000,567.1500,567.3000,4800
2015-09-14 10:46:00,566.5500,567.1500,566.5500,567.1500,2800
2015-09-14 10:47:00,566.2500,566.5500,566.0500,566.5500,2700
2015-09-14 10:48:01,567.4500,567.5000,566.5500,566.5500,2000
2015-09-14 10:49:59,566.6500,567.6000,566.6500,567.5500,3800
2015-09-14 10:50:00,567.7500,567.7500,566.5000,566.7000,4900
2015-09-14 10:51:01,567.2500,567.8000,567.2500,567.8000,2500
2015-09-14 10:52:01,567.1000,567.2500,566.7500,567.1000,1700
2015-09-14 10:53:01,567.4000,567.4500,567.1000,567.1000,600
2015-09-14 10:54:59,566.8500,567.5000,566.7000,567.4000,2700
2015-09-14 10:55:01,566.3500,566.8000,566.3000,566.8000,3900
2015-09-14 10:56:00,567.0500,567.4500,566.4000,566.4000,1500
2015-09-14 10:57:59,567.9500,567.9500,566.8500,567.3500,5400
2015-09-14 10:58:00,567.4000,568.0000,567.4000,567.9500,8800
2015-09-14 10:59:00,567.0500,567.4500,567.0500,567.4000,5200
2015-09-14 11:00:00,567.4000,567.6500,567.0000,567.0000,2100
2015-09-14 11:01:04,567.9500,567.9500,567.5000,567.8000,400
2015-09-14 11:02:02,567.8000,568.0000,567.6000,567.6000,1700
2015-09-14 11:03:05,567.5000,567.6500,567.1500,567.6500,6100
2015-09-14 11:04:59,567.3500,567.7000,567.3500,567.7000,200
2015-09-14 11:05:00,567.6000,567.7000,567.3500,567.3500,800
2015-09-14 11:06:02,567.6000,567.6000,567.2500,567.3500,2300
2015-09-14 11:07:59,567.2500,567.5500,567.2000,567.3000,1800
2015-09-14 11:08:59,567.2000,567.2500,567.2000,567.2500,3200
2015-09-14 11:09:00,567.5000,567.5000,567.2000,567.2000,3400
2015-09-14 11:10:59,566.7000,567.3500,566.7000,567.3500,4900
2015-09-14 11:11:01,567.4000,567.4500,566.7000,566.9000,2000
2015-09-14 11:12:02,567.3500,567.3500,567.1000,567.1000,900
2015-09-14 11:13:01,567.4000,567.4500,567.2000,567.4000,300
2015-09-14 11:14:02,567.5500,567.5500,567.1000,567.4000,800
2015-09-14 11:15:01,567.6000,567.6000,567.2000,567.2000,700
2015-09-14 11:16:04,567.6000,567.6000,567.4000,567.4000,200
2015-09-14 11:17:02,567.7000,567.7000,567.3000,567.6000,1000
2015-09-14 11:18:15,567.7000,567.7000,567.1000,567.6500,1400
2015-09-14 11:19:02,567.5500,567.7000,567.3500,567.6500,1100
2015-09-14 11:20:13,567.7000,567.7000,567.3000,567.5500,200
2015-09-14 11:21:14,567.4500,567.7000,567.3500,567.3500,800
2015-09-14 11:22:08,567.7000,567.7000,567.3500,567.3500,600
2015-09-14 11:23:02,567.7000,567.7000,567.4000,567.4500,700
2015-09-14 11:24:16,567.7000,567.7000,567.4000,567.7000,100
2015-09-14 11:25:59,567.4500,567.5500,567.3000,567.4000,1000
2015-09-14 11:26:00,567.5000,567.5000,567.3000,567.4500,1200
2015-09-14 11:27:04,567.7000,567.7000,567.2500,567.4000,1800
2015-09-14 11:28:17,567.3000,567.6500,567.2500,567.2500,0
2015-09-14 11:29:05,567.4000,567.4500,567.0000,567.3000,2200
2015-09-14 11:30:00,567.2000,567.4000,566.7000,567.1000,1500
2015-09-14 11:31:00,567.3000,567.3000,566.9500,567.1500,400
2015-09-14 11:32:00,567.1500,567.5000,567.0000,567.0000,900
2015-09-14 11:33:02,567.4500,567.4500,567.1500,567.1500,0
2015-09-14 11:34:00,567.4000,567.4000,567.1500,567.1500,500
2015-09-14 11:35:00,567.4000,567.4000,567.1500,567.1500,300
2015-09-14 11:36:59,567.4000,567.4000,567.3000,567.3000,400
2015-09-14 11:37:00,567.3000,567.4000,567.3000,567.3500,400
2015-09-14 11:38:03,567.3000,567.5000,567.3000,567.4000,1000
2015-09-14 11:39:59,567.1500,567.5000,567.1500,567.2500,1500
2015-09-14 11:40:00,567.1500,567.3500,567.1500,567.2500,300
2015-09-14 11:41:58,567.1500,567.3500,567.1500,567.1500,200
2015-09-14 11:42:00,567.3500,567.3500,567.1500,567.1500,300
2015-09-14 11:43:00,567.3500,567.3500,567.1500,567.1500,400
2015-09-14 11:44:00,567.1500,567.3500,567.1500,567.3500,400
2015-09-14 11:45:00,567.1500,567.3500,567.1500,567.1500,100
2015-09-14 11:46:00,567.0500,567.2000,567.0500,567.1500,1000
2015-09-14 11:47:03,567.2000,567.2000,567.0500,567.0500,300
2015-09-14 11:48:00,567.2000,567.2000,567.0500,567.0500,300
2015-09-14 11:49:59,566.7000,567.2000,566.7000,567.0500,1400
2015-09-14 11:50:59,566.7000,566.9500,566.7000,566.9500,0
2015-09-14 11:51:00,566.7500,566.9000,566.7000,566.9000,0
2015-09-14 11:52:03,566.8500,566.9500,566.8500,566.9000,0
2015-09-14 11:53:59,566.7000,566.9500,566.7000,566.8500,1000
2015-09-14 11:54:00,566.8000,566.8000,566.7000,566.7000,1100
2015-09-14 11:55:00,566.8000,566.8000,566.7000,566.7000,300
2015-09-14 11:56:59,567.0000,567.0000,566.7000,566.7000,800
2015-09-14 11:57:59,566.9000,567.2500,566.8500,566.8500,600
2015-09-14 11:58:00,567.0000,567.2500,566.9500,566.9500,1600
2015-09-14 11:59:04,567.0000,567.2500,567.0000,567.0000,100
2015-09-14 12:00:06,567.4500,567.7000,567.0000,567.2500,153700
2015-09-14 12:01:59,567.2000,567.5500,567.1000,567.1000,0
2015-09-14 12:02:00,567.1500,567.7000,566.8500,567.2000,8200
2015-09-14 12:03:35,567.2500,567.5000,567.2500,567.5000,0
2015-09-14 12:04:59,567.2500,567.6000,567.2500,567.2500,800
2015-09-14 12:05:14,567.3000,567.6000,567.2500,567.6000,1000
2015-09-14 12:06:00,567.4500,567.8000,567.3000,567.3000,1500
2015-09-14 12:07:07,567.8000,568.0000,567.5000,567.8000,3300
2015-09-14 12:08:04,567.9500,568.1000,567.8000,567.8000,2800
2015-09-14 12:09:12,568.1000,568.2500,567.9500,567.9500,2000
2015-09-14 12:10:59,568.1500,568.2500,568.1000,568.1000,1100
2015-09-14 12:11:59,568.3000,568.4500,568.1500,568.1500,5700
2015-09-14 12:12:00,568.3000,568.3500,568.2500,568.3500,2200
2015-09-14 12:13:59,568.5000,568.5000,568.2500,568.2500,2000
2015-09-14 12:14:00,568.0000,568.4000,567.7000,568.2500,2700
2015-09-14 12:15:59,567.9000,568.0000,567.9000,567.9000,0
2015-09-14 12:16:00,567.9000,567.9000,567.9000,567.9000,1900
2015-09-14 12:17:04,568.0000,568.0000,567.9000,567.9000,1900
2015-09-14 12:18:00,567.9500,568.1000,567.9500,568.0000,2100
2015-09-14 12:19:00,567.3000,568.0000,567.3000,567.9000,2500
2015-09-14 12:20:14,568.2500,568.3500,567.4500,567.4500,2900
2015-09-14 12:21:58,567.9000,567.9500,567.9000,567.9000,100
2015-09-14 12:22:00,568.0000,568.2500,567.9000,567.9000,200
2015-09-14 12:23:04,568.2000,568.2500,568.0000,568.0000,100
2015-09-14 12:24:00,568.2500,568.3500,568.0000,568.0000,2400
2015-09-14 12:25:22,568.8000,568.8500,568.2500,568.5000,1900
2015-09-14 12:26:59,568.7500,568.7500,568.4500,568.4500,1000
2015-09-14 12:27:00,569.0000,569.0000,568.8000,568.8000,6700
2015-09-14 12:28:06,569.1000,569.5000,568.9500,569.0000,4300
2015-09-14 12:29:59,569.2000,569.3500,569.1000,569.3500,2100
2015-09-14 12:30:00,569.2000,569.2000,569.1000,569.1000,400
2015-09-14 12:31:03,569.1500,569.2000,568.8000,569.1000,2100
2015-09-14 12:32:10,569.0000,569.1500,569.0000,569.0000,700
2015-09-14 12:33:10,569.0000,569.0000,568.9500,569.0000,700
2015-09-14 12:34:07,569.2000,569.2000,568.8500,569.0000,1900
2015-09-14 12:35:04,569.2000,569.2000,568.8500,569.2000,7100
2015-09-14 12:36:16,568.8500,569.1500,568.8500,569.0500,1600
2015-09-14 12:37:03,569.2500,569.3500,568.9500,569.1000,2000
2015-09-14 12:38:01,569.4000,569.4000,569.2000,569.3000,1800
2015-09-14 12:39:06,569.4000,569.5000,569.3000,569.4000,1000
2015-09-14 12:40:00,569.7000,569.7000,569.4000,569.5000,1000
2015-09-14 12:41:02,569.4500,569.7000,569.4500,569.7000,4800
2015-09-14 12:42:02,569.4000,569.4500,569.4000,569.4500,2500
2015-09-14 12:43:01,569.4000,569.6500,569.3500,569.4000,1000
2015-09-14 12:44:00,569.7000,569.8500,569.3500,569.4000,1800
2015-09-14 12:45:02,569.4500,569.7500,569.4500,569.7500,2000
2015-09-14 12:46:03,569.5500,569.7000,569.4500,569.4500,800
2015-09-14 12:47:03,569.6000,569.7500,569.5500,569.5500,2800
2015-09-14 12:48:02,569.7000,569.7000,569.6500,569.7000,600
2015-09-14 12:49:04,569.9500,570.0000,569.7000,569.7000,3800
2015-09-14 12:50:02,569.9500,570.0000,569.9500,570.0000,2600
2015-09-14 12:51:00,570.4000,570.4000,570.0000,570.0000,4300
2015-09-14 12:52:59,570.2000,570.4500,570.2000,570.4500,3000
2015-09-14 12:53:01,570.0000,570.7000,570.0000,570.4500,5400
2015-09-14 12:54:07,569.9500,570.2000,569.9500,570.0000,3100
2015-09-14 12:55:08,569.9000,569.9500,569.7000,569.9500,800
2015-09-14 12:56:00,570.6000,570.6000,569.9000,569.9500,2100
2015-09-14 12:57:02,570.5000,570.6500,570.2000,570.2000,1300
2015-09-14 12:58:05,570.7000,570.7000,570.2000,570.5000,1400
2015-09-14 12:59:11,570.6500,570.7500,570.3500,570.3500,1300
2015-09-14 13:00:01,570.7500,570.7500,570.2500,570.7000,4500
2015-09-14 13:01:13,570.6500,570.9000,570.6500,570.8500,1300
2015-09-14 13:02:03,570.6500,571.0000,570.6000,570.6500,2200
2015-09-14 13:03:01,570.9000,570.9000,570.6500,570.8000,1500
2015-09-14 13:04:05,570.9000,570.9000,570.6500,570.9000,2100
2015-09-14 13:05:03,570.5500,570.9000,570.4000,570.9000,2600
2015-09-14 13:06:00,570.3000,570.6500,570.3000,570.6500,2200
2015-09-14 13:07:11,570.3000,570.7000,570.3000,570.3500,400
2015-09-14 13:08:06,570.5000,570.5000,570.1500,570.3000,2400
2015-09-14 13:09:12,570.4500,570.4500,570.1500,570.1500,200
2015-09-14 13:10:01,570.6000,570.9000,570.1500,570.1500,2200
2015-09-14 13:11:04,570.6000,570.8500,570.6000,570.6000,1400
2015-09-14 13:12:10,570.6000,570.8000,570.6000,570.6000,300
2015-09-14 13:13:15,570.6000,570.6000,570.6000,570.6000,200
2015-09-14 13:14:06,570.6000,570.9500,570.6000,570.6000,1300
2015-09-14 13:15:08,570.7000,570.7500,570.6000,570.6000,400
2015-09-14 13:16:06,571.0000,571.2000,570.8500,570.8500,7400
2015-09-14 13:17:08,571.0500,571.2000,571.0500,571.0500,600
2015-09-14 13:18:15,571.7000,571.7500,571.2000,571.2000,222500
2015-09-14 13:19:59,571.2500,571.7000,571.2000,571.7000,1300
2015-09-14 13:20:00,571.2500,571.3500,571.2000,571.2000,1300
2015-09-14 13:21:03,571.0000,571.2000,571.0000,571.2000,500
2015-09-14 13:22:03,571.2000,571.2000,571.0000,571.0000,0
2015-09-14 13:23:01,571.1500,571.4000,571.1500,571.2000,600
2015-09-14 13:24:05,571.2000,571.2000,571.1500,571.2000,1700
2015-09-14 13:25:59,571.0000,571.2000,571.0000,571.0000,1800
2015-09-14 13:26:00,570.9500,571.0000,570.9500,571.0000,1000
2015-09-14 13:27:07,570.6500,570.9500,570.6500,570.9500,200
2015-09-14 13:28:10,570.6500,570.8000,570.6500,570.6500,400
2015-09-14 13:29:07,570.9500,571.1500,570.5500,570.6000,1800
2015-09-14 13:30:15,571.0000,571.2000,570.9000,571.1500,1000
2015-09-14 13:31:59,571.0500,571.0500,571.0500,571.0500,0
2015-09-14 13:32:08,571.3000,571.3000,571.0500,571.0500,300
2015-09-14 13:33:58,571.2500,571.2500,571.2500,571.2500,0
2015-09-14 13:34:01,571.3500,571.4000,571.1500,571.2000,1300
2015-09-14 13:35:59,571.2500,571.3500,571.2500,571.3000,600
2015-09-14 13:36:00,571.1500,571.2500,571.1500,571.2500,900
2015-09-14 13:37:02,571.4000,571.4000,571.1500,571.1500,300
2015-09-14 13:38:23,571.0000,571.3000,570.8500,571.1500,2200
2015-09-14 13:39:03,571.2000,571.3500,570.9000,571.3500,1000
2015-09-14 13:40:20,570.7500,571.2000,570.6000,571.2000,2700
2015-09-14 13:41:10,571.2000,571.3000,570.9000,570.9000,4400
2015-09-14 13:42:59,571.7000,571.7000,571.2500,571.3000,5000
2015-09-14 13:43:59,572.2000,572.2000,571.5500,571.7000,7300
2015-09-14 13:44:59,573.7000,573.7000,572.0000,572.0000,19300
2015-09-14 13:45:00,573.0500,573.6000,572.5000,573.4500,23600
2015-09-14 13:46:00,572.3000,573.2000,572.1500,573.0500,3100
2015-09-14 13:47:04,572.0500,572.3000,571.4500,572.3000,2700
2015-09-14 13:48:02,572.8000,572.8500,572.0500,572.0500,8100
2015-09-14 13:49:02,573.4000,573.4000,572.4000,572.4000,4200
2015-09-14 13:50:02,572.9000,573.6000,572.0000,573.4000,9400
2015-09-14 13:51:00,572.9000,573.3500,572.1000,572.5000,3100
2015-09-14 13:52:01,573.2500,573.3500,572.6000,572.8000,2400
2015-09-14 13:53:00,572.8000,573.0500,572.2500,572.6500,5600
2015-09-14 13:54:03,572.4500,573.0000,572.4000,572.8000,2200
2015-09-14 13:55:07,572.1500,572.4500,571.8000,572.2500,2900
2015-09-14 13:56:06,572.1500,572.4500,572.1500,572.1500,500
2015-09-14 13:57:14,572.3500,572.5500,572.1500,572.3000,1900
2015-09-14 13:58:04,571.8500,572.3500,571.8500,572.2000,3200
2015-09-14 13:59:11,572.7000,572.9000,571.9500,571.9500,1800
2015-09-14 14:00:19,572.6500,572.6500,572.2500,572.2500,700
2015-09-14 14:01:24,572.2500,572.5000,572.2500,572.2500,200
2015-09-14 14:02:59,572.4500,572.7500,571.9000,572.2000,15900
2015-09-14 14:03:00,571.8000,572.4500,571.6000,572.4500,700
2015-09-14 14:04:00,571.6500,572.0000,571.6500,571.8000,2200
2015-09-14 14:05:03,571.8500,571.8500,571.6500,571.8000,800
2015-09-14 14:06:59,572.0500,572.4500,571.6500,571.6500,4000
2015-09-14 14:07:00,572.0000,572.4000,571.9500,572.0000,2300
2015-09-14 14:08:01,571.9500,572.0000,571.9500,572.0000,300
2015-09-14 14:09:27,571.9000,572.1000,571.9000,571.9500,1600
2015-09-14 14:10:15,572.0500,572.0500,571.7500,571.9500,3100
2015-09-14 14:11:06,572.0000,572.3500,571.7500,572.0000,1900
2015-09-14 14:12:07,572.3000,572.3500,571.7500,571.9500,5900
2015-09-14 14:13:59,572.3000,572.4500,571.9500,572.0000,6900
2015-09-14 14:14:01,572.0500,572.3000,571.7500,572.2500,1100
2015-09-14 14:15:00,571.4000,572.0000,571.3500,571.8500,2300
2015-09-14 14:16:01,571.5000,572.0000,571.1000,571.7500,2900
2015-09-14 14:17:58,571.5000,571.5000,571.2000,571.2000,1500
2015-09-14 14:18:00,571.4500,571.7500,571.4000,571.5000,2100
2015-09-14 14:19:02,571.5000,571.7500,571.5000,571.6500,300
2015-09-14 14:20:06,571.5000,571.7500,571.3500,571.5000,2600
2015-09-14 14:21:09,571.4000,571.5000,571.4000,571.5000,300
2015-09-14 14:22:04,571.4500,571.8500,571.4000,571.4000,2100
2015-09-14 14:23:59,572.5000,572.5500,571.8000,571.9000,11500
2015-09-14 14:24:00,572.4000,572.5000,571.9500,572.5000,7700
2015-09-14 14:25:10,572.0000,572.3000,571.9500,572.3000,800
2015-09-14 14:26:59,572.0000,572.0000,571.9500,571.9500,1100
2015-09-14 14:27:59,572.0500,572.4000,571.9500,572.0000,8400
2015-09-14 14:28:00,572.6500,572.6500,572.0000,572.0500,10300
2015-09-14 14:29:59,571.4500,572.7000,571.2000,572.6500,6400
2015-09-14 14:30:00,569.5000,571.7000,569.0000,571.4500,20100
2015-09-14 14:31:59,569.0000,570.0000,569.0000,569.0500,8400
2015-09-14 14:32:59,568.3500,569.3000,568.2500,569.0000,10000
2015-09-14 14:33:00,569.1000,569.1500,568.3500,568.4500,5900
2015-09-14 14:34:59,569.9000,570.3500,569.2000,569.2500,271300
2015-09-14 14:35:00,570.5500,570.8500,569.5000,569.9000,26100
2015-09-14 14:36:02,570.3500,570.8000,570.2500,570.3000,2900
2015-09-14 14:37:59,571.6000,571.6000,570.3500,570.4500,3100
2015-09-14 14:38:00,570.6500,571.7000,570.6500,571.5000,9000
2015-09-14 14:39:01,569.8000,570.5500,569.4500,570.5000,3300
2015-09-14 14:40:00,569.8500,570.0000,569.3500,569.8000,1800
2015-09-14 14:41:00,569.7000,570.0000,569.5000,569.8000,600
2015-09-14 14:42:02,571.0000,571.2000,569.7000,569.7000,2400
2015-09-14 14:43:03,571.2000,571.2500,570.8000,570.9000,3400
2015-09-14 14:44:05,571.0500,571.2500,571.0500,571.2000,2300
2015-09-14 14:45:59,571.2000,571.7500,571.0500,571.0500,2600
2015-09-14 14:46:00,571.5000,571.7000,571.2000,571.2000,2800
2015-09-14 14:47:59,572.3000,572.3000,571.2000,571.5000,4600
2015-09-14 14:48:00,571.9500,572.4000,571.6500,572.3000,4600
2015-09-14 14:49:02,572.0000,572.1500,571.6000,571.9000,3300
2015-09-14 14:50:09,572.0000,572.1000,571.7000,572.0000,3200
2015-09-14 14:51:08,571.9500,572.3000,571.7000,571.9500,1700
2015-09-14 14:52:02,572.1500,572.9500,571.2500,571.8000,12800
2015-09-14 14:53:00,572.0000,572.1500,571.9500,572.0000,1800
2015-09-14 14:54:01,572.2000,572.6500,571.9500,571.9500,3500
2015-09-14 14:55:06,572.5000,572.5000,572.2000,572.2000,2700
2015-09-14 14:56:58,572.0500,572.5000,572.0000,572.2500,4000
2015-09-14 14:57:00,572.2000,572.4500,572.0000,572.2000,5700
2015-09-14 14:58:59,572.0500,572.4000,572.0500,572.2000,3000
2015-09-14 14:59:00,571.5000,572.1500,571.3500,572.0500,4000
2015-09-14 15:00:01,572.1500,572.1500,571.5500,571.5500,5200
2015-09-14 15:01:59,572.5000,572.7000,572.1500,572.1500,7300
2015-09-14 15:02:00,572.3000,573.0000,572.2500,572.7000,10600
2015-09-14 15:03:06,572.1000,572.7500,572.1000,572.4500,8100
2015-09-14 15:04:00,571.6000,572.2500,571.6000,572.2500,8100
2015-09-14 15:05:07,571.7000,572.0000,571.5500,571.6000,7300
2015-09-14 15:06:59,571.8500,572.0000,571.7000,572.0000,6500
2015-09-14 15:07:59,573.1000,573.2000,571.8000,571.8500,15300
2015-09-14 15:08:59,572.8500,573.4500,572.5000,572.8000,15200
2015-09-14 15:09:00,573.0000,573.3500,572.4500,572.4500,12000
2015-09-14 15:10:01,573.0500,573.6000,573.0000,573.0000,15700
2015-09-14 15:11:01,572.1500,573.2000,572.1500,573.2000,8000
2015-09-14 15:12:01,572.1000,572.6500,572.1000,572.2000,6500
2015-09-14 15:13:00,571.8500,572.2000,571.8000,572.1000,11200
2015-09-14 15:14:02,571.9000,572.2500,571.8500,571.8500,14100
2015-09-14 15:15:01,571.6500,572.0000,571.5000,572.0000,12800
2015-09-14 15:16:00,571.3500,572.1000,571.1000,571.6500,12700
2015-09-14 15:17:59,572.7000,572.9500,571.2500,571.2500,20200
2015-09-14 15:18:00,572.0000,573.0500,571.6000,573.0000,13800
2015-09-14 15:19:59,570.8500,571.7500,570.6500,571.6000,11700
2015-09-14 15:20:00,570.6500,570.8500,570.6500,570.8500,18300
2015-09-14 15:21:01,570.7500,572.0000,570.6500,570.6500,16000
2015-09-14 15:22:01,570.8000,570.9500,570.7500,570.8000,10000
2015-09-14 15:23:02,570.3500,570.8500,570.3500,570.8500,11200
2015-09-14 15:24:01,570.2000,570.5000,570.2000,570.5000,12400
2015-09-14 15:25:59,570.0000,570.2500,569.7500,570.2500,11000
2015-09-14 15:26:00,569.9500,570.0500,569.9500,570.0000,7100
2015-09-14 15:27:02,569.9500,570.0000,569.9500,570.0000,8000
2015-09-14 15:28:59,570.1000,570.2000,569.9000,570.0000,26200
2015-09-14 15:29:00,570.0000,570.0000,570.0000,570.0000,0
2015-09-15 09:15:00,568.1500,570.0000,567.7500,570.0000,6000
2015-09-15 09:16:01,568.1500,568.4000,568.1500,568.1500,2700
2015-09-15 09:17:00,569.0000,569.0000,568.0500,568.0500,2700
2015-09-15 09:18:02,569.0000,569.0000,568.5500,568.5500,900
2015-09-15 09:19:00,568.7500,568.9000,568.7000,568.8500,2300
2015-09-15 09:20:01,568.6500,568.7500,568.4000,568.5000,600
2015-09-15 09:21:07,568.3500,569.0000,568.3500,568.6000,2000
2015-09-15 09:22:18,568.8000,568.8500,568.7000,568.7000,600
2015-09-15 09:23:59,569.2000,569.3500,568.8500,568.8500,1500
2015-09-15 09:24:00,568.6000,569.2000,568.5000,569.2000,1300
2015-09-15 09:25:02,568.3000,568.6000,568.3000,568.6000,1300
2015-09-15 09:26:06,568.2000,568.4000,567.4000,568.4000,2500
2015-09-15 09:27:01,567.9000,568.2000,567.5500,568.2000,1500
2015-09-15 09:28:00,568.4000,568.4000,567.6500,567.8500,2700
2015-09-15 09:29:04,568.6000,569.0000,568.3000,568.4500,900
2015-09-15 09:30:15,569.5000,569.5000,568.9500,568.9500,1800
2015-09-15 09:31:59,568.7500,569.6000,568.7500,569.6000,2700
2015-09-15 09:32:00,567.8000,568.9000,567.4000,568.7500,3400
2015-09-15 09:33:01,568.5500,568.5500,567.6000,567.6000,2500
2015-09-15 09:34:05,568.4500,568.4500,568.2000,568.2000,1300
2015-09-15 09:35:08,568.4500,568.4500,568.2500,568.2500,1300
2015-09-15 09:36:59,568.3500,568.4000,568.3500,568.4000,1000
2015-09-15 09:37:59,568.3000,568.4000,568.3000,568.4000,800
2015-09-15 09:38:00,568.7000,568.7500,568.0000,568.1000,6400
2015-09-15 09:39:13,568.1000,569.0000,568.0000,568.9500,3500
2015-09-15 09:40:05,568.2000,568.4000,568.0000,568.4000,1700
2015-09-15 09:41:01,568.1500,568.2500,568.1500,568.2000,1600
2015-09-15 09:42:03,568.2000,568.2000,568.0000,568.1000,1800
2015-09-15 09:43:01,568.4000,568.4000,568.2500,568.2500,800
2015-09-15 09:44:03,568.3000,568.4500,568.3000,568.4000,1300
2015-09-15 09:45:04,568.9500,568.9500,568.3000,568.4000,1500
2015-09-15 09:46:59,569.5000,569.5000,568.9500,568.9500,900
2015-09-15 09:47:00,569.1000,569.2500,568.8000,569.2500,3500
2015-09-15 09:48:00,569.8000,569.8000,569.1000,569.1000,4100
2015-09-15 09:49:01,570.5000,570.7000,569.8000,569.8000,6100
2015-09-15 09:50:59,571.5000,571.5000,570.5500,570.5500,2600
2015-09-15 09:51:00,571.2500,571.9000,571.2500,571.3500,2500
2015-09-15 09:52:03,570.5000,571.4500,570.5000,571.2500,2900
2015-09-15 09:53:02,570.4500,570.5000,570.2500,570.5000,1600
2015-09-15 09:54:01,570.0500,570.8500,570.0500,570.4500,2200
2015-09-15 09:55:20,570.3000,570.3000,570.0500,570.1500,900
2015-09-15 09:56:01,570.8000,570.8000,570.2000,570.2000,1400
2015-09-15 09:57:00,570.7000,570.8000,570.6000,570.6000,1300
2015-09-15 09:58:03,570.5000,570.7000,570.3500,570.7000,1100
2015-09-15 09:59:00,570.6500,570.9000,570.3500,570.5000,1500
2015-09-15 10:00:00,571.5000,571.5000,570.1500,570.6500,2000
2015-09-15 10:01:03,571.7000,571.8000,571.5500,571.5500,1100
2015-09-15 10:02:01,571.7000,571.8000,571.7000,571.8000,1000
2015-09-15 10:03:01,571.8500,571.8500,571.5000,571.6500,1100
2015-09-15 10:04:19,572.0000,572.0000,572.0000,572.0000,1000
2015-09-15 10:05:01,573.0000,573.0000,572.0000,572.2500,5400
2015-09-15 10:06:00,572.3500,572.9500,571.8000,572.5500,5900
2015-09-15 10:07:00,572.2500,572.2500,572.0000,572.2000,1000
2015-09-15 10:08:08,571.0000,572.2500,571.0000,572.0000,9100
2015-09-15 10:09:01,570.8500,571.0000,570.7500,570.7500,500
2015-09-15 10:10:07,570.8000,571.0000,570.8000,571.0000,2800
2015-09-15 10:11:00,570.7000,570.8000,570.5000,570.8000,900
2015-09-15 10:12:08,570.9500,570.9500,570.6000,570.7500,900
2015-09-15 10:13:00,571.6500,571.7000,571.0000,571.0000,800
2015-09-15 10:14:02,571.5500,571.6500,571.5500,571.5500,1800
2015-09-15 10:15:16,571.5500,571.6000,571.5500,571.5500,900
2015-09-15 10:16:59,571.1500,571.5500,571.1500,571.5500,1100
2015-09-15 10:17:00,570.6500,571.1500,570.6000,571.1500,700
2015-09-15 10:18:59,570.3000,570.7000,570.2500,570.7000,6100
2015-09-15 10:19:00,569.7500,570.2500,569.6000,570.2500,6900
2015-09-15 10:20:05,570.4000,570.5500,570.0000,570.0000,3300
2015-09-15 10:21:02,570.6500,570.7500,570.4000,570.4000,800
2015-09-15 10:22:59,570.7500,570.9000,570.6500,570.7000,500
2015-09-15 10:23:59,570.8500,570.8500,570.7500,570.7500,1500
2015-09-15 10:24:00,570.2500,570.8000,570.2500,570.8000,4600
2015-09-15 10:25:09,570.8500,570.9000,570.3000,570.5000,800
2015-09-15 10:26:01,571.0000,571.0000,570.9000,570.9000,400
2015-09-15 10:27:11,570.9000,571.0000,570.9000,571.0000,900
2015-09-15 10:28:54,570.9000,571.0000,570.9000,570.9000,500
2015-09-15 10:29:03,571.0000,571.0000,570.9000,571.0000,200
2015-09-15 10:30:18,572.0000,572.0000,571.0000,571.0000,1700
2015-09-15 10:31:04,571.9000,572.0000,571.8000,572.0000,1100
2015-09-15 10:32:01,571.9500,571.9500,571.8500,571.9000,1400
2015-09-15 10:33:06,571.9500,571.9500,571.8500,571.9500,600
2015-09-15 10:34:04,571.5000,571.9500,571.5000,571.9000,800
2015-09-15 10:35:17,571.8000,571.8000,571.5000,571.5000,200
2015-09-15 10:36:04,571.8000,572.0000,571.7000,571.7000,800
2015-09-15 10:37:00,572.0000,572.0000,571.8000,572.0000,2200
2015-09-15 10:38:03,571.9500,572.0000,571.9000,572.0000,1200
2015-09-15 10:39:05,571.5500,572.0000,571.5500,572.0000,1300
2015-09-15 10:40:11,571.8000,572.0000,571.6000,571.8000,100
2015-09-15 10:41:03,571.9500,572.0000,571.9000,572.0000,2700
2015-09-15 10:42:59,571.9500,572.0000,571.9500,571.9500,1500
2015-09-15 10:43:59,571.2500,572.0000,571.1000,571.9500,3600
2015-09-15 10:44:00,571.0000,571.6000,571.0000,571.6000,2600
2015-09-15 10:45:10,570.9000,570.9000,570.7500,570.9000,1100
2015-09-15 10:46:01,571.3000,571.4500,570.9000,570.9000,1000
2015-09-15 10:47:15,571.4500,571.9000,571.3000,571.3000,300
2015-09-15 10:48:08,571.9000,571.9000,571.6000,571.6000,200
2015-09-15 10:49:18,571.8000,571.9000,571.6500,571.9000,400
2015-09-15 10:50:13,571.8500,571.9000,571.8000,571.8500,500
2015-09-15 10:51:01,571.9500,572.0000,571.8500,571.8500,700
2015-09-15 10:52:02,571.6500,572.0000,571.6000,572.0000,2000
2015-09-15 10:53:11,571.6500,572.0000,571.6500,571.6500,500
2015-09-15 10:54:13,571.9500,572.0000,571.8000,572.0000,1100
2015-09-15 10:55:00,571.9500,572.0000,571.9500,572.0000,800
2015-09-15 10:56:07,571.9500,572.0000,571.9500,572.0000,300
2015-09-15 10:57:00,571.6500,572.0000,571.6500,571.9500,1600
2015-09-15 10:58:03,571.7500,572.0000,571.6500,571.6500,300
2015-09-15 10:59:08,571.9000,572.0000,571.8000,572.0000,800
2015-09-15 11:00:59,572.0000,572.0000,571.9000,572.0000,300
2015-09-15 11:01:00,571.9500,572.0000,571.9000,571.9000,300
2015-09-15 11:02:02,571.9500,572.0000,571.9500,572.0000,800
2015-09-15 11:03:59,571.9500,572.0000,571.9500,572.0000,1500
2015-09-15 11:04:00,572.0000,572.0000,571.9500,571.9500,400
2015-09-15 11:05:00,571.9500,572.0000,571.9500,572.0000,2400
2015-09-15 11:06:04,571.9500,572.0000,571.9500,572.0000,1500
2015-09-15 11:07:59,571.9500,572.0000,571.9500,572.0000,900
2015-09-15 11:08:59,572.0000,572.0000,571.9500,571.9500,700
2015-09-15 11:09:00,571.6500,572.1000,571.5500,571.9500,2800
2015-09-15 11:10:16,571.5000,572.0000,571.5000,572.0000,1100
2015-09-15 11:11:58,571.8000,571.8000,571.6000,571.8000,500
2015-09-15 11:12:00,571.7500,571.8000,571.7000,571.7000,400
2015-09-15 11:13:01,571.7500,572.0000,571.7500,571.8000,700
2015-09-15 11:14:01,571.9000,572.0000,571.8500,571.8500,700
2015-09-15 11:15:02,571.9500,572.0000,571.9000,572.0000,300
2015-09-15 11:16:59,571.8500,572.0000,571.8000,571.9500,1500
2015-09-15 11:17:00,571.8000,571.9500,571.8000,571.8500,600
2015-09-15 11:18:07,571.8000,571.9500,571.8000,571.9500,400
2015-09-15 11:19:15,571.9500,571.9500,571.8000,571.9500,100
2015-09-15 11:20:59,571.9000,571.9500,571.8000,571.9500,400
2015-09-15 11:21:00,570.8500,571.8500,570.8500,571.8500,1300
2015-09-15 11:22:00,571.0000,571.5000,570.5000,570.5500,1900
2015-09-15 11:23:02,571.0000,571.3500,570.9500,570.9500,600
2015-09-15 11:24:04,571.0000,571.0000,570.8500,570.9500,1700
2015-09-15 11:25:01,571.0500,571.5000,571.0000,571.1500,700
2015-09-15 11:26:07,571.1000,571.3500,571.0500,571.0500,200
2015-09-15 11:27:06,571.3500,571.5000,571.1000,571.5000,700
2015-09-15 11:28:03,571.9000,572.0000,571.4500,571.4500,1600
2015-09-15 11:29:02,571.9000,571.9500,571.9000,571.9000,600
2015-09-15 11:30:09,571.9000,572.0000,571.9000,571.9000,300
2015-09-15 11:31:58,571.9500,572.0000,571.9000,571.9000,1200
2015-09-15 11:32:00,571.9500,572.0000,571.9500,572.0000,800
2015-09-15 11:33:07,571.9500,572.0000,571.9500,572.0000,600
2015-09-15 11:34:59,571.9000,572.0000,571.8500,572.0000,1300
2015-09-15 11:35:00,572.0000,572.0000,571.9000,571.9000,400
2015-09-15 11:36:03,571.9500,572.0500,571.9500,572.0000,1200
2015-09-15 11:37:10,571.7500,572.0000,571.7500,572.0000,1400
2015-09-15 11:38:09,571.8000,571.9000,571.7500,571.7500,400
2015-09-15 11:39:10,571.9000,572.0000,571.8000,571.9500,1000
2015-09-15 11:40:02,571.9500,572.0000,571.9000,572.0000,800
2015-09-15 11:41:03,571.2000,572.0000,571.2000,572.0000,1700
2015-09-15 11:42:13,571.7000,571.8500,571.6000,571.6000,300
2015-09-15 11:43:05,571.7000,571.9500,571.7000,571.8500,100
2015-09-15 11:44:59,571.9500,572.0000,571.7000,571.9500,1400
2015-09-15 11:45:00,571.9500,572.0000,571.9500,572.0000,1000
2015-09-15 11:46:59,571.9500,572.0000,571.9500,572.0000,400
2015-09-15 11:47:00,571.9500,572.0000,571.9500,571.9500,1100
2015-09-15 11:48:06,571.9500,572.0000,571.9500,572.0000,400
2015-09-15 11:49:59,571.9500,572.0000,571.9500,571.9500,1000
2015-09-15 11:50:00,571.9500,572.0000,571.9500,571.9500,300
2015-09-15 11:51:03,572.0000,572.0000,571.9500,571.9500,100
2015-09-15 11:52:01,571.9500,572.0000,571.9500,571.9500,600
2015-09-15 11:53:59,572.0000,572.0000,571.9500,571.9500,200
2015-09-15 11:54:00,571.9500,572.0000,571.9500,572.0000,500
2015-09-15 11:55:05,571.9500,572.0000,571.9500,572.0000,5100
2015-09-15 11:56:06,571.9500,572.0000,571.9500,572.0000,1600
2015-09-15 11:57:03,572.0000,572.0000,571.9500,571.9500,600
2015-09-15 11:58:04,572.0000,572.4000,571.9500,572.0000,5700
2015-09-15 11:59:02,572.1500,572.6000,572.0500,572.5000,7100
2015-09-15 12:00:59,572.5500,572.8000,572.3500,572.3500,1100
2015-09-15 12:01:59,572.8500,573.0000,572.5500,572.5500,3000
2015-09-15 12:02:01,573.0000,573.0000,572.8500,572.8500,1600
2015-09-15 12:03:59,573.8000,573.8500,572.8500,573.0000,5200
2015-09-15 12:04:59,573.7000,574.0000,573.5500,573.8000,5400
2015-09-15 12:05:59,573.7500,574.0000,573.7000,573.7000,900
2015-09-15 12:06:59,573.7000,573.8500,573.4500,573.7500,2200
2015-09-15 12:07:59,573.4500,573.6500,573.4500,573.6000,2000
2015-09-15 12:08:01,573.5500,573.6000,573.4500,573.4500,400
2015-09-15 12:09:59,573.2000,573.6000,573.2000,573.5500,2400
2015-09-15 12:10:00,573.2000,573.4000,573.2000,573.2000,1000
2015-09-15 12:11:04,572.5000,573.2500,572.2500,573.2500,1500
2015-09-15 12:12:04,572.1000,572.6000,572.1000,572.5000,900
2015-09-15 12:13:59,571.6000,572.1500,571.3000,572.1500,1800
2015-09-15 12:14:00,571.0000,571.6500,571.0000,571.6000,1800
2015-09-15 12:15:02,571.0000,571.0500,570.7500,571.0000,10200
2015-09-15 12:16:59,571.5500,571.7500,571.0000,571.0000,1400
2015-09-15 12:17:00,571.6000,572.0000,571.5500,571.5500,600
2015-09-15 12:18:01,571.7000,572.0000,571.6000,571.7500,1500
2015-09-15 12:19:11,570.9500,571.7000,570.1500,571.7000,6700
2015-09-15 12:20:01,570.4000,570.6500,569.9500,570.4500,2500
2015-09-15 12:21:00,570.7500,570.8000,570.1500,570.1500,900
2015-09-15 12:22:05,570.8000,570.8000,570.3500,570.7500,900
2015-09-15 12:23:00,571.0000,571.0000,570.6500,570.8000,500
2015-09-15 12:24:06,570.8500,571.2000,570.7000,570.8500,1600
2015-09-15 12:25:03,570.5500,571.2000,570.5500,570.8500,1600
2015-09-15 12:26:15,570.1500,570.5500,570.0000,570.5500,5700
2015-09-15 12:27:59,569.5000,570.0000,569.5000,570.0000,5600
2015-09-15 12:28:00,569.7500,570.0000,569.5000,569.5000,900
2015-09-15 12:29:00,570.7000,570.7000,569.7500,569.7500,1200
2015-09-15 12:30:05,570.6500,570.7000,570.5500,570.5500,200
2015-09-15 12:31:00,570.6500,570.7500,570.6000,570.6500,700
2015-09-15 12:32:01,570.8500,570.8500,570.7500,570.7500,100
2015-09-15 12:33:00,570.7500,571.4000,570.7500,570.8500,3400
2015-09-15 12:34:12,570.9500,571.0000,570.5500,570.7500,1200
2015-09-15 12:35:59,571.1000,571.1500,571.0000,571.0000,400
2015-09-15 12:36:00,571.2500,571.3500,571.1000,571.1000,100
2015-09-15 12:37:59,571.4000,571.7000,570.9500,571.3500,1500
2015-09-15 12:38:00,571.6000,571.9000,571.5000,571.5000,200
2015-09-15 12:39:22,571.6500,571.9000,571.6000,571.8000,600
2015-09-15 12:40:59,571.6500,571.9000,571.6500,571.8500,800
2015-09-15 12:41:00,571.8500,571.9000,571.5500,571.6500,200
2015-09-15 12:42:04,571.7000,571.9000,571.7000,571.9000,1000
2015-09-15 12:43:10,571.5000,571.9000,571.5000,571.7500,400
2015-09-15 12:44:00,571.1000,571.5000,571.0000,571.5000,400
2015-09-15 12:45:04,571.0000,571.2000,571.0000,571.2000,400
2015-09-15 12:46:11,571.0000,571.0500,571.0000,571.0500,700
2015-09-15 12:47:01,571.0000,571.3000,570.9500,571.0000,1700
2015-09-15 12:48:22,571.4500,571.8000,571.3000,571.3000,300
2015-09-15 12:49:04,571.1000,571.5500,571.1000,571.4500,1200
2015-09-15 12:50:20,571.5500,571.5500,571.3000,571.5000,500
2015-09-15 12:51:06,571.8000,571.8000,571.5500,571.5500,100
2015-09-15 12:52:06,571.7500,571.8000,571.7000,571.7000,300
2015-09-15 12:53:14,571.7500,571.8000,571.7500,571.8000,300
2015-09-15 12:54:57,571.8000,571.9000,571.7500,571.7500,300
2015-09-15 12:55:00,571.4500,571.9000,571.4500,571.8000,1400
2015-09-15 12:56:09,571.3000,571.6000,571.1500,571.6000,900
2015-09-15 12:57:02,571.3500,571.5500,571.3000,571.3000,500
2015-09-15 12:58:06,571.5000,571.8000,571.4000,571.5500,1000
2015-09-15 12:59:14,571.5500,571.7500,571.5000,571.5000,200
2015-09-15 13:00:09,571.1500,571.7500,571.1500,571.5500,700
2015-09-15 13:01:05,570.9500,571.2000,570.9000,571.1500,1200
2015-09-15 13:02:07,571.0000,571.0000,570.9000,570.9500,900
2015-09-15 13:03:03,571.0000,571.0000,570.9500,570.9500,500
2015-09-15 13:04:18,571.0000,571.0000,570.9500,571.0000,200
2015-09-15 13:05:13,571.0000,571.0000,570.9500,570.9500,300
2015-09-15 13:06:59,571.2500,571.2500,571.0000,571.0000,300
2015-09-15 13:07:59,571.3500,571.5000,571.1500,571.2500,300
2015-09-15 13:08:00,571.4500,571.4500,571.3000,571.3500,100
2015-09-15 13:09:00,571.3500,571.4500,571.3000,571.3000,400
2015-09-15 13:10:13,571.3500,571.4500,571.3500,571.3500,500
2015-09-15 13:11:59,571.4500,571.4500,571.3500,571.3500,100
2015-09-15 13:12:00,571.3500,571.4500,571.3500,571.3500,2000
2015-09-15 13:13:04,571.4500,571.6500,571.3500,571.4500,400
2015-09-15 13:14:04,571.5000,571.7000,571.5000,571.7000,1100
2015-09-15 13:15:09,571.5500,571.7000,571.5000,571.5000,0
2015-09-15 13:16:06,571.7000,571.7000,571.5500,571.5500,100
2015-09-15 13:17:00,571.6500,571.7000,571.6000,571.7000,600
2015-09-15 13:18:04,571.6500,571.7000,571.6500,571.6500,700
2015-09-15 13:19:59,571.7000,571.7000,571.6500,571.7000,100
2015-09-15 13:20:00,571.4500,571.7000,571.4000,571.6500,1500
2015-09-15 13:21:02,570.8000,571.4000,570.8000,571.4000,2900
2015-09-15 13:22:03,570.8500,570.8500,570.5500,570.8000,1400
2015-09-15 13:23:25,570.8500,570.8500,570.8500,570.8500,200
2015-09-15 13:24:02,570.9000,570.9000,570.8500,570.8500,500
2015-09-15 13:25:00,571.0500,571.2500,570.9500,571.0000,400
2015-09-15 13:26:59,571.4500,571.4500,571.0500,571.1000,700
2015-09-15 13:27:00,571.6500,571.7000,571.3000,571.3000,300
2015-09-15 13:28:59,571.8000,571.8000,571.7000,571.8000,100
2015-09-15 13:29:00,571.2500,571.8000,571.2500,571.7500,1700
2015-09-15 13:30:05,571.3000,571.4000,571.2500,571.3500,700
2015-09-15 13:31:18,571.2000,571.3500,571.2000,571.3000,1300
2015-09-15 13:32:03,570.4000,571.0000,570.4000,571.0000,2200
2015-09-15 13:33:07,570.0000,570.4000,570.0000,570.3500,4200
2015-09-15 13:34:02,569.2500,570.0000,569.0500,570.0000,3500
2015-09-15 13:35:01,569.8500,569.8500,569.0500,569.2500,6500
2015-09-15 13:36:01,569.7000,569.9000,569.5500,569.9000,1300
2015-09-15 13:37:03,570.1000,570.1000,569.7000,569.7000,600
2015-09-15 13:38:03,570.8000,570.8000,570.0000,570.0000,700
2015-09-15 13:39:01,570.7000,570.8000,570.5500,570.8000,800
2015-09-15 13:40:10,570.8500,571.0000,570.7500,570.8000,1000
2015-09-15 13:41:59,571.3500,571.7500,570.8500,570.8500,2200
2015-09-15 13:42:59,571.4500,571.4500,571.3500,571.3500,300
2015-09-15 13:43:00,571.4000,571.4500,571.3500,571.3500,1300
2015-09-15 13:44:59,571.3500,571.4500,571.3500,571.3500,500
2015-09-15 13:45:00,570.7500,571.4500,570.7500,571.4500,1300
2015-09-15 13:46:21,570.8000,571.0000,570.8000,571.0000,100
2015-09-15 13:47:01,570.8500,571.0000,570.8000,570.8000,1000
2015-09-15 13:48:02,570.9000,571.0000,570.8500,571.0000,1400
2015-09-15 13:49:03,570.9000,571.1000,570.9000,570.9500,2400
2015-09-15 13:50:09,570.9000,571.1000,570.9000,571.0000,1000
2015-09-15 13:51:03,570.9000,571.0500,570.9000,570.9000,700
2015-09-15 13:52:17,570.9500,571.1500,570.9000,571.0000,700
2015-09-15 13:53:59,570.9500,571.1000,570.9500,571.1000,800
2015-09-15 13:54:00,570.3500,571.0000,570.3500,570.9500,1000
2015-09-15 13:55:02,569.9000,570.3000,569.8500,570.2000,1500
2015-09-15 13:56:14,570.0000,570.1500,569.9000,569.9000,1800
2015-09-15 13:57:02,569.7500,570.0000,569.7500,569.8000,600
2015-09-15 13:58:02,570.0500,570.0500,569.6500,570.0000,2000
2015-09-15 13:59:04,570.0500,570.0500,570.0000,570.0000,600
2015-09-15 14:00:01,569.7500,570.0500,569.6000,570.0500,1100
2015-09-15 14:01:03,569.7000,569.9000,569.7000,569.7500,200
2015-09-15 14:02:59,569.7000,569.8500,569.6500,569.7000,1300
2015-09-15 14:03:59,569.7500,570.0000,569.7000,569.7000,3900
2015-09-15 14:04:59,569.2500,569.7500,569.2500,569.7500,3700
2015-09-15 14:05:59,569.5000,569.7000,569.2500,569.2500,1000
2015-09-15 14:06:59,569.5000,569.6000,569.4000,569.5000,1600
2015-09-15 14:07:59,569.3500,569.5000,569.1500,569.1500,1800
2015-09-15 14:08:59,569.2500,569.9000,569.2500,569.3500,2200
2015-09-15 14:09:00,569.3000,569.4000,569.1000,569.2500,1300
2015-09-15 14:10:59,569.2000,569.4000,569.2000,569.3000,900
2015-09-15 14:11:59,569.2000,569.3000,569.2000,569.2000,600
2015-09-15 14:12:59,569.4000,569.4000,569.2000,569.2000,1600
2015-09-15 14:13:59,569.5500,569.9000,569.3000,569.4000,1500
2015-09-15 14:14:59,569.6000,569.7000,569.5500,569.5500,900
2015-09-15 14:15:59,568.2500,569.5500,568.2500,569.5500,4100
2015-09-15 14:16:58,567.7500,568.2000,567.4000,568.2000,7300
2015-09-15 14:17:59,568.0500,568.6500,567.5500,567.5500,12100
2015-09-15 14:18:59,568.5500,568.5500,568.0500,568.0500,2300
2015-09-15 14:19:59,568.8500,569.2000,568.3500,568.5500,5200
2015-09-15 14:20:59,568.3000,568.9000,568.3000,568.8500,3200
2015-09-15 14:21:00,567.9500,568.3000,567.9000,568.3000,2500
2015-09-15 14:22:01,568.3500,568.4000,567.9500,568.2500,900
2015-09-15 14:23:59,568.9500,569.2500,568.3500,568.5000,1200
2015-09-15 14:24:59,569.2500,569.3500,568.9500,568.9500,500
2015-09-15 14:25:59,569.0000,569.3500,569.0000,569.2500,1300
2015-09-15 14:26:59,569.0500,569.1000,568.4000,568.8500,4800
2015-09-15 14:27:59,568.3000,569.0500,568.3000,569.0500,4200
2015-09-15 14:28:00,567.8000,568.3000,567.8000,568.2500,1400
2015-09-15 14:29:59,567.2000,567.9000,567.2000,567.8000,7400
2015-09-15 14:30:59,566.7000,567.3000,566.6000,567.2000,7900
2015-09-15 14:31:59,566.4500,566.6500,566.3500,566.6500,3000
2015-09-15 14:32:59,566.3500,566.4500,566.0500,566.3000,1800
2015-09-15 14:33:00,566.6500,566.9500,566.3500,566.4000,2600
2015-09-15 14:34:01,567.1500,567.7500,566.7500,566.9500,4700
2015-09-15 14:35:58,567.6500,568.0000,567.1500,567.5500,3800
2015-09-15 14:36:00,567.5500,568.0000,567.3000,567.6500,5500
2015-09-15 14:37:02,567.9500,568.0000,567.5500,567.5500,3900
2015-09-15 14:38:02,568.0000,568.2500,567.9500,568.0000,1900
2015-09-15 14:39:00,568.0000,568.2500,567.9500,568.2500,4600
2015-09-15 14:40:02,568.0000,568.1000,567.9500,568.0000,4300
2015-09-15 14:41:01,568.0000,568.2500,567.9500,567.9500,5600
2015-09-15 14:42:01,568.0000,568.4000,567.9500,568.0000,5900
2015-09-15 14:43:03,568.4000,568.4000,567.9500,568.0000,2600
2015-09-15 14:44:02,568.5000,568.5000,568.0000,568.5000,2900
2015-09-15 14:45:01,567.8000,568.7000,567.8000,568.4500,5400
2015-09-15 14:46:01,568.4000,568.7500,567.8000,567.8500,6300
2015-09-15 14:47:03,568.0000,568.6000,568.0000,568.4000,3400
2015-09-15 14:48:01,567.7500,568.2500,567.7500,568.0000,3500
2015-09-15 14:49:59,567.9000,568.0000,567.4500,567.6000,4500
2015-09-15 14:50:00,567.8000,567.9500,567.5000,567.6500,3300
2015-09-15 14:51:00,567.9000,568.0000,567.8000,567.8000,4200
2015-09-15 14:52:02,568.0000,568.0000,567.9500,568.0000,3000
2015-09-15 14:53:00,567.9500,568.0000,567.9500,567.9500,3200
2015-09-15 14:54:01,568.0000,568.0000,567.9500,567.9500,3900
2015-09-15 14:55:02,568.0000,568.0000,568.0000,568.0000,2500
2015-09-15 14:56:01,567.9500,568.0000,567.9500,568.0000,3900
2015-09-15 14:57:59,567.8000,568.0000,567.7500,568.0000,8200
2015-09-15 14:58:00,567.4500,568.0000,567.3000,567.7500,11200
2015-09-15 14:59:01,567.5000,568.0000,567.5000,567.8500,3600
2015-09-15 15:00:02,567.8500,568.0000,567.5000,567.7000,5500
2015-09-15 15:01:00,568.0000,568.0000,567.8500,567.8500,6700
2015-09-15 15:02:59,567.8000,568.0000,567.7000,567.9500,6600
2015-09-15 15:03:59,567.9500,568.0000,567.8000,567.8000,8000
2015-09-15 15:04:59,567.9500,568.0000,567.9500,567.9500,7300
2015-09-15 15:05:59,567.9500,568.0000,567.9500,567.9500,7200
2015-09-15 15:06:00,567.9000,568.0000,567.7000,567.9500,7200
2015-09-15 15:07:00,568.0000,568.0000,567.9000,567.9000,8800
2015-09-15 15:08:59,568.1500,568.4500,567.9500,567.9500,10000
2015-09-15 15:09:00,568.7500,568.9500,568.1500,568.4500,11000
2015-09-15 15:10:59,569.7000,570.2500,568.7500,568.7500,9400
2015-09-15 15:11:59,569.7500,570.7500,569.7000,570.1500,11000
2015-09-15 15:12:59,569.7500,570.1000,569.3500,569.7500,9500
2015-09-15 15:13:00,569.7500,570.7500,569.5000,569.7500,12100
2015-09-15 15:14:59,570.1500,570.4500,569.7000,569.7500,16100
2015-09-15 15:15:59,570.0000,570.3000,569.7500,570.1500,15200
2015-09-15 15:16:59,570.1500,570.7500,569.7500,570.0000,6400
2015-09-15 15:17:59,571.4500,571.9500,570.1000,570.2000,11100
2015-09-15 15:18:59,571.6500,571.8500,571.1000,571.4500,8400
2015-09-15 15:19:00,571.5500,571.8500,571.0000,571.3000,10400
2015-09-15 15:20:00,571.9000,572.0000,571.5000,571.5500,13700
2015-09-15 15:21:01,571.4000,572.0000,571.2000,571.8000,7400
2015-09-15 15:22:00,571.4500,571.8000,570.7500,571.3500,9000
2015-09-15 15:23:00,570.9500,571.7000,570.5000,571.4000,6400
2015-09-15 15:24:58,570.7000,571.3000,570.5000,570.9500,8400
2015-09-15 15:25:59,570.5000,570.9000,570.1000,570.7500,9100
2015-09-15 15:26:59,570.6000,571.3000,570.0500,570.2500,8500
2015-09-15 15:27:59,570.5000,571.2000,570.1000,570.5000,7500
2015-09-15 15:28:59,570.0500,571.8500,570.0000,570.1500,11900
2015-09-15 15:29:00,570.0500,570.0500,570.0500,570.0500,700
